Sa, 15.02.25    13:18:20
687 Winkler-2
2		
47.680
0.000
0.000


 13920
 13984
 14026
 14067
 14138
 14228
 14314
 14421
 14536
 14635
 14730
 14830
 14934
 15036
 15134
 15210
 15297
 15391
 15469
 15538
 15623
 15716
 15793
 15885
 15975
 16076
 16169
 16271
 16375
 16465
 16562
 16654
 16746
 16828
 16931
 17025
 17126
 17235
 17345
 17448
 17558
 17656
 17766
 17884
 17996
 18123
 18230
 18343
 18464
 18584
 18700
 18822
 18935
 19043
 19155
 19268
 19387
 19492
 19626
 19710
 19813
 19934
 20048
 20189
 20315
 20435
 20547
 20655
 20754
 20871
 20984
 21087
 21184
 21299
 21429
 21545
 21676
 21813
 21966
 22110
 22251
 22387
 22504
 22628
 22737
 22867
 22997
 23129
 23255
 23402
 23518
 23645
 23777
 23911
 24058
 24193
 24340
 24472
 24590
 24702
 24827
 24955
 25077
 25209
 25337
 25471
 25607
 25754
 25893
 26048
 26207
 26346
 26470
 26588
 26729
 26877
 27019
 27164
 27321
 27463
 27602
 27740
 27883
 28031
 28172
 28310
 28451
 28591
 28718
 28850
 28989
 29139
 29276
 29437
 29590
 29757
 29917
 30070
 30233
 30371
 30508
 30646
 30780
 30932
 31092
 31242
 31384
 31541
 31686
 31833
 31999
 32173
 32322
 32462
 32606
 32731
 32874
 33021
 33191
 33353
 33503
 33642
 33812
 33981
 34150
 34317
 34458
 34604
 34746
 34897
 35056
 35199
 35371
 35533
 35695
 35846
 36014
 36178
 36321
 36473
 36625
 36768
 36916
 37068
 37243
 37404
 37566
 37710
 37881
 38058
 38225
 38403
 38565
 38714
 38866
 39024
 39177
 39346
 39508
 39668
 39832
 39990
 40179
 40343
 40510
 40656
 40817
 40956
 41104
 41247
 41403
 41579
 41724
 41888
 42076
 42264
 42434
 42604
 42762
 42924
 43091
 43245
 43408
 43559
 43721
 43877
 44040
 44193
 44354
 44533
 44699
 44858
 44998
 45142
 45292
 45456
 45603
 45778
 45944
 46117
 46273
 46439
 46625
 46812
 46981
 47159
 47328
 47492
 47632
 47778
 47929
 48075
 48206
 48369
 48515
 48658
 48798
 48933
 49084
 49221
 49357
 49498
 49639
 49791
 49927
 50086
 50244
 50405
 50576
 50738
 50904
 51101
 51257
 51416
 51613
 51797
 51918
 52038
 52171
 52301
 52431
 52543
 52652
 52809
 52929
 53065
 53103
 53277
 53465
 53616
 53836
 53955
 54076
 54273
 54431
 54587
 54724
 54870
 55001
 55120
 55223
 55374
 55495
 55519
 55613
 55731
 55847
 55955
 56060
 56173
 56266
 56370
 56499
 56617
 56740
 56848
 56964
 57075
 57157
 57256
 57377
 57495
 57578
 57689
 57809
 58664
 58561
 63009
 79632
 79650
 79656
 79671
 79672
 79690
 79687
 79696
 79701
 79707
 79696
 79701
 79712
 79701
 79698
 79712
 79693
 79688
 79695
 79689
 79698
 79696
 79706
 79698
 79690
 79700
 79692
 79711
 79708
 79714
 79720
 79724
 79723
 79719
 79730
 79714
 79719
 79726
 79721
 79717
 79719
 79719
 79721
 79706
 79715
 79730
 79716
 79727
 79720
