Sa, 15.02.25    13:05:42
147 Mensah-2
2		
49.680
0.000
0.000


 21886
 21938
 21987
 22036
 22085
 22125
 22192
 22245
 22295
 22384
 22456
 22526
 22592
 22653
 22705
 22791
 22834
 22877
 22966
 23200
 23336
 23376
 23436
 23475
 23552
 23601
 23687
 23812
 23951
 24054
 24186
 24290
 24332
 24395
 24581
 24511
 24603
 24694
 24819
 24940
 25069
 25156
 25258
 25358
 25481
 25580
 25663
 25734
 25827
 25927
 26013
 26128
 26221
 26328
 26458
 26591
 26697
 26858
 26941
 27077
 27205
 27346
 27440
 27591
 27683
 27883
 27956
 28013
 28147
 28281
 28393
 28491
 28610
 28740
 28877
 29010
 29148
 29280
 29403
 29514
 29626
 29753
 29875
 29998
 30141
 30258
 30395
 30528
 30656
 30798
 30941
 31072
 31203
 31314
 31432
 31577
 31700
 31825
 31958
 32100
 32245
 32389
 32531
 32675
 32824
 32972
 33106
 33246
 33356
 33505
 33649
 33772
 33918
 34068
 34214
 34335
 34490
 34643
 34790
 34947
 35095
 35247
 35396
 35537
 35686
 35845
 35989
 36120
 36261
 36399
 36557
 36726
 36889
 37046
 37188
 37304
 37450
 37586
 37717
 37862
 38031
 38163
 38316
 38460
 38621
 38775
 38929
 39083
 39237
 39391
 39545
 39699
 39853
 40007
 40161
 40315
 40469
 40623
 40777
 40931
 41085
 41239
 41393
 41547
 41701
 41855
 42009
 42163
 42317
 42471
 42625
 42779
 42933
 43087
 43241
 43395
 43549
 43703
 43862
 44020
 44206
 44383
 44598
 44785
 44932
 45064
 45232
 45387
 45509
 45659
 45805
 45959
 46131
 46263
 46421
 46584
 46754
 46898
 47067
 47207
 47368
 47526
 47695
 47867
 48047
 48230
 48388
 48564
 48724
 48874
 49045
 49212
 49365
 49516
 49672
 49851
 50012
 50145
 50272
 50433
 50566
 50717
 50856
 51001
 51150
 51282
 51440
 51605
 51795
 51992
 52163
 52344
 52512
 52686
 52853
 53054
 53204
 53344
 53482
 53628
 53759
 53914
 54055
 54217
 54391
 54544
 54688
 54849
 54989
 55140
 55279
 55420
 55566
 55698
 55814
 55938
 56132
 56292
 56460
 56606
 56761
 56898
 57035
 57190
 57339
 57483
 57613
 57724
 73194
 79685
 79706
 79701
 79701
 79697
 79700
 79711
 79694
 79697
 79700
 79700
 79695
 76616
 60084
 59899
 59971
 73890
 79667
 79668
 79666
 79663
 79665
 79660
 79663
 79662
 79665
 79667
 79670
 79659
 79650
 79676
 79682
 79673
 79663
 79662
 79673
 79669
 79658
 79662
 79666
 79665
 79669
 79664
 79676
 79664
 79669
 79667
 79663
 79669
     0
