Sa, 15.02.25    13:48:00
79 Loewenthal-4
4		
47.680
0.000
0.000


 14273
 14299
 14327
 14367
 14381
 14398
 14412
 14452
 14493
 14517
 14553
 14595
 14620
 14658
 14693
 14732
 14768
 14822
 14914
 14955
 15020
 15089
 15167
 15233
 15336
 15429
 15489
 15595
 15653
 15703
 15764
 15822
 15889
 15954
 16006
 16060
 16140
 16236
 16316
 16393
 16477
 16574
 16664
 16759
 16834
 16911
 16982
 17069
 17159
 17260
 17369
 17453
 17552
 17645
 17771
 17882
 18005
 18126
 18238
 18322
 18419
 18520
 18619
 18719
 18827
 18948
 19057
 19176
 19319
 19444
 19554
 19709
 19824
 19942
 20052
 20158
 20259
 20387
 20493
 20615
 20743
 20867
 20996
 21128
 21248
 21394
 21543
 21677
 21809
 21904
 22017
 22141
 22277
 22416
 22561
 22697
 22838
 22977
 23120
 23262
 23410
 23556
 23692
 23823
 23946
 24079
 24228
 24350
 24496
 24655
 24800
 24952
 25120
 25285
 25433
 25576
 25715
 25843
 25989
 26118
 26255
 26398
 26550
 26709
 26870
 27037
 27196
 27347
 27497
 27640
 27767
 27915
 28065
 28216
 28372
 28538
 28695
 28868
 29038
 29214
 29386
 29546
 29683
 29835
 29960
 30120
 30282
 30439
 30594
 30753
 30928
 31088
 31250
 31398
 31551
 31703
 31856
 32017
 32169
 32338
 32502
 32673
 32839
 33013
 33194
 33361
 33535
 33687
 33834
 33986
 34138
 34295
 34463
 34628
 34803
 34986
 35156
 35327
 35491
 35654
 35807
 35969
 36122
 36274
 36429
 36606
 36784
 36960
 37150
 37345
 37521
 37696
 37840
 37994
 38155
 38309
 38475
 38640
 38821
 39001
 39175
 39336
 39510
 39686
 39855
 40034
 40200
 40347
 40511
 40678
 40859
 41019
 41212
 41377
 41565
 41752
 41930
 42098
 42265
 42436
 42606
 42764
 42914
 43082
 43244
 43414
 43597
 43770
 43937
 44112
 44282
 44452
 44610
 44780
 44945
 45118
 45297
 45465
 45651
 45830
 46023
 46201
 46350
 46511
 46680
 46846
 47019
 47176
 47323
 47472
 47620
 47773
 47914
 48056
 48183
 48305
 48437
 48590
 48725
 48884
 49039
 49180
 49342
 49502
 49671
 49819
 49971
 50126
 50272
 50399
 50534
 50676
 50816
 50959
 51132
 51306
 51451
 51595
 51768
 51794
 52034
 52253
 52415
 52528
 52623
 52730
 52855
 52941
 53090
 53231
 53392
 53537
 53650
 53801
 53941
 54075
 54208
 54335
 54468
 54604
 54735
 54855
 54978
 55110
 55227
 55355
 55479
 55612
 55746
 55879
 55996
 56122
 56235
 56353
 56475
 56595
 56702
 56813
 56938
 57062
 57180
 57305
 57436
 56962
 34578
 34395
 34330
 34285
 34275
 34269
 34269
 34264
 34256
 34253
 34250
 34241
 34231
 34226
 34213
 34205
 34189
 34183
 34172
 34162
 34172
 34164
 34052
 56689
 60568
 60663
 60774
 60862
 60954
 61051
 61141
 61231
 61300
 61401
 61502
 61598
 61704
 61814
 61923
 62029
 62123
 62226
 62319
 62413
 62510
 62584
 62665
 55246
 60515
 62861
 62900
 62952
 63017
 63095
 63203
 63289
 63379
 63487
 63620
 63799
 63982
 64132
 64246
 64388
 69997
 79852
 79847
 79845
 79854
 79854
 79843
 78881
 75969
 75874
 77785
 79841
 79853
 79853
 79868
 79856
 79846
 79859
 79855
 79855
 79858
 79864
 79858
 79846
 79846
 79854
 79866
 79855
 79855
 79852
 79854
 79862
 79849
 79857
