Sa, 15.02.25    14:00:44
794 Nathan-6
6		
49.680
0.000
0.000


 11292
 11327
 11369
 11416
 11469
 11511
 11561
 11597
 11669
 11708
 11761
 11802
 11857
 11890
 11947
 11988
 12039
 12079
 12129
 12183
 12227
 12266
 12321
 12363
 12410
 12466
 12515
 12573
 12642
 12697
 12754
 12815
 12866
 12929
 12974
 13045
 13100
 13141
 13204
 13280
 13335
 13399
 13462
 13524
 13591
 13641
 13723
 13780
 13834
 13894
 13972
 14025
 14105
 14171
 14224
 14281
 14322
 14387
 14448
 14515
 14569
 14658
 14740
 14799
 14913
 15008
 15088
 15190
 15283
 15365
 15459
 15569
 15666
 15747
 15850
 15961
 16043
 16134
 16214
 16309
 16404
 16496
 16598
 16687
 16790
 16920
 17032
 17133
 17240
 17358
 17465
 17568
 17668
 17776
 17879
 17979
 18078
 18193
 18317
 18420
 18527
 18647
 18764
 18883
 19010
 19147
 19261
 19364
 19475
 19596
 19702
 19813
 19914
 20041
 20171
 20287
 20429
 20594
 20672
 20742
 20883
 21035
 21150
 21245
 21384
 21505
 21606
 21705
 21850
 22034
 22233
 22421
 22575
 22677
 22756
 22877
 23017
 23163
 23316
 23459
 23585
 23718
 23845
 23965
 24090
 24225
 24350
 24500
 24650
 24816
 24949
 25069
 25222
 25365
 25520
 25641
 25787
 25920
 26054
 26183
 26312
 26460
 26612
 26752
 26901
 27057
 27228
 27385
 27540
 27687
 27818
 27961
 28095
 28232
 28377
 28529
 28684
 28830
 28994
 29145
 29302
 29454
 29617
 29760
 29927
 30090
 30226
 30366
 30520
 30669
 30824
 30978
 31124
 31284
 31445
 31627
 31790
 31963
 32107
 32249
 32405
 32560
 32709
 32864
 33029
 33189
 33352
 33510
 33697
 33862
 34021
 34179
 34310
 34475
 34619
 34785
 34949
 35125
 35283
 35431
 35617
 35800
 35977
 36138
 36292
 36443
 36593
 36749
 36901
 37076
 37253
 37409
 37577
 37745
 37913
 38090
 38241
 38413
 38566
 38730
 38891
 39069
 39248
 39425
 39574
 39754
 39938
 40139
 40304
 40467
 40644
 40773
 40931
 41094
 41257
 41414
 41584
 41758
 41927
 42110
 42279
 42443
 42619
 42760
 42930
 43087
 43265
 43413
 43589
 43759
 43940
 44129
 44316
 44490
 44646
 44814
 44987
 45165
 45330
 45495
 45655
 45837
 46017
 46199
 46344
 46523
 46689
 46855
 47033
 47201
 47382
 47544
 47703
 47866
 48052
 48238
 48406
 48572
 48751
 48922
 49087
 49259
 49414
 49572
 49714
 49864
 50036
 50198
 50335
 50465
 50605
 50746
 50899
 51038
 51176
 51317
 51459
 51612
 51758
 51914
 52070
 52213
 52372
 52532
 52702
 52843
 53004
 53189
 53344
 53505
 53677
 53816
 54012
 54230
 54341
 54458
 54566
 54695
 54824
 54960
 55102
 55224
 55394
 55554
 55664
 55810
 55955
 56089
 56210
 56327
 56479
 56624
 56762
 56904
 57047
 57174
 57317
 57457
 57588
 57694
 57792
 57901
 58015
 58136
 58253
 58367
 58464
 58576
 58682
 58784
 58898
 58992
 59108
 59202
 59307
 59405
 59479
 59598
 59695
 59808
 63939
 78637
 78726
 78797
 79454
 79766
 79789
 79805
 79825
 79861
 79882
 79908
 79924
 79951
 79979
 79982
 80005
 79998
 79999
 79986
 79989
 79992
 79990
 79973
 79970
 79978
 79966
 79957
 79950
 79956
 79957
 79957
 79961
 79953
 79948
 79958
 79954
 79947
 79953
 79959
 79945
 79952
 79952
 79949
 79958
 79954
 79956
 79963
