Sa, 15.02.25    13:12:09
145 Beraz 11-2
2		
47.680
0.000
0.000


 15244
 15304
 15350
 15425
 15492
 15550
 15626
 15690
 15762
 15835
 15920
 15991
 16066
 16142
 16231
 16313
 16404
 16492
 16588
 16672
 16776
 16858
 16936
 17040
 17129
 17223
 17320
 17413
 17533
 17628
 17730
 17847
 17956
 18058
 18147
 18243
 18345
 18443
 18567
 18672
 18779
 18907
 19009
 19116
 19222
 19306
 19402
 19510
 19597
 19707
 19827
 19939
 20071
 20189
 20294
 20394
 20509
 20614
 20717
 20830
 20931
 21043
 21160
 21273
 21383
 21498
 21613
 21735
 21855
 21955
 22070
 22203
 22334
 22472
 22607
 22730
 22847
 22964
 23087
 23192
 23316
 23442
 23563
 23688
 23799
 23904
 24007
 24125
 24251
 24395
 24523
 24673
 24809
 24950
 25083
 25221
 25336
 25456
 25579
 25698
 25816
 25952
 26069
 26198
 26330
 26456
 26603
 26760
 26901
 27044
 27180
 27308
 27435
 27562
 27695
 27816
 27924
 28053
 28195
 28323
 28471
 28621
 28779
 28934
 29091
 29230
 29353
 29481
 29618
 29752
 29885
 30028
 30163
 30310
 30453
 30591
 30747
 30904
 31048
 31191
 31328
 31452
 31594
 31727
 31862
 31995
 32136
 32279
 32432
 32583
 32735
 32897
 33053
 33206
 33351
 33488
 33635
 33783
 33913
 34073
 34218
 34366
 34513
 34673
 34826
 34988
 35148
 35309
 35443
 35587
 35733
 35871
 36010
 36157
 36307
 36445
 36595
 36752
 36922
 37098
 37267
 37428
 37588
 37738
 37875
 38019
 38176
 38325
 38487
 38648
 38803
 38964
 39120
 39282
 39434
 39583
 39732
 39884
 40044
 40189
 40344
 40488
 40654
 40813
 40970
 41138
 41316
 41482
 41664
 41826
 41985
 42139
 42312
 42463
 42625
 42759
 42920
 43089
 43262
 43435
 43596
 43766
 43933
 44073
 44216
 44368
 44518
 44680
 44827
 44985
 45136
 45300
 45463
 45632
 45803
 45984
 46152
 46304
 46448
 46610
 46772
 46925
 47074
 47234
 47384
 47555
 47705
 47853
 48003
 48128
 48250
 48388
 48519
 48655
 48790
 48927
 49066
 49194
 49345
 49495
 49651
 49816
 49999
 50180
 50322
 50480
 50667
 50828
 50982
 51139
 51283
 51399
 51534
 39585
 28373
 28378
 28373
 28350
 28337
 28329
 28313
 28266
 28223
 28163
 28100
 28063
 28035
 28009
 27983
 27962
 27946
 27939
 27922
 27916
 27903
 27895
 27879
 27856
 27846
 27818
 27788
 27756
 27736
 27719
 27710
 27695
 27704
 27695
 27688
 27682
 27687
 27659
 27638
 27766
 43576
 56798
 56891
 56986
 57100
 57198
 57295
 57406
 57509
 57614
 57745
 35595
 27763
 27550
 27520
 27509
 27484
 27491
 27488
 27481
 27465
 27433
 27417
 36559
 79837
 79835
 79830
 79821
 79828
 79824
 79829
 79827
 79814
 79817
 79828
 79822
 79828
 79832
 79826
 79830
 79819
 79823
 79830
 79832
 79824
 79822
 79820
 79825
 79831
 79829
 79825
 79835
 79829
 79829
 79809
 79828
 79821
 79825
 79826
 79824
 79833
 79830
 79822
 79824
 79823
 79820
 79825
 79821
 79828
 79832
 79813
 79827
 79836
 79827
