Sa, 15.02.25    14:04:24
79 Loewenthal-6
6		
47.680
0.000
0.000


 14112
 14137
 14167
 14194
 14237
 14260
 14279
 14317
 14345
 14331
 14372
 14386
 14430
 14453
 14494
 14508
 14548
 14600
 14651
 14730
 14758
 14825
 14896
 14968
 15049
 15125
 15205
 15277
 15348
 15425
 15501
 15562
 15616
 15664
 15739
 15797
 15866
 15932
 16007
 16071
 16150
 16228
 16317
 16391
 16482
 16565
 16651
 16737
 16797
 16888
 16972
 17068
 17156
 17244
 17355
 17449
 17553
 17671
 17772
 17891
 18004
 18111
 18236
 18334
 18434
 18502
 18605
 18704
 18812
 18923
 19034
 19161
 19288
 19396
 19525
 19637
 19759
 19893
 20020
 20133
 20242
 20333
 20453
 20562
 20662
 20791
 20912
 21042
 21168
 21284
 21423
 21572
 21711
 21857
 21984
 22106
 22228
 22350
 22472
 22601
 22724
 22868
 23011
 23145
 23273
 23411
 23564
 23712
 23846
 23985
 24112
 24242
 24373
 24498
 24630
 24779
 24932
 25074
 25218
 25369
 25550
 25702
 25855
 25982
 26103
 26240
 26364
 26506
 26645
 26802
 26960
 27113
 27284
 27438
 27590
 27740
 27892
 28038
 28174
 28324
 28469
 28637
 28784
 28938
 29086
 29249
 29423
 29595
 29773
 29926
 30087
 30228
 30366
 30511
 30651
 30815
 30965
 31139
 31302
 31452
 31608
 31784
 31937
 32101
 32256
 32419
 32565
 32706
 32860
 33033
 33190
 33364
 33536
 33729
 33911
 34071
 34228
 34380
 34536
 34685
 34844
 35016
 35189
 35358
 35521
 35692
 35860
 36026
 36197
 36323
 36496
 36657
 36820
 36989
 37157
 37320
 37480
 37660
 37840
 38020
 38200
 38352
 38522
 38683
 38843
 39014
 39177
 39350
 39519
 39679
 39860
 40027
 40197
 40378
 40538
 40710
 40869
 41039
 41209
 41354
 41511
 41686
 41877
 42064
 42250
 42430
 42604
 42763
 42928
 43089
 43259
 43412
 43580
 43761
 43928
 44096
 44266
 44444
 44607
 44773
 44963
 45123
 45293
 45448
 45618
 45795
 45979
 46168
 46328
 46500
 46676
 46857
 47029
 47202
 47352
 47504
 47655
 47798
 47943
 48090
 48241
 48367
 48504
 48617
 48753
 48891
 49031
 49164
 49305
 49463
 49623
 49774
 49948
 50103
 50263
 50389
 50529
 50690
 50828
 50967
 51126
 51294
 51471
 51627
 51790
 51935
 52093
 52270
 52407
 52537
 52651
 52780
 52902
 53032
 53174
 53314
 53478
 53615
 53759
 53885
 54034
 54177
 54324
 54466
 54630
 54764
 54899
 55016
 55309
 55536
 55618
 55523
 55586
 55704
 55988
 55949
 56048
 56016
 56146
 56465
 75980
 79672
 72165
 56787
 56945
 57005
 72258
 79709
 79729
 79752
 79770
 79781
 79803
 79806
 79814
 79805
 79802
 79802
 79810
 79800
 79803
 79805
 79800
 79809
 79803
 79797
 79791
 79796
 79798
 79797
 79798
 79792
 79799
 79799
 79788
 79800
 79798
 79800
 79792
 79810
 79791
 79797
 79799
 79798
 79797
 79807
 79812
 79803
 79792
 79797
 79800
 79792
 79793
 79796
 79797
 79809
