Sa, 15.02.25    13:13:56
133 Teichmann-2
2		
47.680
0.000
0.000


 13664
 13674
 13707
 13709
 13725
 13751
 13768
 13788
 13814
 13847
 13876
 13907
 13933
 13969
 13996
 14030
 14081
 14147
 14197
 14266
 14331
 14407
 14497
 14561
 14631
 14663
 14749
 14803
 14856
 14920
 14991
 15073
 15185
 15218
 15269
 15344
 15436
 15504
 15592
 15678
 15744
 15808
 15894
 15982
 16070
 16148
 16215
 16313
 16408
 16492
 16610
 16710
 16827
 16931
 17046
 17157
 17250
 17357
 17436
 17534
 17650
 17763
 17883
 17996
 18141
 18250
 18365
 18485
 18597
 18717
 18836
 18945
 19051
 19188
 19315
 19438
 19541
 19647
 19791
 19917
 20062
 20201
 20322
 20434
 20559
 20670
 20782
 20887
 21016
 21155
 21283
 21417
 21580
 21729
 21875
 22018
 22151
 22291
 22453
 22554
 22718
 22874
 22998
 23126
 23255
 23402
 23550
 23711
 23854
 23995
 24126
 24247
 24380
 24509
 24659
 24803
 24985
 25149
 25296
 25450
 25607
 25763
 25903
 26061
 26175
 26322
 26477
 26641
 26761
 26910
 27065
 27230
 27392
 27572
 27721
 27861
 27988
 28128
 28272
 28418
 28588
 28738
 28909
 29079
 29237
 29395
 29569
 29723
 29874
 30030
 30191
 30348
 30507
 30656
 30804
 30966
 31140
 31314
 31476
 31642
 31809
 31964
 32109
 32266
 32423
 32573
 32741
 32885
 33065
 33230
 33394
 33565
 33740
 33894
 34068
 34231
 34383
 34556
 34704
 34866
 35048
 35234
 35411
 35586
 35755
 35915
 36072
 36220
 36375
 36525
 36696
 36854
 37022
 37211
 37388
 37557
 37736
 37893
 38051
 38209
 38363
 38518
 38703
 38877
 39041
 39211
 39392
 39573
 39742
 39926
 40096
 40263
 40426
 40580
 40746
 40900
 41069
 41242
 41408
 41582
 41749
 41932
 42113
 42293
 42459
 42608
 42781
 42930
 43107
 43266
 43429
 43602
 43788
 43976
 44141
 44321
 44478
 44636
 44797
 44958
 45117
 45296
 45467
 45640
 45812
 45976
 46146
 46305
 46454
 46633
 46787
 46953
 47131
 47293
 47449
 47609
 47765
 47939
 48106
 48269
 48404
 48548
 48689
 48833
 48982
 49121
 49268
 49402
 49560
 49715
 49877
 50020
 50210
 50346
 50483
 50698
 50906
 51089
 51220
 51362
 51501
 51626
 51764
 51915
 52043
 52177
 52318
 52467
 52607
 52751
 52898
 53040
 53174
 53311
 53453
 53597
 53738
 53871
 54002
 54124
 54274
 54406
 54545
 54674
 54817
 54949
 55091
 55231
 55352
 55490
 55598
 55721
 55849
 55965
 56104
 56231
 56344
 56461
 56564
 56680
 56781
 56881
 57008
 57119
 57211
 57318
 57417
 57507
 57600
 57705
 57812
 57912
 58024
 58137
 58262
 58443
 58605
 58724
 58828
 79537
 79535
 79520
 79532
 79527
 79514
 79521
 79517
 79531
 79522
 79526
 79527
 79524
 79517
 79515
 79510
 79525
 79519
 79518
 79513
 79518
 79526
 79526
 79506
 79524
 79519
 79514
 79528
 79536
 79529
 79524
 79528
 79518
 79517
 79523
 79522
 79521
 79529
 79530
 79532
 79516
 79514
 79525
 79530
 79526
 79526
 79531
 79519
 79519
 79525
