Sa, 15.02.25    13:52:00
133 Teichmann-5
5		
47.680
0.000
0.000


 13682
 13706
 13708
 13732
 13745
 13781
 13798
 13819
 13850
 13847
 13866
 13898
 13907
 13937
 13958
 13981
 14030
 14072
 14099
 14140
 14201
 14255
 14331
 14405
 14463
 14534
 14603
 14675
 14733
 14783
 14861
 14911
 14962
 15049
 15116
 15183
 15275
 15341
 15417
 15509
 15581
 15674
 15751
 15828
 15905
 15972
 16045
 16123
 16207
 16292
 16391
 16485
 16601
 16703
 16816
 16915
 17026
 17120
 17248
 17350
 17439
 17541
 17652
 17740
 17864
 17975
 18081
 18204
 18326
 18453
 18572
 18702
 18823
 18940
 19062
 19184
 19303
 19427
 19535
 19664
 19785
 19921
 20072
 20185
 20320
 20451
 20553
 20680
 20801
 20922
 21044
 21176
 21300
 21452
 21586
 21731
 21889
 22037
 22172
 22297
 22424
 22556
 22683
 22839
 22978
 23110
 23230
 23383
 23546
 23713
 23856
 24015
 24146
 24270
 24399
 24535
 24670
 24824
 24971
 25143
 25290
 25455
 25605
 25761
 25911
 26040
 26183
 26317
 26464
 26620
 26770
 26919
 27081
 27245
 27424
 27592
 27743
 27887
 28015
 28150
 28300
 28448
 28607
 28765
 28932
 29104
 29282
 29453
 29609
 29777
 29916
 30079
 30238
 30383
 30536
 30698
 30859
 31017
 31199
 31355
 31534
 31706
 31864
 32017
 32168
 32314
 32478
 32647
 32799
 32967
 33134
 33302
 33476
 33657
 33828
 33994
 34148
 34303
 34475
 34630
 34794
 34962
 35140
 35317
 35494
 35672
 35842
 36011
 36173
 36304
 36458
 36628
 36788
 36959
 37130
 37317
 37493
 37669
 37829
 38000
 38164
 38321
 38493
 38655
 38831
 39000
 39174
 39350
 39537
 39729
 39928
 40102
 40268
 40430
 40591
 40745
 40904
 41073
 41239
 41383
 41559
 41737
 41904
 42082
 42267
 42431
 42595
 42757
 42922
 43101
 43258
 43431
 43625
 43822
 44039
 44243
 44421
 44614
 44804
 44951
 45096
 45247
 45383
 45524
 45653
 45779
 45949
 46119
 46289
 46459
 46629
 46799
 46969
 47139
 47309
 47523
 47693
 47874
 48090
 48323
 48468
 48613
 48758
 48903
 49048
 49193
 49338
 49483
 49628
 49773
 49918
 50063
 50208
 50353
 50498
 50643
 50788
 50933
 51078
 51223
 51368
 51513
 51658
 51803
 51948
 52083
 52240
 52404
 52472
 52796
 53662
 54528
 55394
 56260
 57126
 57992
 58858
 59724
 60590
 61456
 62322
 63188
 64054
 64920
 65786
 66652
 67518
 68384
 69250
 70116
 70982
 71848
 72714
 73580
 74446
 75312
 76178
 77044
 77910
 78776
 79642
 79645
 79672
 79688
 79692
 79709
 79712
 79723
 79724
 79723
 79716
 79716
 79703
 79695
 79707
 79701
 79709
 79713
 79704
 79696
 79714
 79709
 79712
 79715
 79710
 79702
 79708
 79709
 79704
 79710
 79702
 79700
 79715
 79693
 79699
 79708
 79699
 79713
 79703
 79711
 79714
 79714
 79704
 79710
 79708
 79717
     0
     0
     0
