Sa, 15.02.25    12:33:06
-
		
49.680
0.000
0.000


 10065
 10053
 10056
 10055
 10068
 10058
 10054
 10062
 10064
 10054
 10062
 10066
 10055
 10050
 10070
 10065
 10063
 10053
 10071
 10055
 10049
 10053
 10068
 10054
 10053
 10063
 10058
 10052
 10063
 10069
 10072
 10060
 10070
 10048
 10054
 10049
 10049
 10060
 10051
 10050
 10045
 10039
 10056
 10044
 10047
 10064
 10053
 10063
 10036
 10025
  9974
  9940
  9895
  9869
  9852
  9838
  9805
  9820
  9836
  9844
  9848
  9841
  9818
  9829
  9811
  9845
  9848
  9852
  9835
  9843
  9841
  9869
  9860
  9864
  9866
  9861
  9862
  9892
  9866
  9853
  9874
  9869
  9875
  9872
  9877
  9865
  9879
  9868
  9863
  9886
  9894
  9893
  9933
  9954
  9981
  9984
 10004
 10014
 10007
 10027
 10053
 10157
 10304
 10510
 10734
 10963
 11223
 11506
 11762
 11989
 12199
 12366
 12534
 12752
 12974
 13265
 13607
 14001
 14449
 14896
 15294
 15626
 15889
 16103
 16360
 16527
 16752
 16906
 17109
 17299
 17535
 17774
 18066
 18406
 18606
 18676
 18963
 19118
 19567
 19524
 19477
 19372
 19240
 19147
 19031
 18700
 18355
 18325
 18346
 18356
 18350
 18350
 18355
 18349
 18359
 17461
 16811
 15096
 14271
 13185
 12862
 12804
 12816
 12820
 12824
 12821
 12819
 12828
 12831
 12836
 12847
 12849
 12843
 12847
 12876
 12867
 12846
 12844
 12852
 12866
 12884
 12877
 12880
 12883
 12885
 12897
 12904
 12909
 12908
 12901
 12897
 12894
 12898
 12898
 12911
 12906
 12912
 12910
 12914
 12908
 12918
 12928
 12938
 12949
 12946
 12967
 12961
 12976
 12993
 13000
 13015
 13004
 13026
 13034
 13052
 13068
 13058
 13064
 13114
 13189
 13203
 13202
 13246
 13278
 13285
 13285
 13304
 13304
 13273
 13262
 13285
 13297
 13303
 13293
 13355
 13348
 13389
 13391
 13385
 13347
 13227
 38514
 88522
 88550
 88532
 88526
 88556
 88543
 88551
 88538
 88549
 88543
 88545
 88557
 88570
 88596
 88753
 89603
 89935
 89947
 90019
 90109
 90097
 90162
 90132
 90155
 90202
 90158
 90174
 90155
 90102
 90047
 90096
 90101
 90059
 90054
 90055
 90050
 90014
 90003
 89946
 89908
 89875
 89820
 89777
 89715
 89591
 89568
 89452
 89397
 89387
 89356
