Sa, 15.02.25    13:08:43
568 Stantke-2
2		
49.680
0.000
0.000


 18174
 18219
 18248
 18291
 18333
 18373
 18409
 18455
 18513
 18590
 18642
 18706
 18784
 18835
 18909
 18971
 19027
 19088
 19149
 19214
 19258
 19330
 19383
 19455
 19495
 19555
 19625
 19679
 19758
 19828
 19892
 19957
 20057
 20140
 20212
 20300
 20402
 20481
 20565
 20647
 20740
 20832
 20923
 21018
 21106
 21191
 21279
 21350
 21435
 21522
 21611
 21720
 21820
 21936
 22062
 22171
 22277
 22373
 22464
 22547
 22635
 22731
 22827
 22945
 23070
 23180
 23298
 23401
 23534
 23668
 23776
 23892
 23999
 24105
 24202
 24312
 24432
 24535
 24656
 24785
 24915
 25049
 25211
 25342
 25451
 25568
 25675
 25770
 25877
 26010
 26128
 26249
 26387
 26530
 26663
 26798
 26952
 27089
 27220
 27349
 27459
 27574
 27710
 27828
 27961
 28096
 28223
 28352
 28503
 28653
 28824
 28974
 29118
 29245
 29372
 29504
 29633
 29778
 29925
 30067
 30221
 30357
 30484
 30634
 30788
 30920
 31068
 31202
 31334
 31453
 31601
 31744
 31880
 32019
 32175
 32345
 32515
 32672
 32813
 32954
 33079
 33210
 33334
 33476
 33624
 33780
 33946
 34101
 34248
 34408
 34560
 34723
 34872
 35019
 35169
 35307
 35442
 35597
 35743
 35883
 36031
 36191
 36372
 36526
 36690
 36848
 36986
 37129
 37278
 37428
 37571
 37731
 37893
 38039
 38197
 38358
 38524
 38675
 38833
 38982
 39121
 39273
 39431
 39580
 39734
 39885
 40067
 40250
 40418
 40587
 40747
 40892
 41037
 41184
 41323
 41487
 41653
 41812
 41969
 42133
 42309
 42486
 42630
 42778
 42934
 43083
 43228
 43390
 43564
 43714
 43876
 44049
 44226
 44387
 44545
 44692
 44853
 44999
 45165
 45330
 45496
 45661
 45826
 45983
 46164
 46300
 46472
 46610
 46776
 46923
 47082
 47241
 47391
 47550
 47730
 47900
 48080
 48251
 48406
 48558
 48730
 48878
 49048
 49182
 49338
 49480
 49637
 49804
 49940
 50087
 50225
 50348
 50468
 50630
 50769
 50907
 51047
 51194
 51336
 51480
 51636
 51807
 51980
 52145
 52319
 52495
 52647
 52819
 52991
 53156
 53293
 53423
 53561
 53689
 53851
 53987
 54123
 54258
 54394
 54531
 54676
 54831
 54984
 55123
 55262
 55396
 55542
 55693
 55816
 55960
 56095
 56235
 56336
 56466
 56582
 56706
 56818
 56925
 57042
 57152
 57267
 57387
 57509
 57634
 57738
 57861
 57976
 58053
 58153
 58254
 58360
 58462
 58561
 58669
 58769
 58869
 58961
 59061
 59150
 59250
 59355
 59441
 59577
 59684
 59819
 59923
 60052
 60195
 60351
 60570
 60714
 74077
 79656
 79652
 79652
 79659
 79648
 79653
 79650
 79648
 79650
 79647
 79654
 79645
 79643
 79652
 79663
 79646
 79649
 79653
 79663
 79655
 79652
 79657
 79652
 79655
 79652
 79659
 79661
 79655
 79648
 79652
 79655
 79657
 79655
 79660
 79657
 79652
 79643
 79662
 79657
 79664
 79656
