Sa, 15.02.25    12:59:06
367 Böhmer-1
1		
47.680
0.000
0.000


 14602
 14598
 14591
 14602
 14608
 14608
 14605
 14607
 14622
 14618
 14629
 14641
 14657
 14673
 14678
 14685
 14704
 14719
 14749
 14758
 14780
 14803
 14834
 14834
 14844
 14857
 14858
 14879
 14904
 14914
 14922
 14946
 14947
 14943
 14958
 14961
 14957
 14969
 14967
 14975
 14980
 14968
 14968
 14973
 14967
 14976
 14967
 14973
 14974
 14980
 14975
 14975
 14974
 14978
 14981
 14975
 14971
 14980
 14984
 14982
 14989
 14985
 14993
 14986
 14988
 14985
 14990
 14977
 14982
 14973
 14973
 14985
 14975
 14981
 14992
 14987
 14986
 14986
 14983
 14981
 14978
 14982
 14981
 14986
 14988
 14983
 14981
 14974
 14985
 14993
 14999
 14987
 14995
 14994
 14996
 15000
 14991
 14992
 15000
 14997
 14995
 14996
 14994
 15004
 15008
 14998
 15003
 14984
 14988
 14980
 14971
 14961
 14954
 14931
 14934
 14917
 14894
 14884
 14852
 14831
 14810
 14789
 14764
 14748
 14732
 14697
 14681
 14662
 14655
 14636
 14617
 14613
 14587
 14567
 14540
 14499
 14484
 14455
 14440
 14419
 14388
 14367
 14355
 14344
 14321
 14308
 14279
 14245
 14209
 14197
 14161
 14143
 14122
 14097
 14047
 14004
 13943
 13896
 13837
 13769
 13733
 13691
 13643
 13613
 13592
 13555
 13529
 13502
 13455
 13424
 13397
 13382
 13361
 13337
 13308
 13305
 13289
 13265
 13252
 13244
 13236
 13210
 13214
 13197
 13179
 13180
 13187
 13168
 13153
 13145
 13160
 13154
 13142
 13133
 13128
 13122
 13124
 13124
 13107
 13110
 13087
 13086
 13091
 13088
 13081
 13092
 13083
 13077
 13080
 13071
 13068
 13076
 13067
 13075
 13058
 13065
 13069
 13070
 13064
 13048
 13048
 13051
 13054
 13053
 13037
 13055
 13058
 13042
 13054
 13046
 13048
 13057
 13052
 13059
 13055
 13059
 13051
 13044
 13044
 13032
 13038
 13041
 13041
 13037
 13031
 13041
 13046
 13027
 13044
 13040
 13037
 13037
 13039
 13027
 13038
 13034
 13017
 13029
 13033
 13025
 13012
 13014
 13020
 13012
 13007
 12998
 13015
 13007
 12985
 13005
 13002
 13002
 13002
 13001
 13002
 12995
 12986
 12993
 12999
 12998
 13001
 12994
 12988
 12977
 12991
 12992
 12998
 12969
 12989
 12995
 12987
 12991
 12984
 12991
 12977
 12990
 12996
 12989
 12982
 12989
 12981
 12976
 12974
 12983
 12979
 12983
 12978
 12984
 12979
 12974
 12981
 12980
 12978
 12974
 12973
 12980
 12983
 12980
 12979
 12973
 12992
 12987
 12972
 12985
 12987
 12985
 12987
 12987
 12993
 12984
 12996
 13003
 12997
 13001
 12999
 13005
 13017
 13026
 13024
 13034
 13027
 13037
 13052
 13050
 13059
 13068
 13082
 13087
 13093
 13097
 13110
 13109
 13136
 13150
 13166
 13179
 13201
 13235
 13256
 13270
 13296
 13316
 13341
 13368
 13397
 13432
 13448
 13459
 13477
 13498
 13550
 13586
 13626
 13653
 13690
 13713
 13751
 13794
 13848
 13890
 13937
 13999
 14055
 14113
 14162
 14210
 14289
 14355
 14419
 14482
 14576
 14619
 14682
 14760
 14824
 14883
 14952
 15022
 15113
 15184
 15209
 15275
 15339
 15431
 15504
 15591
 15675
 15749
 15803
 15881
 15970
 16039
 16125
 16155
 16191
 16352
 16421
 16488
 16578
 16671
 16751
 16821
 16901
 16991
 17105
 17217
 17327
 17439
 17539
 17650
 17730
 17833
 17932
 18017
 18111
 18197
 18276
 18366
 18471
 18565
 18685
 18780
 18899
 19010
 19102
 19209
 19322
 19436
 19551
 19642
 19765
 19855
 19968
 20080
 20181
 20283
 20374
 20462
 20576
 20706
 20819
 20959
 21083
 21199
 21313
 21430
 21542
 21653
 21765
 21881
 22002
 22123
 22256
 22380
 22516
 22652
 22778
 22908
 23049
 23166
 23271
 23389
 23518
 23652
 23778
 23911
 24047
 24192
 24330
 24470
 24621
 24754
 24881
 25020
 25152
 25288
 25409
 25551
 25676
 25809
 25952
 26107
 26245
 26374
 26517
 26654
 26782
 26917
 27059
 27192
 27334
 27481
 27623
 27772
 27914
 28071
 28219
 28375
 28508
 28656
 28811
 28944
 29077
 29232
 29374
 29528
 29703
 29836
 29990
 30151
 30306
 30432
 30581
 30743
 30864
 31003
 31133
 31285
 31411
 31564
 31740
 31905
 32063
 32218
 32364
 32515
 32663
 32789
 32935
 33084
 33224
 33383
 33537
 33702
 33863
 34014
 34168
 34315
 34468
 34625
 34768
 34916
 35061
 35223
 35376
 35531
 35690
 35861
 36011
 36170
 36303
 36446
 36594
 36744
 36897
 37043
 37207
 37369
 37513
 37671
 37827
 37969
 38120
 38268
 38409
 38572
 38731
 38868
 39032
 39189
 39353
 39514
 39675
 39846
 39994
 40157
 40313
 40447
 40586
 40740
 40904
 41052
 41209
 41360
 41509
 41674
 41835
 41992
 42143
 42303
 42458
 42612
 42752
 42910
 43067
 43222
 43384
 43559
 43730
 43904
 44074
 44232
 44397
 44551
 44713
 44874
 45027
 45204
 45359
 45510
 45654
 45810
 45961
 46111
 46267
 46420
 46581
 46742
 46907
 47071
 47253
 47405
 47555
 47717
 47867
 48020
 48185
 48342
 48493
 48652
 48789
 48923
 49051
 49183
 49322
 49466
 49624
 49788
 49951
 50132
 50303
 50482
 50615
 50774
 50906
 51026
 51165
 51297
 51431
 51583
 51732
 51879
 52033
 52189
 52334
 52498
 52643
 52783
 52923
 53062
 53189
 53332
 53484
 53626
 53768
 53914
 54060
 54193
 54328
 54461
 54580
 54716
 54846
 54985
 55146
 55291
 55418
 55565
 55692
 55843
 55987
 56122
 56255
 56381
 56516
 56647
 56768
 56904
 57032
 57152
 57252
 57355
 57478
 57610
 57759
 57929
 58062
 58210
 58345
 58494
 58626
 58756
 58875
 58995
 59124
 59241
 59375
 59502
 59631
 59771
 59904
 60037
 60184
 60317
 60453
 60588
 60718
 60813
 60901
 60967
 61117
 61257
 61392
 61478
 61585
 61710
 61788
 62043
 62271
 71471
 79753
 79752
 67562
 62672
 62802
 62940
 63054
 63162
 63282
 63368
 63503
 63597
 63698
 63773
 63825
 63899
 66835
 79755
 79752
 79742
 79311
 67531
 64644
 64667
 64761
 64894
 65051
 65187
 65172
