Sa, 15.02.25    12:46:54
794 Nathan-1
1		
49.680
0.000
0.000


 11712
 11778
 11802
 11852
 11895
 11922
 11969
 12004
 12032
 12090
 12120
 12172
 12222
 12262
 12308
 12356
 12402
 12461
 12520
 12576
 12632
 12696
 12740
 12808
 12861
 12904
 12951
 13010
 13053
 13090
 13155
 13188
 13245
 13314
 13392
 13487
 13541
 13602
 13668
 13741
 13805
 13856
 13916
 13967
 14029
 14101
 14140
 14205
 14265
 14319
 14386
 14427
 14505
 14566
 14652
 14717
 14803
 14889
 14964
 15051
 15141
 15225
 15358
 15436
 15528
 15625
 15718
 15811
 15916
 16007
 16111
 16180
 16269
 16375
 16458
 16566
 16659
 16762
 16870
 16984
 17094
 17193
 17316
 17419
 17532
 17637
 17725
 17810
 17915
 18030
 18133
 18248
 18352
 18472
 18581
 18697
 18824
 18943
 19086
 19194
 19312
 19421
 19539
 19644
 19748
 19871
 19980
 20106
 20248
 20363
 20488
 20614
 20734
 20853
 20990
 21122
 21232
 21354
 21470
 21596
 21709
 21848
 21989
 22118
 22261
 22383
 22508
 22636
 22793
 22928
 23075
 23194
 23333
 23453
 23579
 23721
 23839
 23971
 24097
 24243
 24391
 24520
 24661
 24807
 24946
 25095
 25252
 25380
 25507
 25642
 25768
 25914
 26038
 26191
 26323
 26452
 26602
 26763
 26928
 27092
 27247
 27397
 27532
 27667
 27789
 27939
 28084
 28217
 28369
 28519
 28674
 28828
 28996
 29145
 29303
 29451
 29590
 29730
 29877
 30011
 30168
 30325
 30469
 30626
 30777
 30947
 31125
 31296
 31443
 31599
 31780
 31966
 32134
 32307
 32426
 32562
 32718
 32870
 33004
 33165
 33323
 33493
 33664
 33809
 33955
 34090
 34275
 34448
 34613
 34754
 34898
 35067
 35242
 35405
 35583
 35760
 35916
 36075
 36211
 36349
 36504
 36674
 36843
 37016
 37179
 37353
 37518
 37670
 37825
 37993
 38145
 38288
 38458
 38631
 38784
 38950
 39111
 39277
 39457
 39632
 33451
 20130
 20087
 20107
 20161
 20219
 20232
 20257
 20231
 20270
 20389
 20258
 20201
 20188
 20165
 20137
 20144
 20143
 20135
 20140
 20070
 20038
 22101
 43625
 43827
 44002
 44181
 44335
 44502
 44662
 44826
 45000
 45176
 45354
 45520
 45700
 45855
 46037
 46202
 46366
 46516
 46693
 46858
 47033
 47208
 47375
 47549
 47715
 47904
 48087
 48261
 48426
 48602
 48766
 48945
 49113
 49275
 49421
 49559
 49731
 49877
 50054
 50212
 50333
 46780
 26798
 26766
 26758
 26749
 26737
 26728
 26732
 26742
 26777
 26819
 26851
 26878
 26882
 26882
 26888
 26909
 26922
 26937
 26980
 27030
 27080
 27146
 27198
 27208
 27187
 27172
 27249
 37655
 54923
 66854
 72098
 72086
 72104
 72117
 72128
 72122
 72133
 72137
 72138
 72148
 65011
 56852
 56887
 57034
 57870
 57821
 57577
 57603
 57741
 58117
 58606
 58761
 58776
 58154
 61011
 72249
 72242
 72261
 72283
 72304
 72314
 72318
 72308
 72352
 72365
 72387
 72453
 72478
 72476
 72537
 72580
 72904
 76262
 79662
 62503
 60655
 60838
 60871
 77082
 79678
 79684
 79684
 76045
 74236
 72376
 71888
 71829
 71773
 71911
 71821
 71806
 71825
 71864
 71863
 71767
 71779
 71804
 71798
 71814
 72361
 72586
 72345
 72546
 72262
