Sa, 15.02.25    13:59:06
133 Teichmann-6
6		
47.680
0.000
0.000


 13777
 13795
 13818
 13830
 13850
 13876
 13897
 13895
 13931
 13975
 13994
 14040
 14083
 14108
 14153
 14198
 14260
 14324
 14405
 14457
 14541
 14610
 14683
 14737
 14800
 14851
 14895
 14964
 15030
 15091
 15153
 15235
 15303
 15388
 15459
 15553
 15636
 15708
 15793
 15859
 15936
 16012
 16086
 16158
 16235
 16331
 16429
 16521
 16621
 16721
 16831
 16946
 17054
 17167
 17280
 17371
 17461
 17558
 17652
 17739
 17866
 17980
 18085
 18208
 18328
 18463
 18581
 18695
 18817
 18933
 19060
 19172
 19283
 19409
 19530
 19645
 19756
 19891
 20007
 20165
 20287
 20419
 20555
 20668
 20783
 20894
 21019
 21134
 21270
 21385
 21517
 21671
 21802
 21945
 22098
 22235
 22383
 22503
 22640
 22767
 22911
 23046
 23179
 23316
 23453
 23610
 23766
 23937
 24081
 24234
 24361
 24481
 24619
 24760
 24903
 25064
 25223
 25373
 25522
 25682
 25850
 25996
 26142
 26276
 26406
 26556
 26711
 26871
 27017
 27169
 27324
 27486
 27658
 27827
 27985
 28134
 28265
 28416
 28567
 28719
 28874
 29033
 29196
 29360
 29514
 29679
 29863
 30016
 30177
 30333
 30471
 30634
 30787
 30938
 31087
 31256
 31411
 31579
 31762
 31943
 32111
 32265
 32418
 32574
 32731
 32879
 33040
 33199
 33365
 33538
 33722
 33895
 34069
 34225
 34393
 34547
 34708
 34874
 35049
 35206
 35373
 35548
 35739
 35915
 36091
 36256
 36396
 36555
 36719
 36879
 37047
 37204
 37381
 37570
 37744
 37904
 38087
 38254
 38409
 38578
 38746
 38920
 39099
 39267
 39438
 39613
 39797
 39996
 40189
 40363
 40523
 40695
 40854
 40998
 41155
 41309
 41473
 41660
 41814
 41992
 42159
 42348
 42509
 42694
 42843
 43004
 43168
 43331
 43494
 43673
 43850
 44039
 44226
 44406
 44585
 44759
 44910
 45071
 45225
 45382
 45551
 45718
 45889
 46061
 46221
 46371
 46536
 46709
 46876
 47055
 47222
 47392
 47556
 47716
 47858
 48031
 48201
 48364
 48544
 48717
 48877
 49045
 49179
 49297
 49423
 49701
 49717
 49864
 50018
 50116
 50280
 50393
 50664
 50888
 51057
 51202
 51347
 51483
 51628
 51763
 51921
 52078
 52246
 52423
 52575
 52737
 52891
 53056
 53209
 53362
 53508
 53655
 53802
 53938
 54075
 54215
 54371
 54525
 54686
 54845
 54991
 55150
 55303
 55439
 55580
 55730
 55882
 56031
 56183
 56337
 56493
 56663
 56836
 57026
 57175
 57272
 57413
 58433
 79706
 79715
 79713
 79709
 79716
 79724
 79720
 79725
 60466
 58629
 58806
 58984
 59137
 59292
 59444
 59595
 59780
 59960
 60119
 60357
 60715
 60937
 61075
 61264
 73777
 79690
 79700
 79693
 79696
 79691
 79693
 58834
 16095
 16233
 16147
 16090
 79702
 79697
 79703
 79703
 79700
 79693
 66788
 16196
 15979
 15905
 15884
 15853
 15865
 15837
 15788
 15704
 15592
 48836
 79699
 79703
 79700
 79696
 79699
 79689
 79694
 79693
 79697
 79701
 79697
 79711
 79692
 79697
 79689
 79704
 79695
 79690
 79701
 79695
 67909
 66765
 66811
 67072
 72826
 79678
 14158
  9227
  9187
  9188
  9183
  9191
  9186
  9194
  9221
  9229
  9229
  9266
  9310
  9312
  9305
  9237
  9121
 46063
 79706
 79695
 79693
 79693
 79696
 79700
 79701
 79702
 79694
 79681
 79693
 79684
 79691
 79695
 79692
 79691
 79684
 79693
 79692
 79695
 79706
 79691
 79688
 79693
 79691
 79694
 79688
 79694
 79693
 79703
 79685
 79700
 79698
 79686
 79698
 79691
 79695
 79696
 79697
 79692
 79692
 79692
 79705
 79699
 79690
 79702
 79688
 79693
 79694
 79697
