Sa, 15.02.25    12:47:49
147 Mensah-1
1		
49.680
0.000
0.000


 21000
 20998
 20994
 21005
 21020
 21040
 21060
 21101
 21099
 21132
 21189
 21149
 21229
 21269
 21309
 21349
 21389
 21429
 21469
 21509
 21549
 21589
 21596
 21643
 21679
 21736
 21751
 21809
 21851
 21925
 21986
 22049
 22120
 22186
 22265
 22336
 22387
 22437
 22502
 22554
 22601
 22681
 22766
 22865
 22948
 23044
 23126
 23204
 23295
 23384
 23478
 23571
 23656
 23747
 23831
 23915
 23990
 24070
 24151
 24237
 24350
 24459
 24564
 24674
 24782
 24900
 24999
 25120
 25227
 25312
 25398
 25491
 25590
 25683
 25782
 25896
 26007
 26124
 26236
 26351
 26450
 26573
 26686
 26818
 26936
 27040
 27146
 27265
 27383
 27503
 27621
 27735
 27841
 27962
 28103
 28226
 28363
 28484
 28615
 28729
 28849
 28962
 29070
 29201
 29322
 29440
 29606
 29722
 29858
 30012
 30141
 30284
 30409
 30529
 30637
 30757
 30876
 31007
 31135
 31269
 31386
 31517
 31656
 31787
 31954
 32103
 32246
 32376
 32509
 32629
 32763
 32885
 33032
 33154
 33302
 33443
 33586
 33734
 33878
 34024
 34167
 34308
 34441
 34576
 34725
 34860
 34991
 35134
 35281
 35431
 35576
 35740
 35886
 36039
 36178
 36327
 36449
 36594
 36740
 36876
 37018
 37167
 37322
 37478
 37631
 37789
 37931
 38070
 38206
 38352
 38513
 38651
 38807
 38948
 39083
 39233
 39388
 39558
 39722
 39863
 40031
 40181
 40333
 40474
 40623
 40762
 40907
 41061
 41219
 41373
 41513
 41667
 41821
 41975
 42134
 42290
 42435
 42587
 42726
 42884
 43029
 43193
 43353
 43516
 43683
 43852
 44003
 44156
 44306
 44468
 44618
 44772
 44929
 45091
 45250
 45410
 45559
 45731
 45882
 46033
 46181
 46323
 46462
 46628
 46777
 46923
 47101
 47261
 47440
 47608
 47774
 47946
 48102
 48250
 48407
 48581
 48740
 48893
 49065
 49222
 49366
 49486
 49642
 49798
 49954
 50110
 50266
 50422
 50578
 50734
 50890
 51046
 51202
 51358
 51514
 51670
 51826
 51982
 52138
 52294
 52450
 52606
 52762
 52918
 53074
 53230
 53382
 53534
 53678
 53795
 53923
 54070
 50515
 28253
 27998
 28083
 28076
 28070
 28069
 28072
 28055
 28043
 28044
 28041
 28029
 28033
 28022
 28005
 27978
 27970
 27939
 27925
 27926
 27913
 27908
 27947
 28014
 28098
 28165
 28209
 28215
 28202
 28190
 28179
 46760
 79650
 79647
 79644
 79639
 79646
 79638
 79634
 79640
 79640
 79637
 79641
 79643
 79638
 79635
 79644
 79639
 79625
 79632
 78169
 72782
 72720
 72443
 72290
 72155
 72025
 71836
 71821
 71881
 71981
 72135
 72390
 72804
 73010
 72628
 72464
 72585
 72609
 72617
 72541
 72567
 72525
 72587
 72543
 72562
 72598
 72573
 72539
 72553
 72579
 72556
     0
     0
