Sa, 15.02.25    13:30:11
79 Loewenthal-3
3		
47.680
0.000
0.000


 14032
 14031
 14042
 14062
 14050
 14064
 14072
 14079
 14081
 14113
 14121
 14146
 14163
 14195
 14217
 14260
 14279
 14320
 14357
 14388
 14389
 14407
 14450
 14479
 14499
 14537
 14580
 14593
 14637
 14673
 14718
 14795
 14869
 14925
 14998
 15058
 15140
 15230
 15319
 15400
 15459
 15546
 15600
 15644
 15735
 15780
 15848
 15911
 15969
 16037
 16113
 16216
 16286
 16368
 16466
 16542
 16642
 16737
 16826
 16902
 16963
 17053
 17129
 17206
 17305
 17414
 17479
 17596
 17718
 17825
 17932
 18048
 18170
 18270
 18390
 18487
 18571
 18663
 18749
 18851
 18968
 19095
 19214
 19328
 19438
 19567
 19690
 19829
 19939
 20071
 20173
 20279
 20386
 20508
 20626
 20727
 20864
 20996
 21110
 21225
 21369
 21512
 21673
 21802
 21926
 22058
 22165
 22285
 22410
 22536
 22672
 22805
 22948
 23083
 23227
 23375
 23531
 23675
 23807
 23935
 24056
 24188
 24325
 24460
 24598
 24739
 24892
 25052
 25206
 25361
 25531
 25674
 25818
 25945
 26055
 26194
 26337
 26483
 26635
 26793
 26961
 27133
 27285
 27441
 27594
 27738
 27867
 28018
 28157
 28293
 28459
 28608
 28781
 28939
 29101
 29280
 29449
 29619
 29771
 29923
 30067
 30201
 30359
 30495
 30658
 30812
 31000
 31163
 31309
 31466
 31647
 31800
 31964
 32126
 32288
 32434
 32593
 32745
 32908
 33077
 33237
 33410
 33604
 33784
 33947
 34096
 34238
 34387
 34533
 34698
 34859
 35044
 35218
 35383
 35545
 35709
 35884
 36041
 36178
 36327
 36490
 36656
 36812
 36985
 37160
 37334
 37524
 37706
 37869
 38043
 38184
 38345
 38505
 38668
 38827
 39006
 39174
 39358
 39527
 39705
 39870
 40058
 40219
 40363
 40536
 40707
 40884
 41039
 41216
 41371
 41548
 41741
 41930
 42125
 42300
 42469
 42625
 42779
 42946
 43107
 43268
 43423
 43596
 43777
 43948
 44109
 44286
 44450
 44621
 44797
 44966
 45129
 45301
 45446
 45634
 45818
 45987
 46180
 46343
 46516
 46692
 46857
 47034
 47203
 47362
 47513
 47644
 47783
 47920
 48078
 48231
 48360
 48493
 48628
 48768
 48918
 49058
 49190
 49338
 49482
 49641
 49804
 49960
 50122
 50276
 50434
 50581
 50729
 50895
 51074
 51235
 51386
 51546
 51686
 51841
 51989
 52131
 52335
 52483
 52597
 52693
 52817
 52945
 53099
 53244
 53394
 53535
 53674
 53810
 53947
 54088
 54214
 54356
 54486
 54618
 54763
 54903
 55036
 55159
 55277
 55392
 55531
 55648
 55754
 55860
 55954
 56046
 56147
 56247
 56338
 56452
 56564
 56663
 56771
 56876
 56979
 57094
 57198
 57297
 57417
 57513
 57563
 57657
 65976
 79695
 79701
 79702
 58999
 79715
 79726
 79728
 79736
 79734
 79732
 79735
 79732
 79729
 79733
 79719
 79728
 79733
 79739
 79741
 79723
 79733
 79733
 79727
 79731
 79719
 79713
 79715
 79717
 79724
 79722
 79720
 79717
 79732
 79721
 79716
 79721
 79723
 79733
 79725
 79720
 79718
 77300
 61810
 61882
 69076
 79718
 79732
 79720
 79721
 79722
 79726
 79722
 79720
 79723
