Sa, 15.02.25    13:19:16
340 Grimm-2
2		
47.680
0.000
0.000


 16024
 16097
 16161
 16244
 16311
 16400
 16491
 16571
 16658
 16728
 16811
 16905
 17010
 17091
 17194
 17286
 17387
 17496
 17600
 17676
 17810
 17909
 18011
 18102
 18193
 18303
 18410
 18509
 18617
 18709
 18823
 18918
 19036
 19133
 19223
 19359
 19484
 19594
 19703
 19820
 19932
 20047
 20146
 20265
 20368
 20458
 20568
 20680
 20780
 20896
 20996
 21116
 21224
 21343
 21459
 21593
 21718
 21868
 22010
 22142
 22273
 22388
 22503
 22619
 22731
 22847
 22973
 23087
 23205
 23316
 23445
 23564
 23695
 23820
 23958
 24099
 24238
 24362
 24480
 24606
 24733
 24855
 24979
 25100
 25231
 25358
 25465
 25598
 25722
 25848
 25987
 26123
 26285
 26411
 26543
 26679
 26803
 26930
 27058
 27190
 27325
 27452
 27581
 27715
 27845
 27982
 28131
 28269
 28418
 28579
 28716
 28845
 28974
 29108
 29232
 29370
 29499
 29636
 29759
 29891
 30025
 30163
 30319
 30483
 30627
 30791
 30929
 31060
 31202
 31318
 31445
 31578
 31725
 31864
 32005
 32138
 32293
 32441
 32592
 32751
 32899
 33052
 33192
 33320
 33448
 33595
 33738
 33884
 34027
 34156
 34293
 34430
 34587
 34747
 34913
 35084
 35244
 35392
 35539
 35683
 35829
 35967
 36100
 36244
 36374
 36529
 36684
 36840
 37003
 37180
 37336
 37489
 37632
 37775
 37927
 38067
 38213
 38354
 38511
 38664
 38829
 38994
 39146
 39313
 39462
 39621
 39768
 39918
 40071
 40229
 40384
 40546
 40709
 40859
 41028
 41188
 41342
 41510
 41663
 41808
 41962
 42119
 42295
 42455
 42629
 42805
 42981
 43146
 43291
 43444
 43583
 43745
 43890
 44047
 44209
 44358
 44522
 44693
 44854
 45027
 45185
 45343
 45490
 45649
 45812
 45977
 46164
 46337
 46505
 46673
 46841
 47007
 47165
 47332
 47495
 47646
 47773
 47934
 48101
 48221
 48366
 48501
 48631
 48775
 48917
 49077
 49226
 49382
 49535
 49690
 49841
 49993
 50146
 50273
 50413
 50574
 50726
 50877
 51035
 51195
 51344
 51514
 51700
 51855
 52031
 52258
 52403
 52487
 52608
 52735
 52858
 52996
 53146
 53305
 53458
 53609
 53738
 53892
 54006
 54154
 54254
 54388
 54518
 54647
 54774
 54900
 55122
 55246
 55386
 55538
 55665
 55776
 55893
 55998
 56122
 56233
 56335
 56480
 56623
 56757
 56888
 56992
 57101
 57210
 57314
 57416
 57513
 57629
 57737
 57843
 57962
 58082
 58203
 58316
 58440
 58584
 58707
 58948
 58855
 76867
 79794
 79809
 79821
 79843
 79855
 79844
 79866
 79868
 79863
 79863
 79859
 79866
 79863
 79863
 79858
 79856
 79848
 79847
 79850
 79842
 79839
 79838
 79822
 79795
 63979
 61932
 61953
 62037
 62131
 62307
 62571
 62562
 62610
 62610
 62750
 62946
 63016
 63119
 63230
 63320
 63397
 63476
 63560
 63655
 63750
 63837
 63899
 63984
 64120
