Sa, 15.02.25    12:52:42
229 Lukas-1
1		
49.680
0.000
0.000


 21326
 21384
 21428
 21431
 21459
 21513
 21554
 21610
 21667
 21711
 21752
 21797
 21835
 21871
 21921
 21969
 22025
 22073
 22134
 22206
 22279
 22345
 22416
 22497
 22572
 22630
 22712
 22787
 22857
 22929
 23026
 23113
 23193
 23286
 23382
 23453
 23536
 23633
 23722
 23792
 23891
 23996
 24090
 24184
 24278
 24359
 24444
 24510
 24595
 24681
 24769
 24870
 24964
 25066
 25171
 25254
 25361
 25454
 25567
 25695
 25797
 25899
 25989
 26090
 26191
 26292
 26380
 26478
 26574
 26686
 26798
 26936
 27036
 27159
 27268
 27398
 27517
 27632
 27730
 27840
 27957
 28065
 28168
 28270
 28384
 28501
 28618
 28737
 28865
 28997
 29140
 29257
 29380
 29507
 29615
 29725
 29845
 29953
 30074
 30193
 30325
 30432
 30561
 30700
 30832
 30955
 31100
 31227
 31340
 31457
 31586
 31708
 31834
 31953
 32106
 32231
 32354
 32478
 32623
 32771
 32903
 33060
 33182
 33302
 33433
 33562
 33686
 33799
 33934
 34076
 34206
 34349
 34487
 34629
 34765
 34925
 35067
 35211
 35335
 35468
 35601
 35738
 35869
 36004
 36136
 36266
 36417
 36561
 36728
 36873
 37027
 37169
 37306
 37443
 37574
 37707
 37836
 37986
 38128
 38262
 38406
 38555
 38712
 38863
 39005
 39164
 39299
 39446
 39587
 39732
 39877
 40019
 40175
 40325
 40478
 40647
 40821
 40956
 41107
 41244
 41377
 41517
 41667
 41823
 41974
 42125
 42277
 42423
 42572
 42716
 42882
 43021
 43170
 43320
 43468
 43629
 43776
 43931
 44090
 44242
 44406
 44568
 44731
 44882
 45032
 45181
 45326
 45480
 45639
 45796
 45932
 46083
 46230
 46372
 46533
 46691
 46849
 47006
 47152
 47317
 47462
 47607
 47757
 47905
 48075
 48251
 48432
 48609
 48756
 48902
 49041
 49186
 49329
 49467
 49625
 49767
 49930
 50095
 50226
 50367
 50490
 50630
 50762
 50893
 51025
 51152
 51294
 51418
 51558
 51713
 51861
 52022
 52180
 52330
 52475
 52603
 52734
 52907
 53042
 53181
 53309
 53498
 53614
 53723
 53859
 53970
 54097
 54235
 54374
 54518
 54663
 54801
 54944
 55082
 55208
 55339
 55480
 55609
 55736
 55863
 55976
 56097
 56202
 56300
 56432
 56548
 56653
 56767
 56863
 56970
 57091
 57221
 57342
 57434
 57543
 57624
 57725
 57812
 57938
 58011
 58103
 58127
 57997
 58024
 58165
 58285
 58402
 58666
 58946
 58998
 59100
 59166
 59318
 59472
 79612
 79613
 79608
 79611
 67059
 60188
 60221
 79616
 79615
 79613
 79612
 79618
 79603
 79609
 79613
 79608
 79617
 79613
 79612
 79610
 79617
 79614
 79615
 79615
 79624
 79613
 79601
 79615
 79606
 79608
 79609
 79615
 79608
 79609
 79608
 79496
     0
 13060
 25902
 79612
 79601
 79607
 79615
 79614
 79611
 79614
 79611
 48980
 12828
 12603
 12619
 12525
 12510
 12469
 12429
 12402
 12374
 12361
 12325
 12243
 12325
 12356
 12354
 12341
 12342
 12357
 12376
 12436
 12518
 12592
 12610
 12617
 12624
 12529
 12817
 12818
 12568
 12541
 12552
 12554
 12574
 12587
 12590
 12569
 12607
 12575
 47607
 79611
 79610
 79619
 79611
 79618
 79614
 79607
 79618
 79611
 79618
 79612
 79610
 79612
 79609
 79603
 79599
 79610
 79619
 79621
 79606
 79620
 79611
 79615
 79614
 79604
 79609
 79612
 79614
 79606
 79613
 79614
 79616
 79614
 79621
 79605
 79609
 79626
 79613
 79611
 79616
 79621
 79613
 79608
 79612
 79620
 79606
 79624
 79614
 57385
 13183
 13106
 13090
 13152
 13118
 13135
 13148
 13171
 13188
 13211
 13219
 13226
 13219
 13325
 13357
 13336
 13351
 13373
 13371
 13364
 13374
 13361
 13363
 13362
 13379
 13378
 13372
 13382
 13398
 13386
 13404
 13402
 13407
 13413
 13419
 13437
 13453
 13451
 13467
 13474
 13501
 13494
 13510
 13518
 13533
 13542
 13567
 13572
 13580
 13587
 13606
 13616
 13628
 13651
 13661
 13681
 13691
 13688
 13712
 13720
 13742
 13751
 13763
 13762
 13773
 13781
 13785
 13797
 13814
 13814
 13819
 13829
 13829
 13842
 13837
 13851
 13870
 13875
 13886
 13897
 13908
 13915
 13930
 13949
 13958
 13974
 13984
 13993
 14000
 14013
 14026
 14032
 14054
 14057
 14052
 14075
 14067
 14090
 14101
 14102
 14103
 14095
 14103
 14113
 14106
 14104
 14103
 14115
 14107
 14094
 14096
 14099
 14090
 14089
 14090
 14096
 14086
 14081
 14087
 14081
 14086
 14086
 14080
 14077
 14066
 14078
 14065
 14068
 14069
 14071
 14065
 14067
 14070
 14071
 14077
 14059
 14060
 14061
 14072
 14072
 14064
 14079
 14077
 14082
 14095
 14113
 14155
 14172
 14238
 14323
 38758
 84033
 88395
 88387
 88468
 88496
 89604
 90228
 89896
 89223
 88384
 87558
 86865
 86448
 86012
 85668
 85354
 85063
 84891
 84706
 84575
 84547
 84522
 84528
 84485
 84457
 84490
 84507
 84511
 84484
 84524
 84508
 84530
 84514
 84520
 84525
 84547
 84516
 84545
 84559
 84556
 84555
 84571
 84530
 84573
 84543
 84572
 84580
 84567
 84552
 84589
