Sa, 15.02.25    12:56:53
460 Eze-1
1		
47.680
0.000
0.000


 10050
 10114
 10193
 10265
 10350
 10431
 10532
 10619
 10705
 10793
 10856
 10929
 11010
 11096
 11169
 11246
 11316
 11388
 11453
 11581
 11702
 11768
 11884
 11982
 12101
 12209
 12315
 12398
 12499
 12593
 12694
 12787
 12891
 12986
 13098
 13187
 13273
 13410
 13511
 13632
 13757
 13870
 14012
 14131
 14246
 14358
 14466
 14562
 14669
 14785
 14885
 14995
 15102
 15247
 15369
 15469
 15591
 15726
 15837
 15982
 16096
 16185
 16298
 16416
 16527
 16648
 16762
 16873
 16994
 17149
 17277
 17418
 17562
 17699
 17840
 17985
 18123
 18252
 18364
 18491
 18637
 18770
 18889
 19036
 19169
 19304
 19435
 19582
 19737
 19869
 20008
 20139
 20270
 20385
 20514
 20636
 20793
 20933
 21081
 21234
 21389
 21534
 21690
 21843
 21991
 22129
 22273
 22403
 22559
 22696
 22844
 22985
 23142
 23284
 23424
 23579
 23735
 23903
 24053
 24196
 24336
 24467
 24613
 24753
 24919
 25085
 25238
 25409
 25585
 25748
 25913
 26046
 26183
 26328
 26473
 26607
 26769
 26929
 27120
 27274
 27426
 27586
 27740
 27901
 28050
 28207
 28354
 28502
 28644
 28793
 28959
 29126
 29288
 29463
 29640
 29820
 30002
 30162
 30317
 30449
 30588
 30753
 30915
 31090
 31262
 31406
 31558
 31729
 31899
 32064
 32239
 32400
 32563
 32709
 32847
 33002
 33167
 33329
 33494
 33682
 33862
 34046
 34222
 34383
 34529
 34696
 34860
 35027
 35195
 35366
 35515
 35684
 35846
 35999
 36168
 36333
 36491
 36668
 36819
 36985
 37150
 37307
 37493
 37664
 37833
 38020
 38204
 38373
 38538
 38695
 38872
 39036
 39205
 39376
 39542
 39701
 39868
 40038
 40214
 40379
 40574
 40752
 40914
 41085
 41246
 41389
 41535
 41714
 41886
 42079
 42274
 42465
 42634
 42801
 42968
 43126
 43293
 43449
 43616
 43779
 43943
 44096
 44270
 44425
 44597
 44773
 44960
 45125
 45299
 45467
 45644
 45812
 45996
 46173
 46364
 46531
 46707
 46889
 47061
 47228
 47389
 47551
 47718
 47857
 48027
 48180
 48323
 48451
 48592
 48738
 48887
 49036
 49190
 49339
 49487
 49644
 49791
 49934
 50091
 50253
 50426
 50642
 50819
 50991
 51158
 51306
 51439
 51594
 51779
 51919
 52045
 52195
 52342
 52477
 52616
 52755
 52893
 53046
 53193
 53332
 53480
 53616
 53768
 53914
 54059
 54200
 54343
 54495
 54638
 54777
 54919
 55040
 55173
 55310
 55452
 55579
 55713
 55839
 55960
 56077
 56183
 56291
 56397
 56499
 56596
 56693
 56783
 56898
 57002
 57084
 57204
 57313
 57405
 57521
 57616
 57702
 57790
 57896
 57994
 58099
 58208
 58317
 58432
 58597
 58729
 58850
 58984
 70291
 79852
 79886
 79898
 79914
 79930
 79916
 79922
 79923
 79915
 79922
 79921
 79917
 79916
 79919
 79925
 79920
 79920
 79933
 79921
 79921
 79915
 79918
 79914
 79915
 79927
 79915
 79919
 79915
 79912
 79919
 79918
 79922
 79920
 79918
 79913
 79922
 79910
 79913
 79916
 79914
 79915
 79921
 79917
 79918
 79915
 79911
 79923
 79902
 79918
