Sa, 15.02.25    12:46:03
524 Baudisch-1
1		
49.680
0.000
0.000


 20465
 20609
 20632
 20522
 20508
 20566
 20570
 20756
 20841
 20907
 20879
 20858
 20905
 20878
 20904
 20930
 20987
 21025
 21075
 21141
 21202
 21259
 21332
 21404
 21477
 21551
 21634
 21706
 21782
 21855
 21936
 22013
 22108
 22191
 22275
 22372
 22463
 22551
 22638
 22727
 22826
 22925
 23028
 23110
 23199
 23270
 23374
 23452
 23551
 23653
 23765
 23856
 23975
 24075
 24183
 24299
 24418
 24535
 24659
 24772
 24882
 24982
 25077
 25194
 25301
 25407
 25529
 25635
 25761
 25887
 25993
 26121
 26247
 26356
 26469
 26580
 26708
 26812
 26930
 27052
 27175
 27292
 27442
 27558
 27685
 27813
 27955
 28104
 28236
 28353
 28469
 28586
 28713
 28838
 28974
 29103
 29246
 29388
 29525
 29658
 29802
 29949
 30093
 30222
 30348
 30468
 30608
 30736
 30870
 31006
 31143
 31281
 31427
 31573
 31728
 31868
 32022
 32147
 32286
 32418
 32551
 32688
 32819
 32976
 33131
 33275
 33412
 33572
 33727
 33881
 34033
 34179
 34303
 34459
 34610
 34745
 34881
 35019
 35173
 35335
 35496
 35654
 35812
 35964
 36105
 36249
 36371
 36543
 36696
 36841
 36988
 37148
 37318
 37472
 37631
 37771
 37902
 38068
 38207
 38330
 38471
 38626
 38785
 38927
 39085
 39246
 39416
 39573
 39741
 39904
 40066
 40216
 40361
 40519
 40678
 40825
 40983
 41139
 41296
 41438
 41606
 41774
 41942
 42095
 42261
 42404
 42545
 42690
 42841
 43007
 43186
 43339
 43504
 43671
 43829
 43971
 44131
 44283
 44430
 44578
 44746
 44910
 45079
 45255
 45412
 45566
 45719
 45878
 46022
 46180
 46328
 46483
 46644
 46813
 46994
 47146
 47311
 47452
 47610
 47766
 47903
 48058
 36800
 24636
 24603
 24613
 24623
 24634
 24654
 24687
 24729
 24764
 24823
 24826
 24838
 24845
 24857
 24864
 24872
 24886
 24884
 24885
 24879
 24893
 24912
 24929
 24953
 24963
 24991
 25011
 25043
 25064
 25095
 25111
 25145
 25171
 25183
 25214
 25235
 25242
 25252
 25279
 25301
 25310
 25332
 25348
 25349
 25328
 25372
 25422
 25511
 25542
 25604
 25618
 25647
 25650
 25644
 25647
 25662
 25657
 25685
 25678
 25628
 52147
 56862
 56955
 57186
 57355
 57549
 57728
 57756
 57422
 57592
 57816
 57923
 57983
 57984
 57964
 58013
 58086
 58174
 58262
 58364
 58504
 58668
 58895
 59102
 59292
 59446
 59575
 59686
 59757
 59851
 60350
 60146
 66324
 71856
 71857
 71861
 71859
 71865
 71863
 71855
 71855
 71855
 71854
 71871
 71879
 71908
 71923
 71954
 71969
 71936
 71927
 71937
 71928
 71932
 71945
 71927
 71926
 71908
 71906
 71901
 71904
 71893
 71889
 71890
 71880
 71878
 71867
 71868
 71849
 71841
 71823
 71823
 71813
 71798
 71773
 71768
 71745
