Sa, 15.02.25    12:32:43
-
		
49.680
0.000
0.000


 15171
 14872
 14608
 14444
 14237
 14038
 13918
 13880
 13818
 13738
 13690
 13631
 13575
 13525
 13501
 13460
 13441
 13429
 13419
 13410
 13413
 13423
 13411
 13407
 13402
 13405
 13384
 13388
 13368
 13375
 13371
 13406
 13469
 13604
 13824
 13935
 13901
 13896
 14004
 14133
 14354
 14634
 14744
 14796
 14824
 14842
 14842
 14744
 14587
 14406
 14307
 14255
 14200
 14094
 13972
 13803
 13656
 13559
 13301
 13136
 13133
 13140
 13139
 13143
 13135
 13127
 13124
 13128
 13122
 13127
 13115
 13117
 13099
 13085
 13093
 13081
 13086
 13078
 13052
 13047
 13069
 13050
 13075
 13072
 13108
 13103
 13097
 13086
 13134
 13201
 13189
 13445
     0
     0
 88892
 88785
 88816
 88729
 89386
 89871
 89792
 89813
 89829
 89891
 89948
 89806
 89646
 89346
 89040
 88733
 88413
 88201
 87967
 87760
 87583
 87397
 87228
 87061
 86912
 86786
 86601
 86425
 86265
 86102
 85885
 85714
 85527
 85397
 85240
 85079
 84938
 84820
 84690
 84503
 84421
 84294
 84172
 84039
 83919
 83821
 83742
 83592
