Sa, 15.02.25    13:44:34
145 Beraz 11-4
4		
47.680
0.000
0.000


 15580
 15648
 15723
 15777
 15852
 15945
 16010
 16087
 16160
 16236
 16338
 16427
 16531
 16627
 16723
 16831
 16925
 17020
 17123
 17213
 17325
 17413
 17520
 17613
 17719
 17817
 17934
 18051
 18160
 18266
 18350
 18459
 18557
 18680
 18776
 18892
 19014
 19121
 19240
 19345
 19457
 19585
 19692
 19777
 19878
 19998
 20105
 20215
 20336
 20464
 20581
 20704
 20807
 20906
 21016
 21115
 21222
 21315
 21427
 21538
 21673
 21799
 21920
 22056
 22192
 22319
 22431
 22531
 22634
 22754
 22877
 23002
 23130
 23278
 23395
 23533
 23639
 23749
 23862
 23961
 24088
 24197
 24314
 24430
 24557
 24662
 24787
 24905
 25035
 25163
 25300
 25430
 25580
 25719
 25858
 25970
 26099
 26221
 26334
 26438
 26563
 26702
 26836
 26972
 27116
 27257
 27403
 27540
 27687
 27820
 27942
 28081
 28201
 28323
 28451
 28580
 28708
 28834
 28977
 29110
 29242
 29395
 29544
 29704
 29857
 30002
 30148
 30273
 30410
 30551
 30679
 30819
 30953
 31089
 31235
 31382
 31533
 31704
 31867
 32002
 32145
 32284
 32417
 32564
 32688
 32833
 32969
 33092
 33222
 33363
 33523
 33690
 33863
 34034
 34184
 34334
 34464
 34609
 34755
 34895
 35038
 35188
 35331
 35476
 35625
 35790
 35960
 36112
 36270
 36396
 36541
 36699
 36828
 36980
 37126
 37262
 37408
 37562
 37719
 37880
 38049
 38216
 38372
 38525
 38688
 38838
 38974
 39131
 39274
 39419
 39578
 39742
 39904
 40072
 40248
 40407
 40560
 40721
 40872
 41008
 41153
 41307
 41442
 41586
 41750
 41928
 42102
 42273
 42442
 42599
 42751
 42904
 43047
 43209
 43349
 43515
 43684
 43846
 44018
 44188
 44349
 44502
 44653
 44822
 44967
 45132
 45294
 45439
 45596
 45751
 45921
 46082
 46261
 46422
 46601
 46765
 46923
 47088
 47251
 47397
 47551
 47694
 47838
 48003
 48157
 48311
 48454
 48591
 48719
 48853
 48992
 49123
 49252
 49384
 49507
 49655
 49807
 49970
 50154
 50317
 50488
 50640
 50819
 50982
 51131
 51283
 51436
 51583
 51713
 51845
 51975
 52107
 52230
 52363
 52505
 52647
 52790
 52915
 53040
 53151
 53284
 53406
 53530
 53656
 53787
 53918
 54051
 54173
 54315
 54458
 54585
 54715
 54837
 54953
 55069
 55202
 55332
 55440
 55549
 55650
 55759
 55862
 55967
 56081
 56184
 56285
 56381
 56464
 56565
 56656
 56738
 56828
 56900
 56980
 57063
 57164
 57257
 57353
 57444
 57535
 57621
 57717
 57802
 57896
 58005
 58112
 58229
 58439
 58606
 58718
 58880
 59013
 59110
 66846
 79832
 79839
 79860
 79887
 79895
 79914
 79925
 79931
 79928
 79934
 79941
 79923
 79935
 79913
 79926
 79923
 79917
 79922
 79922
 79935
 79920
 79916
 79913
 79907
 79922
 79914
 79914
 79915
 79906
 79907
 79907
 79908
 79922
 79915
 79917
 79909
 79912
 79904
 79915
 79915
 79910
 79905
 79910
 79909
 79925
 79926
 79923
 79927
 79934
