Sa, 15.02.25    14:05:00
460 Eze-6
6		
47.680
0.000
0.000


  8311
  8372
  8441
  8512
  8561
  8620
  8680
  8722
  8801
  8857
  8916
  8991
  9061
  9128
  9200
  9284
  9370
  9453
  9550
  9656
  9740
  9808
  9863
  9942
 10028
 10111
 10187
 10262
 10327
 10417
 10506
 10601
 10694
 10791
 10881
 10997
 11100
 11198
 11291
 11379
 11480
 11587
 11689
 11806
 11901
 12015
 12103
 12219
 12332
 12444
 12557
 12671
 12783
 12917
 13056
 13182
 13300
 13413
 13508
 13603
 13710
 13838
 13946
 14070
 14192
 14312
 14433
 14561
 14692
 14849
 14977
 15095
 15190
 15294
 15428
 15522
 15638
 15757
 15875
 16024
 16144
 16274
 16415
 16563
 16730
 16870
 17010
 17115
 17230
 17353
 17486
 17628
 17763
 17906
 18038
 18175
 18303
 18466
 18616
 18771
 18894
 19022
 19149
 19261
 19378
 19516
 19663
 19808
 19969
 20133
 20267
 20414
 20585
 20753
 20911
 21060
 21187
 21307
 21446
 21590
 21739
 21865
 22013
 22163
 22338
 22497
 22673
 22822
 22958
 23088
 23225
 23362
 23519
 23671
 23836
 24000
 24149
 24295
 24465
 24642
 24822
 24982
 25141
 25297
 25431
 25582
 25736
 25892
 26022
 26176
 26330
 26492
 26678
 26847
 27008
 27161
 27309
 27451
 27606
 27763
 27930
 28090
 28230
 28404
 28599
 28789
 28966
 29117
 29266
 29427
 29590
 29743
 29893
 30062
 30242
 30407
 30565
 30740
 30923
 31088
 31242
 31392
 31562
 31716
 31874
 32031
 32198
 32373
 32547
 32729
 32926
 33101
 33263
 33415
 33581
 33740
 33901
 34060
 34224
 34402
 34576
 34753
 34922
 35097
 35291
 35437
 35615
 35786
 35931
 36088
 36261
 36407
 36572
 36759
 36948
 37148
 37338
 37515
 37677
 37834
 37994
 38151
 38325
 38506
 38678
 38860
 39032
 39199
 39349
 39543
 39734
 39925
 40074
 40222
 40407
 40600
 40782
 40945
 41103
 41266
 41461
 41660
 41810
 41993
 42178
 42374
 42551
 42702
 42877
 43038
 43184
 43337
 43510
 43684
 43855
 44035
 44222
 44392
 44544
 44706
 44879
 45051
 45223
 45387
 45552
 45748
 45926
 46116
 46288
 46448
 46620
 46785
 46952
 47116
 47281
 47445
 47607
 47754
 47914
 48076
 48225
 48350
 48493
 48638
 48789
 48939
 49083
 49222
 49363
 49518
 49654
 49827
 49981
 50154
 50362
 50553
 50728
 50903
 51056
 51226
 51350
 51514
 51678
 51836
 51988
 52136
 52281
 52410
 52550
 52673
 52783
 52965
 53114
 53280
 53433
 53580
 53722
 53872
 54012
 53972
 53996
 54340
 54505
 54680
 54837
 54982
 55118
 55267
 55397
 55530
 55666
 55798
 55934
 56063
 56186
 56303
 56404
 56524
 56620
 56746
 56861
 56970
 57075
 57193
 57296
 57406
 57509
 57637
 57750
 57836
 57961
 58069
 58187
 58328
 58457
 58563
 58696
 58862
 59040
 59238
 61192
 79708
 79687
 79699
 79719
 79718
 79728
 79734
 79739
 79740
 79729
 79730
 79716
 79733
 79725
 79721
 79723
 79716
 79719
 79724
 79729
 79735
 79736
 79725
 79725
 79725
 79725
 79726
 79723
 79733
 79732
 79731
 79723
 79724
 79733
 79726
 79725
 79719
 79726
 79730
 79722
 79731
 79726
 79725
 79723
 79724
 79719
 79728
 79719
 79734
