Sa, 15.02.25    13:26:57
142 Ketzel-3
3		
49.680
0.000
0.000


 19934
 19995
 20028
 20081
 20144
 20192
 20236
 20307
 20356
 20433
 20522
 20584
 20637
 20692
 20740
 20800
 20873
 20950
 21031
 21108
 21180
 21230
 21295
 21400
 21491
 21594
 21682
 21789
 21876
 21951
 22025
 22096
 22170
 22246
 22337
 22410
 22518
 22619
 22701
 22806
 22904
 23001
 23118
 23222
 23298
 23389
 23511
 23600
 23702
 23805
 23915
 24023
 24123
 24218
 24330
 24459
 24610
 24767
 24888
 24992
 25074
 25167
 25251
 25356
 25469
 25582
 25719
 25844
 25974
 26092
 26196
 26325
 26463
 26577
 26682
 26767
 26877
 27011
 27146
 27277
 27406
 27553
 27685
 27827
 27957
 28108
 28251
 28381
 28497
 28603
 28730
 28848
 28984
 29103
 29255
 29391
 29521
 29659
 29806
 29954
 30118
 30239
 30357
 30480
 30607
 30747
 30889
 31036
 31191
 31325
 31463
 31617
 31777
 31940
 32086
 32225
 32348
 32482
 32593
 32745
 32880
 33044
 33186
 33327
 33474
 33634
 33805
 33951
 34096
 34216
 34343
 34486
 34647
 34797
 34959
 35126
 35281
 35433
 35594
 35761
 35926
 36065
 36202
 36326
 36474
 36630
 36794
 36957
 37110
 37268
 37421
 37590
 37751
 37899
 38040
 38189
 38330
 38493
 38646
 38794
 38962
 39127
 39286
 39450
 39613
 39780
 39964
 40125
 40277
 40415
 40573
 40729
 40891
 41069
 41212
 41347
 41500
 41666
 41854
 42021
 42183
 42331
 42484
 42639
 42788
 42959
 43106
 43262
 43415
 43596
 43776
 43953
 44118
 44282
 44434
 44604
 44762
 44924
 45082
 45235
 45394
 45545
 45704
 45874
 46052
 46221
 46362
 46516
 46680
 46830
 47003
 47169
 47320
 47479
 47638
 47803
 47986
 48151
 48321
 48483
 48652
 48811
 48971
 49126
 49289
 49447
 49578
 49725
 49878
 50044
 50210
 50377
 50505
 50641
 50774
 50908
 51035
 51170
 51305
 51425
 51569
 51713
 51862
 52006
 52162
 52339
 52507
 52674
 52827
 53007
 53166
 53314
 53504
 53610
 53734
 53851
 53980
 54087
 54221
 54352
 54494
 54654
 54809
 54936
 55088
 55232
 55351
 55495
 55624
 55768
 55900
 56017
 56136
 56256
 56376
 56494
 56625
 56743
 56866
 56977
 57083
 57204
 57331
 57451
 57589
 57726
 57857
 57999
 58115
 58227
 58345
 58467
 58587
 58695
 58804
 58918
 59052
 59147
 59261
 59344
 59435
 59529
 59644
 59757
 59886
 60070
 60265
 60369
 61168
 79759
 79746
 79758
 79778
 79769
 79771
 79762
 79758
 79760
 79756
 79750
 79742
 79745
 79740
 78374
 26829
 26767
 26800
 26825
 26811
 26821
 26846
 26885
 26941
 26981
 27002
 27011
 27032
 27037
 27054
 27066
 27090
 27109
 27130
 27147
 27175
 27206
 27246
 27291
 27333
 27387
 27422
 27465
 27531
 27539
 27549
 27552
 27585
 27584
 27548
 27681
 49320
 62927
 62948
 62988
 62999
 63021
 63038
 63048
 63050
 63068
 63080
 63100
 63115
 63140
 63165
 63178
 63225
 63259
 63303
 63324
 63354
 63373
 63414
 63526
 63638
 63674
 63712
 63746
 63782
 63821
 63852
 63870
 63843
 63624
 52534
 42475
 42462
 42408
 42403
 42388
 42353
 42334
 42287
 42235
 42189
 42160
 42110
 42070
 42037
 42012
 41984
 41956
 41940
 41915
 41898
 41864
 41849
 41827
 41806
 41777
 41754
 41735
 41711
 41679
 41657
 41634
 41603
 32830
 22663
 22580
 22461
 22442
 22459
 22435
 22412
 22369
 22343
 22320
 22296
 22264
 22225
 22181
 22111
 22046
 21969
 21900
 21866
 21828
 21815
 21772
 21741
 21706
 21678
 21642
 21604
 21586
 21553
 21520
 21488
 21461
 21433
 21403
 21382
 21351
 21334
 21309
 21283
 21260
 21230
 21221
 21193
 21167
 21131
 21098
 21076
 21045
 21014
 20996
 20994
 20978
 20956
 20939
 20921
 20911
 20895
 20879
 20864
 20838
 20809
 20788
 20774
 20742
 20709
 20682
 20657
 20627
 20604
 20567
 20535
 20503
 20468
 20437
 20407
 20375
 20332
 20311
 20264
 20230
 20190
 20151
 20107
 20068
 20034
 20003
 19966
 19929
 19889
 19837
 19813
 19760
 19698
 19658
 19624
 19583
 19560
 19522
 19530
 19518
 19503
 19477
 19453
 19451
 19426
 19410
 19392
 19383
 19358
 19348
 19340
 19273
 19292
 36779
 67600
 67880
 69633
 79662
 79652
 79632
 79622
 79616
 79608
 79581
 79570
 79557
 79521
 79500
 79468
 79449
 79432
 79421
 79388
 79384
 79371
 81185
 83855
 81330
 81627
 81633
 82153
 82317
 82413
 81931
 82650
 83133
 83652
 84175
 84210
 84503
 84767
 84814
 84781
 84757
 84730
 84765
 84817
 84944
 84957
 84899
 84825
 84796
 84795
 84803
