Sa, 15.02.25    13:15:25
329 Werner-2
2		
47.680
0.000
0.000


 20520
 20612
 20708
 20805
 20886
 20981
 21093
 21198
 21274
 21364
 21477
 21578
 21675
 21783
 21893
 22019
 22128
 22222
 22338
 22406
 22507
 22601
 22708
 22792
 22888
 22995
 23097
 23203
 23320
 23424
 23562
 23673
 23802
 23937
 24072
 24185
 24291
 24400
 24516
 24625
 24732
 24851
 24952
 25089
 25214
 25340
 25463
 25582
 25717
 25854
 25974
 26087
 26198
 26307
 26428
 26542
 26658
 26776
 26914
 27064
 27206
 27335
 27471
 27602
 27739
 27881
 28007
 28113
 28234
 28354
 28501
 28636
 28764
 28920
 29060
 29205
 29346
 29501
 29640
 29792
 29926
 30049
 30178
 30316
 30437
 30559
 30697
 30843
 30989
 31140
 31291
 31434
 31594
 31749
 31889
 32031
 32159
 32297
 32449
 32580
 32733
 32894
 33049
 33198
 33353
 33510
 33671
 33811
 33939
 34089
 34218
 34381
 34530
 34671
 34832
 34997
 35163
 35332
 35492
 35653
 35774
 35921
 36066
 36202
 36352
 36519
 36676
 36839
 37009
 37171
 37347
 37495
 37639
 37776
 37924
 38075
 38221
 38364
 38544
 38698
 38879
 39054
 39223
 39384
 39545
 39698
 39852
 40008
 40178
 40338
 40511
 40668
 40833
 41007
 41153
 41283
 41405
 41551
 41715
 41911
 42101
 42256
 42411
 42577
 42757
 42926
 43090
 43243
 43401
 43562
 43714
 43879
 44045
 44206
 44368
 44529
 44702
 44855
 45026
 45185
 45336
 45494
 45651
 45817
 45970
 46140
 46315
 46481
 46654
 46821
 46993
 47156
 47319
 47476
 47614
 47763
 47892
 48043
 48203
 48363
 48512
 48638
 48766
 48910
 49053
 49185
 49327
 49462
 49603
 49766
 49922
 50090
 50250
 50444
 50621
 50770
 50928
 51098
 51246
 51411
 51546
 51696
 51833
 51972
 52102
 52234
 52366
 52513
 52642
 52683
 52639
 53031
 53274
 53404
 53554
 53692
 53818
 53950
 54070
 54141
 54266
 54464
 54621
 54748
 54867
 54992
 55120
 55247
 55360
 55500
 55606
 55727
 55846
 55942
 56037
 56152
 56248
 56361
 56468
 56553
 56658
 56786
 56925
 57017
 57154
 57250
 57353
 57459
 57553
 57657
 57791
 57926
 58057
 58208
 58360
 58608
 58875
 72758
 79591
 79578
 79585
 79601
 79610
 79642
 79639
 79652
 79649
 79645
 79650
 79639
 79639
 79634
 79637
 79638
 79644
 79650
 79643
 79636
 79650
 79640
 79628
 79638
 79639
 79644
 79638
 79643
 79643
 79644
 79633
 79637
 79634
 79638
 79639
 79646
 79623
 79636
 79643
 79638
 79645
 79640
 79656
 79638
 79646
 79651
 79644
 79647
 79641
