Sa, 15.02.25    13:53:44
794 Nathan-5
5		
49.680
0.000
0.000


 11681
 11738
 11786
 11827
 11872
 11902
 11964
 12005
 12044
 12093
 12135
 12182
 12256
 12286
 12329
 12374
 12432
 12475
 12535
 12589
 12644
 12715
 12759
 12821
 12883
 12920
 12989
 13047
 13096
 13154
 13193
 13263
 13336
 13393
 13480
 13535
 13590
 13657
 13717
 13794
 13845
 13902
 13977
 14052
 14114
 14186
 14243
 14315
 14361
 14420
 14480
 14539
 14618
 14679
 14738
 14835
 14932
 15015
 15098
 15199
 15294
 15382
 15496
 15587
 15681
 15789
 15879
 15982
 16064
 16140
 16241
 16343
 16436
 16539
 16650
 16748
 16867
 16972
 17086
 17186
 17304
 17417
 17515
 17619
 17718
 17831
 17942
 18047
 18180
 18287
 18399
 18514
 18630
 18747
 18875
 18994
 19128
 19249
 19384
 19491
 19603
 19718
 19818
 19944
 20072
 20193
 20325
 20465
 20602
 20738
 20825
 20949
 21087
 21204
 21323
 21449
 21573
 21721
 21834
 21960
 22096
 22235
 22332
 22469
 22614
 22735
 22874
 23024
 23175
 23315
 23436
 23567
 23688
 23811
 23944
 24082
 24229
 24377
 24539
 24680
 24818
 24966
 25127
 25275
 25418
 25569
 25695
 25828
 25964
 26100
 26223
 26360
 26494
 26643
 26802
 26949
 27112
 27280
 27458
 27604
 27740
 27868
 28001
 28130
 28281
 28442
 28592
 28757
 28906
 29056
 29201
 29365
 29533
 29679
 29837
 29978
 30144
 30279
 30419
 30581
 30722
 30862
 31032
 31192
 31335
 31520
 31692
 31865
 32015
 32174
 32308
 32461
 32617
 32764
 32924
 33088
 33250
 33403
 33582
 33750
 33921
 34064
 34223
 34374
 34512
 34673
 34834
 34999
 35165
 35324
 35498
 35687
 35865
 36015
 36188
 36320
 36467
 36636
 36791
 36957
 37123
 37292
 37467
 37629
 37797
 37979
 38134
 38295
 38443
 38608
 38769
 38916
 39096
 39242
 39407
 39589
 39765
 39956
 40149
 40323
 40482
 40631
 40796
 40962
 41126
 41285
 41450
 41624
 41797
 41972
 42153
 42329
 42487
 42648
 42804
 42967
 43141
 43313
 43484
 43662
 43843
 44020
 44208
 44374
 44541
 44692
 44857
 45016
 45204
 45358
 45537
 45703
 45889
 46054
 46231
 46379
 46552
 46705
 46874
 47050
 47213
 47401
 47563
 47727
 47917
 48100
 48274
 48456
 48619
 48794
 48959
 49127
 49280
 49442
 49589
 49751
 49912
 50083
 50223
 50357
 50491
 50645
 50789
 50927
 51078
 51220
 51358
 51506
 51647
 51798
 51956
 52111
 52267
 52435
 52608
 52764
 52929
 53094
 53270
 53421
 53594
 53752
 53928
 54055
 54193
 54325
 54454
 54591
 54738
 54892
 55061
 55198
 55340
 55495
 55628
 55763
 55884
 56041
 56178
 56346
 56465
 56619
 56773
 56911
 57035
 57146
 57265
 57396
 57507
 57619
 57731
 57831
 57957
 58073
 58201
 58310
 58426
 58538
 58642
 58749
 58862
 58986
 59061
 59148
 76409
 79657
 79661
 79674
 79672
 79680
 79690
 79692
 79705
 79716
 79724
 79720
 79722
 79712
 79702
 79708
 79694
 79694
 79705
 79696
 79705
 79713
 79700
 79700
 79709
 79714
 79691
 79706
 79703
 79710
 79707
 79707
 79702
 79702
 79693
 79700
 79695
 79702
 79708
 79701
 79706
 79710
 79706
 79699
 79696
 79709
 79708
 79700
 79697
 79705
