Sa, 15.02.25    13:47:15
340 Grimm-4
4		
47.680
0.000
0.000


 13624
 13629
 13638
 13616
 13615
 13623
 13600
 13630
 13617
 13611
 13611
 13632
 13624
 13621
 13600
 13616
 13600
 13600
 13558
 13534
 13504
 13482
 13455
 13439
 13436
 13435
 13418
 13423
 13418
 13430
 13401
 13408
 13406
 13421
 13420
 13437
 13444
 13470
 13519
 13576
 13633
 13652
 13681
 13737
 13777
 13832
 13862
 13884
 13901
 13933
 13936
 13961
 13995
 14025
 14062
 14113
 14149
 14214
 14260
 14322
 14405
 14465
 14530
 14609
 14663
 14707
 14778
 14841
 14921
 14998
 15078
 15169
 15232
 15307
 15397
 15490
 15567
 15669
 15757
 15847
 15931
 16036
 16112
 16207
 16300
 16385
 16481
 16578
 16662
 16767
 16841
 16940
 17049
 17136
 17233
 17330
 17427
 17546
 17665
 17779
 17887
 17998
 18115
 18206
 18323
 18426
 18532
 18647
 18747
 18887
 19004
 19099
 19188
 19309
 19435
 19541
 19648
 19772
 19913
 20033
 20158
 20255
 20370
 20478
 20591
 20696
 20805
 20922
 21031
 21141
 21266
 21383
 21526
 21671
 21825
 21960
 22083
 22204
 22334
 22464
 22593
 22700
 22826
 22953
 23083
 23194
 23327
 23465
 23597
 23743
 23893
 24050
 24181
 24318
 24434
 24567
 24703
 24842
 24959
 25098
 25223
 25346
 25471
 25618
 25767
 25928
 26082
 26227
 26353
 26478
 26611
 26742
 26889
 27023
 27160
 27306
 27434
 27578
 27723
 27876
 28020
 28185
 28317
 28473
 28613
 28755
 28894
 29031
 29173
 29305
 29446
 29588
 29725
 29872
 30034
 30212
 30379
 30533
 30685
 30828
 30967
 31106
 31246
 31373
 31516
 31662
 31815
 31972
 32126
 32282
 32454
 32620
 32792
 32932
 33067
 33201
 33350
 33507
 33665
 33830
 33971
 34105
 34253
 34417
 34591
 34751
 34928
 35093
 35250
 35396
 35535
 35682
 35823
 35975
 36105
 36276
 36426
 36576
 36745
 36932
 37095
 37253
 37422
 37565
 37719
 37862
 38012
 38166
 38316
 38462
 38637
 38814
 38988
 39165
 39335
 39483
 39632
 39793
 39956
 40125
 40290
 40434
 40604
 40777
 40935
 41121
 41276
 41424
 41575
 41742
 41895
 42065
 42227
 42400
 42572
 42761
 42922
 43088
 43241
 43397
 43560
 43714
 43888
 44051
 44204
 44382
 44546
 44725
 44878
 45050
 45210
 45371
 45526
 45692
 45867
 46060
 46253
 46408
 46573
 46738
 46905
 47079
 47245
 47405
 47561
 47714
 47873
 48048
 48188
 48329
 48492
 48635
 48781
 48940
 49086
 49242
 49388
 49539
 49701
 49862
 50020
 50203
 50387
 50569
 50737
 50902
 51079
 51245
 51398
 51572
 51748
 51911
 52055
 52183
 52317
 52451
 52581
 52740
 52916
 53074
 53226
 53376
 53517
 53674
 53795
 53957
 54110
 54254
 54390
 54316
 54559
 54776
 54970
 55133
 55272
 55389
 55523
 55662
 55800
 55926
 56055
 56155
 56256
 56377
 56503
 56632
 56754
 56880
 57030
 57092
 57138
 57329
 57537
 57677
 57787
 57891
 57996
 58095
 58173
 58302
 58454
 58594
 58761
 58915
 59028
 59189
 59335
 59549
 59840
 59965
 60058
 60105
 70587
 79586
 79585
 79592
 79595
 79593
 79601
 79615
 79625
 79657
 79684
 79718
 79730
 79754
 79759
 79774
 79791
 79786
 79781
 79784
 79772
 79765
 79746
 79747
 79736
 79729
 79724
 79722
 79730
 79724
 79724
 79729
 79725
 79725
 79724
 79727
 79734
 79730
 79730
 79739
 79723
 79735
 79742
 79729
 79723
 79728
