Sa, 15.02.25    13:43:43
133 Teichmann-3
3		
47.680
0.000
0.000


 14897
 14942
 15028
 15122
 15192
 15273
 15348
 15432
 15502
 15584
 15657
 15743
 15814
 15899
 15979
 16071
 16153
 16224
 16307
 16400
 16488
 16596
 16717
 16836
 16931
 17043
 17155
 17263
 17352
 17468
 17569
 17658
 17772
 17886
 18000
 18112
 18236
 18374
 18488
 18616
 18739
 18839
 18942
 19046
 19173
 19290
 19406
 19534
 19672
 19791
 19933
 20069
 20192
 20329
 20434
 20537
 20660
 20768
 20897
 21022
 21170
 21299
 21433
 21582
 21738
 21882
 22022
 22163
 22283
 22416
 22560
 22693
 22837
 22975
 23121
 23261
 23418
 23578
 23749
 23892
 24021
 24156
 24289
 24421
 24558
 24707
 24870
 25042
 25199
 25340
 25507
 25666
 25803
 25936
 26057
 26185
 26340
 26509
 26684
 26833
 26989
 27139
 27309
 27487
 27629
 27772
 27927
 28041
 28178
 28312
 28475
 28630
 28808
 28985
 29162
 29333
 29488
 29652
 29806
 29952
 30079
 30253
 30414
 30581
 30742
 30898
 31040
 31211
 31375
 31556
 31705
 31867
 32021
 32164
 32315
 32466
 32639
 32789
 32968
 33132
 33294
 33472
 33633
 33814
 33973
 34134
 34302
 34458
 34627
 34789
 34941
 35118
 35296
 35472
 35651
 35824
 35977
 36123
 36267
 36421
 36575
 36749
 36922
 37096
 37271
 37438
 37627
 37792
 37957
 38117
 38273
 38449
 38619
 38781
 38943
 39097
 39274
 39460
 39644
 39825
 39992
 40167
 40317
 40479
 40639
 40800
 40958
 41131
 41308
 41471
 41654
 41838
 42017
 42183
 42359
 42523
 42681
 42844
 43005
 43184
 43346
 43531
 43724
 43894
 44102
 44273
 44438
 44592
 44752
 44918
 45074
 45262
 45420
 45588
 45770
 45942
 46103
 46280
 46432
 46601
 46774
 46940
 47110
 47281
 47442
 47598
 47750
 47918
 48101
 48258
 48410
 48547
 48695
 48849
 48980
 49152
 49314
 49419
 49563
 49748
 49916
 50078
 50250
 50377
 50503
 50663
 50801
 51085
 51268
 51459
 51576
 51705
 51842
 51993
 52123
 52254
 52377
 52536
 52683
 52821
 52985
 53125
 53277
 53412
 53566
 53711
 53858
 54000
 54142
 54288
 54428
 54569
 54707
 54841
 54969
 55113
 55251
 55387
 55515
 55636
 55748
 55849
 55904
 56015
 56151
 56248
 56441
 56560
 56674
 56815
 56931
 57035
 57134
 57231
 57334
 57417
 57501
 57575
 57662
 58844
 79612
 79618
 79630
 79657
 79665
 79695
 79713
 79724
 79737
 79734
 79734
 79722
 79723
 79724
 79715
 79700
 79676
 79678
 79689
 79680
 79663
 79683
 79667
 79680
 79685
 79674
 79678
 79680
 79675
 79674
 79680
 79682
 79677
 79677
 79680
 79676
 79677
 79673
 79682
 79679
 79690
 79673
 79669
 79670
 79682
 79681
 79678
 79677
 79678
 79681
