Sa, 15.02.25    13:16:37
367 Böhmer-2
2		
47.680
0.000
0.000


 13324
 13331
 13315
 13314
 13314
 13297
 13302
 13283
 13268
 13274
 13260
 13255
 13239
 13223
 13210
 13200
 13191
 13189
 13177
 13167
 13158
 13160
 13155
 13144
 13153
 13145
 13148
 13138
 13142
 13129
 13128
 13116
 13117
 13114
 13112
 13110
 13107
 13099
 13097
 13092
 13099
 13093
 13093
 13094
 13091
 13084
 13096
 13079
 13084
 13089
 13081
 13081
 13074
 13079
 13067
 13056
 13059
 13065
 13060
 13047
 13049
 13062
 13061
 13066
 13067
 13059
 13057
 13059
 13057
 13051
 13054
 13061
 13053
 13051
 13052
 13050
 13040
 13047
 13051
 13049
 13049
 13045
 13048
 13041
 13039
 13039
 13040
 13030
 13039
 13041
 13036
 13036
 13037
 13044
 13031
 13031
 13033
 13032
 13018
 13037
 13026
 13031
 13026
 13032
 13028
 13030
 13041
 13031
 13029
 13027
 13022
 13029
 13031
 13014
 13029
 13032
 13016
 13021
 13022
 13015
 13026
 13017
 13029
 13015
 13014
 13018
 13020
 13023
 13031
 13021
 13024
 13026
 13022
 13014
 13026
 13029
 13019
 13024
 13028
 13021
 13023
 13016
 13022
 13021
 13017
 13020
 13016
 13018
 13036
 13022
 13018
 13016
 13008
 13028
 13010
 13022
 13024
 13021
 13020
 13024
 13027
 13013
 13021
 13024
 13027
 13023
 13023
 13029
 13012
 13022
 13021
 13028
 13020
 13025
 13026
 13022
 13014
 13012
 13021
 13019
 13025
 13026
 13026
 13023
 13018
 13023
 13024
 13021
 13025
 13026
 13024
 13018
 13027
 13013
 13022
 13018
 13024
 13018
 13028
 13018
 13015
 13023
 13016
 13004
 13020
 13003
 13019
 13021
 13020
 13007
 13022
 13020
 13014
 13015
 13031
 13013
 13004
 13011
 13013
 13018
 13011
 13009
 13021
 13001
 13005
 13001
 13012
 13016
 13004
 13012
 13011
 13012
 13002
 13017
 12999
 13009
 13015
 13020
 13020
 13025
 13021
 13016
 13009
 13012
 13010
 13015
 13010
 13014
 13015
 13018
 13012
 13008
 13015
 13016
 13021
 13007
 13015
 13025
 13013
 13019
 13024
 13013
 13016
 13005
 13015
 13013
 13008
 13013
 13012
 13010
 13018
 13014
 13015
 13016
 13008
 13003
 13017
 13011
 13019
 13007
 13011
 13013
 13012
 13019
 13011
 13010
 13012
 13016
 13016
 13027
 13021
 13018
 13024
 13032
 13024
 13012
 13013
 13021
 13018
 13019
 13011
 11825
 10198
  9725
  9655
  9632
  9621
  9608
  9576
  9502
  9463
  9460
  9511
  9583
  9599
  9757
 10840
 12326
 12968
 13011
 13011
 13008
 13004
 13019
 13010
 13016
 13020
 13013
 13000
 13016
 13020
 13011
 13017
 13019
 13009
 13022
 13009
 13014
 13014
 13010
 13014
 13018
 13018
 13012
 13016
 13018
 13019
 13008
 13013
 13016
 13012
 13015
 13024
 13017
 13011
 13014
 13007
 13012
 13014
 13014
 13014
 13020
 13019
 13021
 13016
 13024
 13022
 13025
 13023
 13027
 13024
 13031
 13024
 13027
 13029
 13031
 13034
 13050
 13047
 13048
 13056
 13060
 13066
 13074
 13070
 13079
 13091
 13097
 13113
 13113
 13116
 13134
 13140
 13149
 13163
 13173
 13203
 13247
 13263
 13288
 13321
 13343
 13357
 13385
 13422
 13449
 13461
 13483
 13518
 13549
 13589
 13627
 13657
 13690
 13722
 13750
 13781
 13801
 13834
 13886
 13944
 13977
 14037
 14118
 14163
 14248
 14294
 14357
 14447
 14506
 14586
 14645
 14704
 14773
 14831
 14898
 14960
 15026
 15094
 15162
 15218
 15294
 15372
 15440
 15525
 15611
 15687
 15745
 15797
 15862
 15954
 16022
 16084
 16169
 16260
 16337
 16425
 16516
 16595
 16683
 16757
 16839
 16925
 17035
 17139
 17236
 17305
 17413
 17523
 17607
 17688
 17798
 17878
 17973
 18040
 18142
 18217
 18309
 18402
 18506
 18622
 18729
 18823
 18945
 19060
 19170
 19292
 19395
 19496
 19587
 19688
 19786
 19891
 19986
 20089
 20180
 20305
 20420
 20528
 20643
 20760
 20876
 20991
 21092
 21202
 21294
 21390
 21503
 21603
 21721
 21843
 21973
 22102
 22244
 22374
 22508
 22636
 22752
 22882
 23002
 23103
 23218
 23337
 23457
 23585
 23714
 23846
 23982
 24117
 24253
 24397
 24524
 24645
 24773
 24898
 25018
 25136
 25264
 25376
 25513
 25656
 25800
 25938
 26078
 26218
 26335
 26453
 26579
 26716
 26847
 26964
 27108
 27240
 27385
 27532
 27678
 27832
 27986
 28118
 28255
 28367
 28508
 28648
 28778
 28905
 29053
 29185
 29351
 29488
 29644
 29787
 29946
 30078
 30219
 30344
 30474
 30619
 30756
 30883
 31022
 31184
 31321
 31456
 31625
 31792
 31930
 32077
 32211
 32338
 32493
 32626
 32759
 32900
 33046
 33196
 33330
 33482
 33647
 33809
 33951
 34094
 34241
 34375
 34510
 34664
 34800
 34937
 35092
 35247
 35418
 35575
 35736
 35884
 36028
 36159
 36286
 36427
 36561
 36714
 36860
 37008
 37154
 37318
 37482
 37631
 37779
 37922
 38052
 38184
 38336
 38481
 38628
 38780
 38911
 39062
 39222
 39395
 39545
 39701
 39859
 40009
 40149
 40294
 40427
 40572
 40705
 40862
 41007
 41179
 41318
 41464
 41632
 41780
 41931
 42080
 42229
 42373
 42534
 42668
 42809
 42954
 43112
 43268
 43443
 43603
 43783
 43932
 44080
 44233
 44386
 44528
 44689
 44842
 45013
 45171
 45328
 45492
 45649
 45815
 45976
 46129
 46273
 46407
 46567
 46723
 46873
 47026
 47171
 47326
 47479
 47634
 47796
 47964
 48131
 48265
 48376
 48530
 48673
 48809
 48935
 49063
 49204
 49352
 49501
 49670
 49834
 50001
 50173
 50312
 50483
 50637
 50773
 50897
 51034
 51172
 51304
 51434
 51578
 51722
 51874
 52025
 52196
 52351
 52486
 52628
 52763
 52893
 53036
 53165
 53313
 53435
 53578
 53712
 53859
 53986
 54124
 54253
 54392
 54529
 54648
 54778
 54897
 55035
 55167
 55308
 55435
 55569
 55684
 55788
 55911
 56035
 56154
 56265
 56374
 56490
 56608
 56733
 56857
 56987
 57101
 57244
 57376
 57500
 57609
 57704
 57813
 57965
 58161
 58309
 58437
 58521
 58675
 76854
 79805
 79804
 79787
 79779
 79770
 79767
 79760
 79759
 79745
 79756
 79748
 63652
 60148
 60242
 60325
 60401
 60500
 60575
 60678
 60773
 60862
 60968
 61081
 61135
 61179
 61269
 61379
 68773
 79726
 79740
 79731
 79733
 79731
 79719
 79738
 79736
 79730
 79729
 79725
 79729
 79736
 79731
 79737
 79729
 79736
 79736
 79731
 79723
 79734
