Sa, 15.02.25    13:17:30
118 Edzards-2
2		
47.680
0.000
0.000


 14604
 14649
 14688
 14730
 14824
 14905
 15000
 15108
 15193
 15265
 15333
 15422
 15509
 15592
 15692
 15775
 15866
 15954
 16038
 16115
 16177
 16278
 16402
 16506
 16629
 16750
 16839
 16936
 17036
 17133
 17243
 17344
 17458
 17569
 17696
 17837
 17953
 18038
 18173
 18260
 18366
 18483
 18594
 18704
 18814
 18935
 19048
 19167
 19284
 19410
 19542
 19679
 19813
 19956
 20079
 20202
 20323
 20437
 20579
 20700
 20833
 20957
 21076
 21209
 21342
 21494
 21643
 21794
 21926
 22043
 22190
 22322
 22466
 22607
 22738
 22875
 23008
 23167
 23315
 23467
 23619
 23764
 23897
 24041
 24182
 24315
 24457
 24605
 24751
 24903
 25055
 25216
 25377
 25531
 25684
 25810
 25953
 26104
 26242
 26391
 26531
 26692
 26840
 27009
 27193
 27353
 27505
 27659
 27792
 27938
 28086
 28245
 28384
 28545
 28711
 28873
 29041
 29217
 29389
 29554
 29705
 29850
 30001
 30156
 30332
 30475
 30635
 30791
 30962
 31140
 31312
 31461
 31624
 31780
 31939
 32094
 22631
 13286
 13351
 13290
 13256
 13225
 13211
 13192
 13218
 13204
 13190
 13181
 13186
 13157
 13155
 13151
 13136
 13137
 13120
 13118
 13106
 13095
 13092
 13093
 13087
 13080
 13072
 13062
 13052
 13049
 13041
 13036
 13035
 13031
 13020
 13011
 13004
 12998
 12990
 12979
 12976
 12975
 12971
 12951
 12952
 12939
 12924
 12908
 12896
 12891
 12860
 12843
 12822
 12798
 12773
 12747
 12735
 12718
 12709
 12693
 12683
 12682
 12652
 12637
 12617
 12599
 12570
 12565
 12555
 12562
 12558
 12553
 12534
 12523
 12518
 12494
 12486
 12489
 12463
 12506
 12502
 12508
 12548
 12555
 12537
 12512
 12504
 12518
 12521
 12499
 12497
 12501
 12551
 12610
 12621
 12638
 12643
 12651
 12658
 12656
 12653
 12664
 12668
 12687
 12689
 12700
 12706
 12720
 12725
 12722
 12733
 12733
 12745
 12754
 12755
 12748
 12756
 12761
 12764
 12711
 12672
 12680
 12695
 12705
 12706
 12698
 12703
 12706
 12705
 12700
 12692
 12704
 12770
 12802
 12791
 12801
 12833
 12806
 12809
 12798
 12825
 12818
 12695
 12726
 12786
 12797
 12860
 12825
 12802
 12798
 12795
 12779
 12800
 12796
 12814
 12781
 12747
 12743
 12813
 12803
 12825
 12826
 12834
 12849
 12853
 12846
 12832
 12821
 12827
 12868
 12904
 12918
 12941
 12934
 12948
 12956
 12953
 12953
 12960
 12967
 12968
 12976
 12997
 12994
 12965
 12940
 12923
 12930
 12966
 12964
 12993
 12996
 13007
 13006
 13004
 13005
 12972
 12976
 12980
 12955
 12943
 12964
 12963
 12970
 12984
 12965
 12964
 12955
 12935
 12940
 12942
 12952
 12975
 12970
 12981
 12991
 12987
 12988
 12976
 12965
 12958
 12953
 12936
 12926
 12921
 12916
 12940
 12939
 12933
 12947
 12934
 12939
 12944
 12940
 12940
 12931
 12932
 12904
 12899
 12884
 12876
 12859
 12877
 12874
 12887
 12924
 12906
 12902
 12867
 12878
 12888
 12931
 12946
 12922
 12858
 90195
 89138
 87769
 86498
 85268
 84165
 83117
 82103
 81232
 79449
 77803
 75021
 71550
 66547
 64838
 63569
 61117
 59135
 57095
 54234
 52422
 51349
 51641
 50474
 49486
 48512
 47693
 47018
 46243
 45918
 45826
 45518
 45247
 45149
 45154
 45142
 45173
 45199
 45217
 45236
 45282
 45292
 45319
 45354
 45377
 45405
 45465
 45521
 45537
 45598
 45628
 45705
 45790
 45855
 45855
 45843
 45837
 45831
 45816
 45818
 45813
 45786
 45780
 45794
 45798
 45789
 45768
 45787
 45792
 45778
 45788
 45794
 45787
 45794
 45785
 45817
 45801
 45799
 45791
 45809
 45797
 45820
 45862
 45863
 46112
 46980
 47870
 49086
 50530
 51583
 52971
 56643
 60417
 64195
 67126
 74497
 78481
 81445
 83237
 85228
 87491
 89792
 89641
 88782
 82078
 81229
 73411
 60150
 35055
 24266
 18510
 15079
 12805
 11122
  9923
  9012
  8194
  7486
  6986
  6577
  6285
  6069
  5897
  5789
  5706
  5646
  5602
  5554
  5553
  5531
  5536
  5530
  5529
  5517
  5531
  5524
  5524
  5529
  5517
  5499
  5484
  5476
  5486
  5480
  5473
  5489
  5487
  5483
  5483
  5485
  5489
  5489
  5494
  5471
  5508
  5490
  5504
  5482
  5503
  5494
  5494
  5507
  5502
  5499
  5512
  5515
  5532
  5528
  5511
  5537
  5539
  5524
  5540
  5540
  5577
  5602
  5614
  5613
  5640
  5702
  5770
  5895
  6032
  6199
  6405
  6638
  6885
  7129
  7374
  7654
  7976
  8300
  8620
  8961
  9265
  9597
  9962
 10341
 10766
 11253
 11833
 12523
 13302
 14196
 15293
 16588
 18252
 20227
 22551
 25370
 29226
 34326
 41207
 50861
 65127
 72846
 73131
 78739
 79551
 79520
 80982
 82669
 81558
 82008
 82422
 82238
 83777
 84019
 84136
 85117
 88315
 88035
 88656
 88684
 88701
 88697
 88596
 89885
 89923
 89978
 89905
 89812
 89669
 89506
 89208
 89024
 88727
 88468
 88289
 88094
 87815
 87601
 87409
 87206
 87062
 86928
 86818
 86741
 86653
 86647
 86642
 86671
 86650
 86665
