Sa, 15.02.25    13:56:14
460 Eze-5
5		
47.680
0.000
0.000


 21317
 21471
 21624
 21783
 21932
 22095
 22268
 22432
 22552
 22691
 22829
 22962
 23099
 23254
 23408
 23587
 23760
 23932
 24095
 24264
 24432
 24599
 24733
 24868
 25020
 25192
 25346
 25496
 25662
 25802
 25953
 26109
 26281
 26442
 26606
 26763
 26901
 27048
 27214
 27365
 27537
 27699
 27849
 28008
 28188
 28379
 28570
 28743
 28911
 29055
 29220
 29368
 29521
 29679
 29827
 30008
 30183
 30341
 30502
 30682
 30849
 31010
 31170
 31315
 31474
 31626
 31785
 31956
 32115
 32288
 32474
 32667
 32839
 33006
 33154
 33317
 33479
 33645
 33805
 33960
 34136
 34316
 34482
 34665
 34852
 35015
 35196
 35362
 35515
 35680
 35835
 35996
 36162
 36321
 36486
 36683
 36875
 37065
 37252
 37420
 37584
 37739
 37893
 38068
 38227
 38397
 38600
 38772
 38946
 39113
 39290
 39474
 39634
 39801
 39971
 40137
 40320
 40482
 40640
 40819
 41002
 41183
 41363
 41548
 41730
 41905
 42079
 42247
 42418
 42588
 42758
 42935
 43105
 43264
 43435
 43610
 43782
 43961
 44152
 44325
 44482
 44651
 44818
 44990
 45155
 45326
 45484
 45668
 45854
 46050
 46232
 46396
 46568
 46741
 46897
 47066
 47238
 47404
 47560
 47721
 47874
 48026
 48186
 48350
 48496
 48633
 48777
 48923
 49074
 49225
 49376
 49527
 49670
 49825
 49985
 50155
 50302
 50463
 50648
 50836
 51018
 51182
 51337
 51505
 51670
 51812
 51983
 52129
 52274
 52408
 52553
 52697
 52837
 52977
 53135
 53282
 53430
 53582
 53726
 53875
 54017
 54161
 54309
 54452
 54607
 54750
 54901
 55034
 55175
 55310
 55439
 55580
 55703
 55830
 55947
 56062
 56191
 56304
 56430
 56546
 56643
 56733
 56842
 56957
 57079
 57218
 57346
 57460
 57584
 57673
 57780
 57865
 57956
 58063
 58164
 58259
 58365
 58486
 58603
 58721
 58872
 59005
 59114
 59274
 59530
 59832
 76618
 79792
 79781
 79777
 79785
 79786
 79782
 79778
 79788
 79773
 79769
 79769
 79770
 79777
 79769
 79772
 79773
 79775
 79780
 79775
 79768
 79770
 79780
 79770
 79779
 79765
 79768
 79776
 79773
 79781
 79766
 79777
 79774
 79777
 79779
 79775
 79784
 79772
 79776
 79782
 79776
 79765
 79771
 79779
 79773
 79783
 79777
 79771
 79770
