Sa, 15.02.25    12:57:49
329 Werner-1
1		
47.680
0.000
0.000


 15988
 16012
 16050
 16085
 16131
 16178
 16225
 16272
 16315
 16388
 16468
 16513
 16578
 16637
 16694
 16742
 16792
 16825
 16883
 16937
 17008
 17071
 17132
 17203
 17273
 17361
 17432
 17500
 17575
 17627
 17687
 17762
 17834
 17916
 17987
 18078
 18158
 18242
 18327
 18420
 18526
 18597
 18667
 18731
 18793
 18872
 18968
 19045
 19137
 19239
 19335
 19420
 19523
 19612
 19708
 19788
 19875
 19976
 20073
 20164
 20263
 20359
 20450
 20556
 20646
 20758
 20864
 20936
 21036
 21156
 21249
 21328
 21427
 21529
 21630
 21738
 21849
 21958
 22062
 22174
 22279
 22382
 22480
 22576
 22682
 22771
 22865
 22981
 23096
 23217
 23346
 23471
 23607
 23719
 23833
 23963
 24066
 24164
 24288
 24406
 24534
 24640
 24757
 24878
 25012
 25144
 25280
 25407
 25527
 25651
 25769
 25887
 26014
 26141
 26263
 26385
 26512
 26622
 26748
 26893
 27044
 27189
 27336
 27468
 27601
 27724
 27874
 27976
 28109
 28255
 28406
 28529
 28651
 28798
 28926
 29066
 29215
 29338
 29473
 29617
 29761
 29888
 30018
 30150
 30290
 30416
 30545
 30713
 30867
 31027
 31192
 31318
 31455
 31589
 31728
 31882
 32045
 32199
 32339
 32488
 32627
 32768
 32929
 33064
 33154
 33260
 33412
 33619
 33799
 33942
 34089
 34232
 34390
 34554
 34712
 34895
 35058
 35214
 35367
 35493
 35643
 35799
 35949
 36100
 36266
 36417
 36567
 36733
 36892
 37028
 37162
 37318
 37498
 37663
 37820
 37972
 38129
 38298
 38459
 38636
 38820
 38983
 39152
 39309
 39456
 39624
 39785
 39943
 40121
 40281
 40431
 40584
 40712
 40806
 40925
 41113
 41327
 41529
 41705
 41870
 42042
 42226
 42408
 42592
 42750
 42909
 43064
 43221
 43388
 43542
 43707
 43875
 44037
 44197
 44346
 44513
 44652
 44791
 44938
 45121
 45322
 45506
 45680
 45845
 46014
 46205
 46377
 46551
 46720
 46900
 47064
 47218
 47383
 47517
 47661
 47813
 47980
 48125
 48274
 48420
 48565
 48698
 48834
 48956
 49101
 49243
 49388
 49555
 49698
 49850
 50011
 50162
 50324
 50529
 50696
 50841
 51007
 51176
 51325
 51468
 51618
 51787
 51954
 52073
 52202
 52327
 52456
 52582
 52724
 52888
 53040
 53179
 53330
 53470
 53612
 53752
 53884
 54017
 54141
 54281
 54409
 54525
 54655
 54787
 54911
 55050
 55183
 55303
 55423
 55547
 55688
 55819
 55952
 56091
 56206
 56315
 56433
 56542
 56649
 56775
 56861
 56928
 61554
 79704
 79726
 79754
 79767
 79789
 79811
 79828
 79851
 79860
 79877
 79873
 79879
 79868
 79871
 79867
 79862
 79853
 79850
 79855
 79850
 79854
 79851
 79845
 79845
 79835
 79827
 79824
 79817
 79805
 79806
 79817
 79822
 79816
 79809
 79820
 79812
 79812
 79821
 79815
 79813
 79810
 79820
 79811
 79816
 79806
 79821
 79810
 79813
 79818
