Sa, 15.02.25    13:22:52
147 Mensah-3
3		
49.680
0.000
0.000


 21640
 21675
 21728
 21793
 21857
 21902
 21938
 21996
 22044
 22104
 22159
 22234
 22294
 22368
 22440
 22509
 22590
 22650
 22716
 22780
 22842
 22901
 22995
 23138
 23251
 23335
 23407
 23497
 23564
 23677
 23754
 23855
 23942
 24034
 24130
 24208
 24270
 24350
 24445
 24539
 24659
 24777
 24886
 24993
 25112
 25212
 25309
 25421
 25527
 25611
 25705
 25787
 25889
 26006
 26106
 26207
 26321
 26468
 26613
 26736
 26870
 26998
 27126
 27225
 27325
 27416
 27521
 27645
 27753
 27878
 28013
 28143
 28285
 28411
 28544
 28694
 28835
 28969
 29089
 29211
 29322
 29451
 29586
 29718
 29846
 29982
 30129
 30265
 30395
 30534
 30678
 30817
 30931
 31056
 31184
 31301
 31431
 31568
 31713
 31864
 32012
 32163
 32319
 32467
 32612
 32736
 32866
 32996
 33116
 33245
 33381
 33539
 33700
 33850
 34006
 34168
 34307
 34471
 34616
 34737
 34891
 35030
 35192
 35320
 35468
 35623
 35774
 35916
 36071
 36251
 36392
 36547
 36705
 36845
 36992
 37146
 37284
 37427
 37595
 37744
 37885
 38056
 38205
 38366
 38523
 38670
 38815
 38962
 39117
 39264
 39413
 39573
 39736
 39892
 40054
 40242
 40403
 40563
 40721
 40877
 41034
 41185
 41316
 41467
 41618
 41789
 41955
 42122
 42284
 42457
 42606
 42770
 42918
 43067
 43218
 43377
 43525
 43703
 43879
 44044
 44225
 44381
 44545
 44700
 44867
 45033
 45190
 45352
 45500
 45671
 45828
 46008
 46171
 46334
 46488
 46654
 46813
 46964
 47123
 47287
 47456
 47622
 47788
 47977
 48159
 48337
 48508
 48671
 48823
 49005
 49182
 49332
 49491
 49639
 49810
 49935
 50076
 50251
 50398
 50547
 50697
 50838
 50999
 51143
 51271
 51407
 51567
 51722
 51878
 52045
 52213
 52391
 52581
 52774
 52944
 53135
 53297
 53456
 53629
 53779
 53933
 54071
 54219
 54364
 54503
 54674
 54835
 55008
 55170
 55333
 55492
 55630
 55778
 55914
 56055
 56145
 56233
 56395
 56602
 56769
 56933
 57095
 57238
 57383
 57527
 57666
 57807
 57949
 58081
 58226
 58360
 58498
 58641
 58777
 58896
 59015
 59143
 59271
 59401
 59534
 59665
 59829
 59986
 60142
 60251
 60342
 70902
 79653
 79626
 79631
 79653
 79659
 79653
 79660
 79654
 79659
 79651
 79652
 79637
 79627
 79614
 79612
 79601
 79590
 79605
 79612
 79608
 79603
 79616
 79613
 79610
 79616
 79618
 79618
 79611
 79628
 79621
 79616
 79614
 79620
 79623
 79625
 79627
 79627
 79627
 79623
 79622
 79633
 79632
 79624
 79630
