Sa, 15.02.25    13:11:18
229 Lukas-2
2		
49.680
0.000
0.000


 25762
 25863
 25949
 26042
 26142
 26238
 26327
 26423
 26532
 26643
 26760
 26874
 26981
 27100
 27225
 27341
 27461
 27578
 27683
 27806
 27903
 28018
 28124
 28238
 28353
 28468
 28598
 28747
 28875
 29012
 29142
 29260
 29379
 29478
 29608
 29722
 29854
 29981
 30099
 30235
 30356
 30478
 30590
 30744
 30864
 30997
 31128
 31252
 31366
 31501
 31623
 31751
 31876
 32007
 32157
 32298
 32453
 32588
 32725
 32843
 32978
 33100
 33232
 33353
 33490
 33620
 33761
 33909
 34044
 34170
 34332
 34474
 34607
 34744
 34878
 35008
 35157
 35300
 35441
 35567
 35712
 35858
 36008
 36165
 36323
 36451
 36593
 36729
 36882
 37016
 37171
 37316
 37466
 37608
 37755
 37879
 38027
 38185
 38332
 38473
 38619
 38771
 38916
 39062
 39210
 39364
 39513
 39662
 39818
 39989
 40142
 40312
 40449
 40574
 40726
 40884
 41028
 41182
 41317
 41449
 41602
 41759
 41920
 42087
 42253
 42392
 42541
 42689
 42833
 42983
 43140
 43288
 43446
 43614
 43792
 43971
 44124
 44290
 44435
 44583
 44741
 44890
 45036
 45204
 45357
 45500
 45668
 45805
 45956
 46129
 46268
 46420
 46571
 46740
 46894
 47041
 47212
 47365
 47541
 47720
 47878
 48032
 48186
 48353
 48510
 48656
 48812
 48950
 49115
 49261
 49404
 49541
 49673
 49872
 50028
 50188
 50314
 50456
 50584
 50734
 50887
 51022
 51163
 51308
 51443
 51608
 51776
 51947
 52097
 52242
 52377
 52512
 52638
 52777
 52921
 53043
 53193
 53323
 53455
 53569
 53688
 53853
 54004
 54144
 54289
 54436
 54569
 54716
 54851
 54993
 55136
 55268
 55396
 55531
 55672
 55794
 55929
 56056
 56191
 56296
 56423
 56524
 56644
 56770
 56877
 57005
 57123
 57244
 57389
 57512
 57617
 57719
 57807
 57919
 57960
 58069
 58239
 58371
 58423
 58545
 58668
 58777
 58874
 59004
 59103
 59210
 59333
 59465
 59637
 59739
 59857
 59867
 59831
 73139
 79608
 79605
 79600
 79600
 79582
 79586
 79592
 79576
 79587
 79574
 79571
 79562
 79572
 79569
 79574
 79586
 79621
 79637
 79659
 79668
 79681
 79677
 79678
 79681
 79675
 79680
 79666
 79675
 79667
 79662
 79676
 79673
 79677
 79671
 79665
 79673
 79676
 79674
 79665
 79652
 79648
 79639
 79634
 79640
 79638
