Sa, 15.02.25    13:02:07
340 Grimm-1
1		
47.680
0.000
0.000


 14197
 14187
 14211
 14298
 14301
 14183
 14193
 14216
 14238
 14271
 14289
 14341
 14373
 14420
 14468
 14547
 14611
 14662
 14748
 14824
 14909
 14966
 15008
 15071
 15118
 15187
 15261
 15321
 15402
 15489
 15570
 15664
 15730
 15805
 15895
 15965
 16058
 16136
 16234
 16324
 16405
 16487
 16564
 16645
 16739
 16820
 16919
 17013
 17098
 17204
 17309
 17407
 17490
 17604
 17714
 17829
 17940
 18046
 18140
 18239
 18351
 18455
 18561
 18657
 18770
 18881
 18998
 19104
 19210
 19318
 19434
 19546
 19664
 19784
 19924
 20032
 20129
 20252
 20337
 20452
 20563
 20672
 20797
 20901
 21016
 21121
 21249
 21344
 21466
 21589
 21739
 21877
 22016
 22138
 22255
 22371
 22494
 22622
 22731
 22851
 22969
 23105
 23224
 23335
 23466
 23601
 23746
 23881
 24030
 24156
 24285
 24413
 24534
 24660
 24787
 24915
 25043
 25166
 25314
 25421
 25544
 25673
 25825
 25972
 26131
 26270
 26377
 26508
 26626
 26762
 26906
 27037
 27159
 27308
 27451
 27571
 27706
 27847
 27991
 28140
 28287
 28425
 28568
 28708
 28844
 28969
 29101
 29241
 29368
 29504
 29647
 29787
 29926
 30076
 30255
 30403
 30547
 30707
 30836
 30978
 31104
 31244
 31367
 31504
 31638
 31788
 31936
 32088
 32239
 32401
 32558
 32722
 32876
 33010
 33146
 33275
 33410
 33572
 33711
 33866
 33989
 34122
 34265
 34423
 34579
 34746
 34913
 35077
 35232
 35389
 35526
 35673
 35820
 35957
 36097
 36248
 36384
 36535
 36681
 36843
 37018
 37193
 37342
 37487
 37634
 37773
 37917
 38066
 38207
 38350
 38517
 38697
 38880
 39033
 39190
 39353
 39504
 39677
 39833
 39977
 40115
 40273
 40427
 40571
 40741
 40895
 41062
 41217
 41377
 41526
 41682
 41826
 41995
 42139
 42296
 42451
 42628
 42800
 42965
 43131
 43277
 43433
 43597
 43767
 43931
 44096
 44254
 44410
 44585
 44761
 44925
 45077
 45237
 45390
 45544
 45714
 45864
 46050
 46229
 46405
 46565
 46736
 46904
 47070
 47226
 47393
 47532
 47684
 47847
 48001
 48155
 48329
 48464
 48610
 48745
 48899
 49049
 49188
 49329
 49475
 49618
 49763
 49939
 50100
 50284
 50457
 50631
 50808
 50970
 51151
 51312
 51453
 51606
 51750
 51890
 52027
 52178
 52318
 52472
 52615
 52761
 52921
 53067
 53210
 53335
 53482
 53601
 53729
 53860
 54000
 54139
 54286
 54426
 54574
 54742
 54776
 54921
 55073
 55237
 55411
 55565
 55685
 55823
 55953
 56068
 56178
 56278
 56417
 56482
 56605
 56731
 56862
 56984
 57107
 57236
 57358
 57489
 57583
 57696
 57784
 57889
 57973
 58066
 58123
 58240
 58479
 58663
 58814
 58899
 59006
 59138
 59263
 59537
 59722
 59793
 59944
 60053
 79581
 79581
 79586
 79572
 79571
 79569
 79566
 79549
 79558
 79561
 79559
 79557
 79554
 79544
 79559
 79554
 79551
 79558
 79558
 79558
 79552
 79540
 79531
 79531
 79533
 79544
 79538
 79545
 79544
 79543
 79556
 79543
 79548
 79548
 79536
 79549
 79545
 79552
 79549
 79545
 79555
 79544
 79552
 79541
 79554
 79549
