Sa, 15.02.25    13:14:50
460 Eze-2
2		
47.680
0.000
0.000


  8669
  8771
  8798
  8858
  8912
  8965
  9011
  9074
  9119
  9179
  9248
  9300
  9345
  9402
  9444
  9500
  9573
  9645
  9708
  9764
  9803
  9874
  9968
 10084
 10191
 10273
 10356
 10434
 10511
 10592
 10657
 10722
 10794
 10858
 10941
 11024
 11114
 11212
 11363
 11411
 11453
 11563
 11672
 11774
 11912
 12026
 12130
 12230
 12329
 12422
 12514
 12610
 12719
 12806
 12892
 12995
 13118
 13215
 13298
 13413
 13564
 13677
 13817
 13937
 14071
 14173
 14270
 14402
 14522
 14629
 14720
 14842
 14955
 15082
 15178
 15290
 15407
 15546
 15666
 15810
 15942
 16060
 16187
 16275
 16405
 16530
 16642
 16773
 16893
 17022
 17146
 17250
 17386
 17529
 17647
 17795
 17957
 18100
 18240
 18377
 18506
 18608
 18734
 18849
 18993
 19150
 19308
 19450
 19558
 19686
 19832
 19984
 20128
 20269
 20396
 20521
 20655
 20777
 20906
 21048
 21189
 21325
 21469
 21634
 21795
 21957
 22116
 22263
 22408
 22537
 22661
 22807
 22947
 23091
 23251
 23407
 23555
 23703
 23862
 24033
 24185
 24329
 24468
 24617
 24742
 24891
 25035
 25199
 25350
 25504
 25672
 25848
 26019
 26179
 26331
 26477
 26619
 26769
 26921
 27069
 27231
 27395
 27563
 27712
 27861
 28026
 28193
 28345
 28497
 28656
 28810
 28965
 29117
 29282
 29440
 29600
 29775
 29955
 30143
 30318
 30469
 30617
 30778
 30934
 31092
 31252
 31399
 31554
 31729
 31898
 32056
 32238
 32412
 32564
 32729
 32880
 33031
 33186
 33340
 33505
 33675
 33847
 34027
 34210
 34387
 34563
 34731
 34889
 35045
 35213
 35383
 35542
 35717
 35886
 36045
 36210
 36372
 36532
 36707
 36878
 37047
 37218
 37373
 37533
 37706
 37865
 38046
 38225
 38408
 38586
 38772
 38935
 39102
 39270
 39433
 39600
 39769
 39936
 40123
 40298
 40447
 40624
 40803
 40970
 41137
 41294
 41447
 41622
 41791
 41969
 42158
 42341
 42530
 42699
 42865
 43029
 43185
 43356
 43514
 43683
 43855
 44014
 44182
 44341
 44510
 44679
 44860
 45037
 45197
 45367
 45546
 45725
 45900
 46081
 46265
 46437
 46609
 46772
 46943
 47109
 47271
 47442
 47589
 47750
 47899
 48054
 48211
 48350
 48475
 48616
 48758
 48920
 49063
 49202
 49347
 49486
 49628
 49796
 49955
 50109
 50278
 50457
 50642
 50823
 50996
 51152
 51306
 51464
 51617
 51795
 51914
 52047
 52196
 52334
 52480
 52622
 52759
 52909
 53054
 53201
 53328
 53466
 53596
 53746
 53877
 54023
 54155
 54293
 54432
 54576
 54710
 54854
 54994
 55138
 55258
 55393
 55518
 55650
 55786
 55919
 56056
 56190
 56306
 56417
 56553
 56674
 56806
 56931
 57060
 57188
 57306
 57426
 57549
 57671
 57783
 57909
 58025
 58144
 58263
 58365
 58496
 58621
 58733
 58851
 58967
 59056
 59099
 73605
 79648
 79651
 79658
 79658
 79678
 79682
 79658
 79662
 79670
 79672
 79675
 79666
 79669
 79662
 79677
 79667
 79671
 79669
 79678
 79673
 79672
 79674
 79668
 79674
 79664
 79672
 79666
 79660
 79675
 79677
 79674
 79680
 79668
 79671
 79661
 79674
 79670
 79666
 79668
 79674
 79684
 79669
 79669
 79668
 79673
 79672
 79676
 79666
 79674
