Sa, 15.02.25    12:48:35
242 D Aveta-1
1		
49.680
0.000
0.000


 20465
 20499
 20517
 20569
 20608
 20654
 20716
 20768
 20818
 20868
 20913
 20946
 20980
 21050
 21100
 21152
 21239
 21290
 21358
 21430
 21512
 21589
 21683
 21758
 21821
 21907
 21963
 22021
 22099
 22192
 22280
 22372
 22471
 22556
 22625
 22723
 22811
 22920
 22998
 23095
 23186
 23272
 23349
 23440
 23521
 23609
 23732
 23849
 23953
 24058
 24163
 24296
 24413
 24527
 24635
 24754
 24858
 24961
 25030
 25127
 25240
 25361
 25472
 25594
 25713
 25837
 25950
 26076
 26189
 26307
 26416
 26529
 26629
 26750
 26877
 26989
 27124
 27254
 27391
 27515
 27639
 27779
 27908
 28034
 28174
 28306
 28413
 28538
 28667
 28801
 28937
 29069
 29202
 29333
 29458
 29601
 29742
 29872
 30012
 30150
 30280
 30407
 30529
 30668
 30812
 30962
 31095
 31229
 31370
 31513
 31662
 31812
 31959
 32087
 32223
 32361
 32509
 32641
 32786
 32924
 33073
 33205
 33363
 33512
 33669
 33821
 33961
 34091
 34232
 34373
 34514
 34661
 34796
 34949
 35121
 35302
 35452
 35609
 35753
 35889
 36023
 36177
 36317
 36468
 36607
 36766
 36926
 37073
 37227
 37391
 37545
 37695
 37847
 37982
 38137
 38282
 38427
 38567
 38726
 38903
 39075
 39237
 39401
 39547
 39706
 39859
 40008
 40176
 40331
 40477
 40639
 40799
 40948
 41118
 41266
 41415
 41577
 41725
 41874
 42030
 42188
 42355
 42511
 42686
 42844
 43011
 43164
 43317
 43468
 43638
 43801
 43949
 44107
 44264
 44421
 44587
 44749
 44899
 45081
 45242
 45392
 45542
 45706
 45856
 46020
 46193
 46351
 46512
 46669
 46828
 46994
 47153
 47323
 47489
 47642
 47807
 47956
 48126
 48264
 48422
 48576
 48737
 48898
 49062
 49223
 49398
 49557
 49716
 49906
 50083
 50256
 50385
 50514
 50671
 50803
 50936
 51080
 51222
 51358
 51505
 51676
 51854
 52024
 52207
 52365
 52519
 52674
 52815
 52964
 53101
 53233
 53379
 53521
 53672
 53816
 53963
 54113
 54270
 54408
 54578
 54729
 54895
 55046
 55209
 55351
 55488
 55628
 55773
 55927
 56074
 56212
 56338
 56476
 56616
 56744
 56871
 57011
 57150
 57287
 57408
 57534
 57656
 57788
 57914
 58011
 58127
 58231
 58339
 58456
 58577
 58708
 58817
 58943
 59060
 59162
 59313
 59442
 59575
 59733
 59866
 60014
 60186
 60360
 60581
 60726
 60765
 60861
 60890
 64143
 79664
 79655
 79663
 79653
 79658
 79654
 79644
 79660
 79662
 79662
 79660
 79656
 79650
 79655
 79664
 79655
 79658
 79655
 79663
 79661
 79664
 79656
 79661
 79665
 79656
 79660
 79664
 79663
 79662
 79659
 79667
 79666
 79664
 79663
 79662
 79659
 79660
 79661
 79657
