Sa, 15.02.25    13:21:11
524 Baudisch-3
3		
49.680
0.000
0.000


 21273
 21359
 21422
 21473
 21547
 21619
 21706
 21796
 21879
 21957
 22058
 22159
 22249
 22353
 22450
 22558
 22664
 22762
 22846
 22936
 23016
 23099
 23212
 23295
 23395
 23503
 23611
 23728
 23849
 23970
 24078
 24206
 24322
 24426
 24529
 24633
 24731
 24835
 24958
 25082
 25202
 25317
 25429
 25547
 25676
 25811
 25936
 26051
 26166
 26260
 26378
 26489
 26603
 26731
 26859
 26979
 27107
 27248
 27378
 27497
 27642
 27763
 27882
 28005
 28107
 28231
 28356
 28483
 28638
 28767
 28903
 29038
 29179
 29328
 29465
 29612
 29743
 29867
 30006
 30140
 30279
 30404
 30550
 30681
 30816
 30957
 31098
 31255
 31395
 31533
 31668
 31792
 31927
 32071
 32197
 32348
 32508
 32647
 32791
 32933
 33094
 33241
 33381
 33515
 33672
 33809
 33949
 34079
 34228
 34377
 34520
 34679
 34841
 35011
 35173
 35321
 35454
 35598
 35734
 35885
 36021
 36182
 36323
 36473
 36627
 36783
 36951
 37129
 37261
 37403
 37539
 37686
 37833
 37994
 38133
 38269
 38424
 38597
 38761
 38924
 39090
 39228
 39371
 39512
 39653
 39810
 39973
 40142
 36178
 26688
 27137
 26828
 26679
 26640
 26531
 26459
 26420
 26393
 26393
 26410
 26778
 26540
 26277
 26224
 26175
 42933
 43096
 43232
 43372
 43530
 43689
 43842
 44003
 44144
 44317
 44478
 44646
 44813
 44975
 45134
 45293
 45432
 45594
 45750
 45903
 46059
 46225
 46378
 46555
 46722
 46875
 47027
 47172
 47317
 47460
 47606
 47759
 47899
 48061
 48219
 48366
 48533
 48690
 48846
 48980
 49144
 49280
 49440
 49571
 49719
 49884
 50026
 50155
 50264
 50367
 50497
 50651
 50797
 50917
 51026
 51150
 51327
 51526
 51697
 51934
 52100
 52198
 52277
 52347
 52466
 52571
 52698
 52815
 52972
 53144
 53284
 53437
 53589
 53701
 53835
 53938
 54037
 54161
 54286
 54415
 54555
 54673
 54830
 54944
 55078
 55213
 55335
 55464
 55586
 55715
 55847
 55964
 56103
 56213
 56341
 56456
 56569
 56673
 56779
 56884
 56990
 57108
 57208
 57302
 57409
 57509
 57576
 57656
 57749
 57860
 57973
 58076
 58188
 58306
 58435
 58565
 58671
 58775
 58870
 58959
 59059
 59159
 59278
 59432
 59648
 59734
 59813
 59884
 59969
 60077
 60134
 67618
 79659
 79679
 79684
 79692
 79685
 79688
 79687
 79688
 79688
 79681
 79688
 79685
 79680
 79671
 79679
 79683
 79691
 79679
 79683
 79682
 79675
 79678
 74118
 62676
 74246
 79683
 79685
 79668
 79680
 79676
 79672
 79648
 79551
 78071
 76628
 76211
 75900
 75729
 75594
 75465
 75347
 75251
 75197
