Sa, 15.02.25    13:25:07
34 Hellwig-3
3		
49.680
0.000
0.000


 17031
 17044
 17065
 17092
 17108
 17132
 17166
 17210
 17240
 17304
 17355
 17411
 17453
 17491
 17515
 17555
 17588
 17637
 17666
 17725
 17767
 17820
 17879
 17951
 18024
 18079
 18162
 18245
 18298
 18377
 18451
 18535
 18621
 18702
 18806
 18890
 18981
 19061
 19154
 19224
 19310
 19397
 19515
 19560
 19633
 19706
 19809
 19888
 20033
 20107
 20204
 20282
 20354
 20444
 20534
 20613
 20697
 20796
 20894
 20988
 21075
 21191
 21300
 21416
 21541
 21660
 21760
 21862
 21951
 22061
 22155
 22276
 22378
 22508
 22614
 22721
 22838
 22950
 23087
 23219
 23340
 23448
 23557
 23666
 23778
 23884
 24011
 24111
 24234
 24369
 24471
 24610
 24744
 24877
 25026
 25181
 25289
 25408
 25526
 25648
 25774
 25898
 26007
 26126
 26269
 26397
 26534
 26676
 26818
 26966
 27112
 27237
 27368
 27500
 27625
 27755
 27879
 28016
 28151
 28276
 28421
 28564
 28730
 28892
 29049
 29199
 29328
 29449
 29584
 29711
 29854
 29989
 30140
 30292
 30432
 30591
 30730
 30886
 31035
 31185
 31318
 31448
 31595
 31726
 31877
 32031
 32169
 32314
 32473
 32618
 32759
 32925
 33091
 33255
 33411
 33555
 33704
 33840
 33983
 34120
 34267
 34422
 34571
 34739
 34901
 35057
 35230
 35373
 35528
 35686
 35828
 35973
 36114
 36250
 36414
 36573
 36717
 36871
 37041
 37211
 37390
 37570
 37720
 37866
 38012
 38164
 38287
 38445
 38603
 38769
 38926
 39089
 39255
 39403
 39576
 39753
 39908
 40059
 40216
 40360
 40512
 40668
 40821
 40985
 41123
 41287
 41436
 41615
 41790
 41976
 42142
 42305
 42460
 42599
 42750
 42898
 43060
 43205
 43354
 43535
 43700
 43876
 44042
 44202
 44358
 44520
 44671
 44835
 44990
 45155
 45307
 45463
 45612
 45780
 45938
 46125
 46294
 46454
 46625
 46799
 46933
 47098
 47257
 47422
 47577
 47726
 47890
 48047
 48209
 48381
 48546
 48717
 48878
 49031
 49190
 49352
 49496
 49643
 49800
 49968
 50152
 50321
 50465
 50593
 50712
 50832
 50957
 51093
 51245
 51355
 51514
 51694
 51854
 52019
 52180
 52344
 52507
 52659
 52811
 52977
 53123
 53285
 53448
 53570
 53713
 53839
 53970
 54096
 54224
 54369
 54511
 54670
 54811
 54960
 55112
 55261
 55400
 55529
 55682
 55825
 55957
 56084
 56228
 56362
 56488
 56629
 56777
 56919
 57038
 57156
 57262
 57376
 57499
 57607
 57713
 57809
 57920
 58031
 58130
 58238
 58359
 58474
 58572
 58688
 58751
 58839
 58998
 59117
 59203
 59294
 59375
 59464
 59550
 59645
 59749
 59864
 59995
 60119
 60262
 60408
 60574
 60705
 60843
 61087
 61255
 61333
 68169
 79724
 79732
 79726
 79725
 79717
 79706
 79710
 79708
 79701
 79710
 79704
 79710
 79718
 79714
 79710
 79704
 79717
 79704
 79710
 79725
 79706
 79713
 79711
 79707
 79707
 79714
 79714
 79719
 79710
 79706
 79699
 79706
 79707
 79705
 79715
 79713
 79706
