Sa, 15.02.25    12:49:35
34 Hellwig-1
1		
49.680
0.000
0.000


 17087
 17106
 17121
 17133
 17150
 17163
 17190
 17192
 17207
 17229
 17245
 17268
 17309
 17351
 17397
 17448
 17493
 17526
 17565
 17561
 17587
 17613
 17643
 17684
 17725
 17757
 17804
 17858
 17915
 17977
 18040
 18136
 18210
 18284
 18357
 18430
 18501
 18568
 18646
 18736
 18827
 18918
 18998
 19090
 19169
 19254
 19362
 19484
 19594
 19669
 19723
 19757
 19851
 19957
 20056
 20151
 20221
 20306
 20390
 20479
 20557
 20653
 20738
 20824
 20915
 21002
 21104
 21219
 21325
 21434
 21549
 21677
 21795
 21900
 22005
 22098
 22196
 22292
 22410
 22523
 22641
 22749
 22861
 22986
 23103
 23235
 23354
 23474
 23597
 23705
 23808
 23928
 24037
 24159
 24268
 24371
 24501
 24615
 24755
 24882
 25019
 25170
 25307
 25426
 25545
 25661
 25779
 25892
 26016
 26140
 26269
 26380
 26514
 26654
 26791
 26940
 27078
 27218
 27354
 27476
 27620
 27725
 27859
 27980
 28118
 28250
 28383
 28520
 28666
 28817
 28978
 29139
 29285
 29411
 29559
 29686
 29826
 29962
 30092
 30251
 30388
 30536
 30679
 30841
 30973
 31131
 31271
 31418
 31562
 31698
 31842
 31979
 32127
 32251
 32381
 32524
 32663
 32807
 32955
 33118
 33292
 33437
 33598
 33742
 33895
 34030
 34169
 34320
 34474
 34606
 34756
 34917
 35070
 35243
 35418
 35555
 35709
 35853
 35996
 36145
 36295
 36416
 36564
 36696
 36854
 37010
 37182
 37354
 37533
 37689
 37840
 37983
 38134
 38286
 38433
 38584
 38737
 38889
 39051
 39214
 39386
 39545
 39718
 39879
 40033
 40193
 40336
 40486
 40642
 40783
 40930
 41073
 41245
 41396
 41558
 41738
 41920
 42084
 42240
 42405
 42551
 42701
 42843
 42994
 43146
 43307
 43464
 43622
 43791
 43957
 44127
 44304
 44448
 44613
 44759
 44920
 45074
 45233
 45391
 45543
 45708
 45875
 46041
 46227
 46383
 46543
 46691
 46856
 47011
 47172
 47324
 47487
 47639
 47810
 47965
 48144
 48297
 48449
 48615
 48790
 48944
 49118
 49254
 49415
 49565
 49721
 49876
 50048
 50224
 50402
 50558
 50723
 50858
 50991
 51135
 51267
 51396
 51540
 51686
 51838
 52006
 52162
 52308
 52435
 52609
 52772
 52950
 53104
 53232
 53368
 53495
 53631
 53775
 53916
 54047
 54186
 54312
 54450
 54585
 54725
 54876
 55014
 55150
 55302
 55435
 55570
 55720
 55852
 55996
 56131
 56252
 56391
 56515
 56636
 56773
 56883
 57007
 57122
 57233
 57358
 57470
 57581
 57708
 57812
 57949
 58060
 58177
 58275
 58407
 58527
 58685
 58861
 59032
 76823
 79682
 79673
 66744
 59394
 60729
 60672
 59770
 59776
 59886
 60103
 79691
 79685
 79681
 79682
 79687
 79679
 79682
 79686
 76192
 61107
 61049
 61089
 61147
 61216
 61334
 61440
 61507
 61573
 61655
 61823
 61895
 62075
 62097
 62209
 62187
 62356
 62492
 62586
 62691
 62752
 62834
 62927
 63041
 63272
 71185
 79684
 79667
 79686
 79685
 79694
 79669
 79689
 79679
 79675
