Sa, 15.02.25    13:31:03
133 Teichmann-3
3		
47.680
0.000
0.000


 13757
 13772
 13790
 13828
 13868
 13880
 13926
 13972
 14007
 14041
 14072
 14140
 14196
 14263
 14326
 14393
 14458
 14526
 14596
 14664
 14720
 14781
 14829
 14900
 14969
 15068
 15139
 15177
 15256
 15339
 15428
 15502
 15604
 15674
 15753
 15824
 15913
 15987
 16068
 16134
 16214
 16300
 16404
 16507
 16622
 16729
 16837
 16954
 17054
 17166
 17266
 17356
 17458
 17540
 17653
 17750
 17861
 17981
 18099
 18203
 18338
 18473
 18590
 18705
 18824
 18945
 19035
 19156
 19265
 19372
 19488
 19623
 19744
 19889
 20030
 20161
 20287
 20408
 20530
 20638
 20767
 20868
 21017
 21140
 21257
 21388
 21532
 21682
 21833
 21984
 22132
 22263
 22390
 22515
 22659
 22786
 22936
 23086
 23212
 23332
 23475
 23629
 23801
 23953
 24105
 24239
 24359
 24497
 24621
 24775
 24922
 25071
 25233
 25363
 25534
 25702
 25857
 26003
 26133
 26255
 26414
 26554
 26717
 26879
 27020
 27181
 27337
 27496
 27666
 27829
 27986
 28126
 28259
 28399
 28552
 28699
 28851
 29025
 29183
 29346
 29524
 29699
 29856
 30020
 30179
 30323
 30472
 30633
 30804
 30958
 31106
 31257
 31420
 31595
 31775
 31952
 32107
 32255
 32414
 32554
 32693
 32840
 33018
 33186
 33355
 33522
 33707
 33870
 34037
 34191
 34335
 34511
 34666
 34850
 35011
 35172
 35336
 35489
 35679
 35865
 36036
 36200
 36337
 36497
 36653
 36800
 36991
 37149
 37315
 37489
 37653
 37827
 37989
 38161
 38317
 38483
 38650
 38817
 38988
 39151
 39307
 39476
 39657
 39852
 40035
 40216
 40374
 40521
 40696
 40839
 40993
 41165
 41333
 41486
 41661
 41840
 42026
 42195
 42364
 42538
 42693
 42869
 43038
 43183
 43359
 43532
 43701
 43887
 44082
 44255
 44419
 44585
 44744
 44910
 45059
 45233
 45391
 45570
 45744
 45902
 46080
 46238
 46397
 46566
 46739
 46899
 47074
 47234
 47400
 47563
 47705
 47875
 48047
 48212
 48379
 48514
 33958
  9236
  9081
  9018
  8998
  8980
  8967
  8956
  8951
  8959
  8930
  8841
  8833
  8879
  9021
  9075
  9142
 38296
 51508
 51608
 51738
 51893
 52029
 52192
 52365
 52515
 52704
 52773
 52910
 53062
 53188
 53363
 53489
 53653
 53790
 53940
 54074
 54221
 54334
 54482
 54594
 54729
 55005
 55169
 55220
 55292
 55394
 55471
 55524
 55492
 79591
 79600
 79597
 79605
 79611
 79608
 79610
 79605
 79598
 79617
 79609
 79603
 79587
 79597
 79586
 79584
 79582
 79571
 79576
 79588
 79558
 79565
 79561
 79559
 79567
 79560
 79562
 79554
 79562
 79566
 79561
 79564
 79569
 79571
 79562
 79581
 79585
 79595
 79593
 79608
 79634
 79647
 79667
 79670
 79684
 79691
 79690
 79698
 79691
 79687
