Sa, 15.02.25    13:27:44
758 Brökling-3
3		
49.680
0.000
0.000


 18634
 18654
 18707
 18757
 18824
 18892
 18956
 19020
 19087
 19148
 19216
 19291
 19335
 19385
 19461
 19521
 19576
 19630
 19706
 19767
 19848
 19919
 19993
 20068
 20143
 20229
 20308
 20380
 20451
 20534
 20609
 20686
 20749
 20827
 20914
 20994
 21075
 21164
 21252
 21331
 21426
 21532
 21643
 21735
 21839
 21920
 22016
 22100
 22199
 22298
 22386
 22490
 22581
 22688
 22769
 22883
 23008
 23099
 23217
 23346
 23436
 23535
 23631
 23739
 23835
 23949
 24054
 24156
 24267
 24379
 24477
 24580
 24704
 24828
 24967
 25088
 25198
 25308
 25408
 25514
 25610
 25737
 25847
 25962
 26073
 26201
 26318
 26440
 26572
 26707
 26843
 26962
 27081
 27185
 27306
 27440
 27556
 27682
 27788
 27918
 28050
 28189
 28326
 28464
 28584
 28719
 28844
 28954
 29091
 29202
 29337
 29463
 29590
 29735
 29875
 30017
 30165
 30308
 30455
 30578
 30703
 30823
 30951
 31094
 31227
 31330
 31448
 31606
 31735
 31898
 32054
 32196
 32339
 32471
 32617
 32734
 32862
 33003
 33134
 33268
 33416
 33566
 33723
 33876
 34031
 34170
 34311
 34447
 34588
 34725
 34858
 35003
 35142
 35301
 35446
 35599
 35777
 35930
 36077
 36208
 36350
 36484
 36628
 36775
 36912
 37066
 37222
 37375
 37529
 37682
 37846
 37992
 38138
 38274
 38425
 38565
 38720
 38843
 38996
 39152
 39301
 39465
 39629
 39793
 39956
 40104
 40261
 40403
 40545
 40688
 40846
 41002
 41152
 41307
 41451
 41622
 41780
 41941
 42095
 42252
 42403
 42551
 42703
 42839
 42999
 43141
 43303
 43478
 43652
 43823
 43982
 44148
 44299
 44441
 44600
 44746
 44915
 45075
 45240
 45399
 45560
 45731
 45897
 46056
 46200
 46347
 46495
 46652
 46820
 46973
 47123
 47292
 47434
 47612
 47776
 47950
 48120
 48283
 48453
 48608
 48771
 48930
 49083
 49242
 49381
 49531
 49669
 49818
 49994
 50156
 50293
 50418
 50556
 50690
 50825
 50966
 51110
 51248
 51379
 51517
 51678
 51826
 51995
 52162
 52321
 52493
 52653
 52810
 52957
 53081
 53266
 53431
 53553
 53674
 53799
 53924
 54046
 54181
 54316
 54457
 54600
 54727
 54870
 55005
 55136
 55279
 55411
 55523
 55633
 55793
 55876
 56020
 56206
 56352
 56499
 56617
 56743
 56850
 56984
 57102
 57232
 57356
 57483
 58128
 58251
 57831
 57925
 58027
 58126
 58230
 58352
 58458
 58549
 58656
 58753
 58865
 58964
 59130
 59285
 59426
 60275
 60423
 59772
 68264
 74984
 74989
 68429
 72861
 74995
 75011
 75027
 75042
 75024
 75050
 75083
 75080
 75075
 75095
 75115
 75117
 75119
 75104
 75076
 75060
 75062
 75054
 75070
 75052
 75055
 75056
 75037
 75037
 75031
 75036
 75018
 75048
 75094
 75077
 75071
 75063
 75089
 75147
 75170
 75150
 75153
 75213
 75179
 75111
 75104
 75082
