Sa, 15.02.25    12:34:12
-
		
49.680
0.000
0.000


 14038
 13994
 14044
 14043
 13958
 13975
 14013
 14005
 14012
 14036
 14065
 14108
 14152
 14210
 14240
 14275
 14327
 14380
 14442
 14515
 14566
 14633
 14710
 14770
 14822
 14894
 14967
 15050
 15136
 15208
 15311
 15385
 15447
 15538
 15610
 15696
 15784
 15867
 15975
 16068
 16135
 16219
 16280
 16353
 16437
 16508
 16612
 16710
 16804
 16889
 17007
 17120
 17196
 17314
 17414
 17531
 17645
 17745
 17854
 17971
 18062
 18139
 18216
 18292
 18388
 15788
 15036
 14978
 14235
 14620
 14996
 14820
 14564
 14293
 14176
 12785
 12812
 12775
 12940
 13029
 13010
 13041
 13076
 13393
 13413
 15267
 14024
 13132
 13225
 14416
 15221
 13133
 13241
 13150
 13239
 13185
 13094
 13014
 13083
 13559
 13825
 13819
 13754
 13628
 13480
 13354
 13316
 13348
 13394
 13373
 13364
 13370
 13401
 13436
 13469
 13521
 13561
 13632
 13671
 13722
 13754
 13790
 13824
 13841
 13871
 13882
 13887
 13915
 13935
 13945
 13984
 13992
 14017
 14043
 14063
 14090
 14121
 14156
 14196
 14212
 14258
 14297
 14320
 14343
 14384
 14413
 14438
 14453
 14491
 14520
 14538
 14555
 14564
 14582
 14595
 14623
 14637
 14664
 14683
 14713
 14745
 14769
 14781
 14827
 14858
 14893
 14925
 14963
 14993
 15009
 15045
 15065
 15088
 15105
 15139
 15169
 15189
 15203
 15220
 15220
 15208
 15158
 15052
 14249
 13469
 12869
 12648
 12366
 12130
 12057
 12052
 12071
 12101
 12117
 12134
 12124
 12102
 12119
 12170
 12291
 12319
 12239
 12202
 12202
 12213
 12234
 12242
 12247
 12254
 12255
 12246
 12254
 12250
 12264
 12285
 12310
 12329
 12362
 12386
 12398
 12412
 12421
 12423
 12439
 12480
 12494
 12517
 12538
 12546
 12598
 12730
 13359
 15489
 16112
 16202
 16244
 16326
 16514
     0
 88839
 88547
 88251
 88636
 88583
 88639
 88708
 88713
 88726
 88711
 88738
 88728
 88784
 88675
 88910
 89270
 89419
 89471
 89667
 89738
 89805
 89808
 89944
 89937
 89912
 89815
 89708
 89613
 89358
 89128
 88900
 88661
 88493
 88378
 88245
 88100
 87992
 87876
 87725
 87628
 87494
 87398
 87296
 87220
 87140
 86984
 86931
 86838
 86793
