Sa, 15.02.25    13:29:17
145 Beraz 11-3
3		
47.680
0.000
0.000


 14122
 14170
 14192
 14242
 14284
 14342
 14380
 14425
 14483
 14552
 14599
 14647
 14693
 14755
 14810
 14870
 14912
 14978
 15039
 15091
 15169
 15245
 15309
 15390
 15452
 15527
 15601
 15675
 15748
 15812
 15888
 15980
 16058
 16151
 16216
 16290
 16386
 16485
 16586
 16691
 16796
 16889
 16977
 17091
 17171
 17264
 17375
 17479
 17584
 17674
 17777
 17889
 17984
 18110
 18231
 18327
 18449
 18558
 18660
 18786
 18897
 19011
 19126
 19239
 19341
 19452
 19549
 19641
 19765
 19866
 19972
 20082
 20206
 20342
 20459
 20592
 20708
 20809
 20931
 21041
 21153
 21267
 21375
 21493
 21606
 21735
 21852
 21982
 22100
 22230
 22340
 22476
 22596
 22720
 22849
 22996
 23136
 23252
 23372
 23499
 23622
 23744
 23879
 23995
 24122
 24258
 24372
 24484
 24585
 24714
 24852
 24983
 25127
 25296
 25437
 25577
 25712
 25826
 25953
 26093
 26211
 26338
 26475
 26593
 26738
 26869
 27025
 27185
 27349
 27490
 27632
 27763
 27893
 28030
 28162
 28289
 28416
 28537
 28672
 28821
 28968
 29115
 29278
 29454
 29604
 29748
 29888
 30033
 30177
 30319
 30449
 30599
 30737
 30886
 31034
 31181
 31336
 31504
 31657
 31799
 31953
 32094
 32243
 32379
 32520
 32657
 32797
 32939
 33102
 33242
 33403
 33579
 33740
 33902
 34050
 34200
 34348
 34481
 34636
 34782
 34931
 35088
 35258
 35415
 35582
 35762
 35917
 36067
 36206
 36346
 36490
 36625
 36796
 36936
 37083
 37242
 37406
 37575
 37745
 37914
 38092
 38241
 38386
 38548
 38701
 38855
 39012
 39171
 39323
 39495
 39663
 39846
 40020
 40178
 40318
 40476
 40633
 40782
 40935
 41092
 41232
 41376
 41530
 41705
 41876
 42055
 42233
 42393
 42557
 42709
 42855
 43015
 43166
 43321
 43478
 43655
 43826
 44003
 44162
 44323
 44484
 44650
 44809
 44970
 45125
 45278
 45426
 45578
 45739
 45893
 46078
 46259
 46411
 46583
 46748
 46909
 47068
 47236
 47392
 47534
 47691
 47850
 48013
 48177
 48333
 48466
 48599
 48740
 48869
 49014
 49147
 49299
 49426
 49563
 49720
 49891
 50060
 50228
 50387
 50552
 50731
 50898
 51069
 51227
 51368
 51507
 51647
 51776
 51907
 52038
 52192
 52330
 52482
 52631
 52787
 52912
 53049
 53187
 53326
 53446
 53576
 53715
 53846
 53989
 54050
 54120
 54386
 54562
 54698
 54835
 54977
 55089
 55228
 55341
 55452
 55569
 55691
 55808
 55924
 56039
 56127
 56222
 56297
 56393
 56496
 56606
 56707
 56795
 56907
 57017
 57133
 57243
 57342
 57434
 57532
 57639
 57740
 57827
 57934
 58035
 58131
 58232
 58361
 58494
 58626
 58771
 58897
 59080
 59271
 59364
 73806
 79822
 79826
 79823
 79821
 79812
 79805
 79796
 79791
 79781
 79775
 79770
 79761
 79767
 79772
 79769
 79772
 79774
 79771
 79774
 79782
 79777
 79777
 79772
 79786
 79769
 79778
 79776
 79787
 79773
 79781
 79777
 79776
 79777
 79777
 79777
 79781
 79779
 79773
 79782
 79770
 79780
 79765
 79781
 79785
 79782
 79767
 79775
 79778
 79783
