Sa, 15.02.25    13:10:23
758 Brökling-2
2		
49.680
0.000
0.000


 19809
 19898
 19965
 20033
 20128
 20208
 20275
 20335
 20404
 20485
 20572
 20660
 20743
 20819
 20912
 21001
 21094
 21195
 21280
 21384
 21482
 21578
 21650
 21746
 21836
 21929
 22028
 22132
 22228
 22350
 22461
 22556
 22664
 22763
 22884
 22996
 23092
 23182
 23283
 23384
 23492
 23588
 23691
 23802
 23934
 24069
 24179
 24287
 24404
 24526
 24651
 24761
 24865
 24967
 25081
 25196
 25320
 25414
 25522
 25657
 25787
 25909
 26034
 26165
 26282
 26390
 26522
 26625
 26751
 26864
 26984
 27110
 27249
 27378
 27516
 27639
 27771
 27907
 28048
 28187
 28319
 28448
 28562
 28700
 28813
 28959
 29077
 29206
 29342
 29473
 29600
 29741
 29890
 30044
 30176
 30300
 30419
 30552
 30685
 30818
 30947
 31076
 31219
 31364
 31496
 31662
 31809
 31959
 32096
 32226
 32359
 32501
 32632
 32766
 32908
 33047
 33192
 33331
 33483
 33642
 33805
 33939
 34089
 34232
 34359
 34506
 34646
 34789
 34932
 35077
 35233
 35396
 35538
 35702
 35856
 35993
 36135
 36272
 36401
 36554
 36698
 36838
 36994
 37151
 37313
 37472
 37632
 37789
 37921
 38068
 38217
 38357
 38496
 38654
 38809
 38956
 39117
 39278
 39451
 39602
 39764
 39914
 40071
 40223
 40365
 40514
 40665
 40824
 40979
 41140
 41302
 41454
 41614
 41774
 41922
 42073
 42224
 42381
 42531
 42688
 42824
 42983
 43149
 43317
 43495
 43654
 43812
 43972
 44133
 44277
 44433
 44588
 44741
 44900
 45057
 45233
 45400
 45555
 45730
 45886
 46051
 46203
 46341
 46486
 46642
 46799
 46965
 47120
 47280
 47453
 47623
 47797
 47964
 48134
 48284
 48444
 48595
 48754
 48912
 49070
 49211
 49372
 49513
 49666
 49825
 49992
 50142
 50269
 50406
 50548
 50696
 50830
 50981
 51113
 51253
 51367
 51519
 51672
 51836
 52010
 52175
 52324
 52512
 52666
 52824
 52947
 53091
 53259
 53429
 53561
 53673
 53812
 53950
 54076
 53583
 32829
 27959
 27797
 27792
 27792
 27788
 27789
 27789
 27788
 27782
 27799
 27804
 27835
 27859
 27899
 27920
 27933
 27948
 27959
 27965
 27995
 28008
 28032
 28066
 28112
 28175
 28230
 28275
 28286
 28280
 28272
 28273
 28262
 28261
 28264
 28274
 28272
 28291
 28296
 28277
 28226
 28345
 28398
 63048
 79610
 79616
 79616
 79615
 79610
 79625
 79636
 79639
 79639
 79647
 79678
 79696
 79704
 79721
 79717
 79732
 79724
 79723
 79726
 79723
 79721
 79711
 79719
 79720
 79715
 79722
 79719
 79726
 79725
 79722
 79714
 79713
 79721
 79723
 79725
 79724
 79721
 79725
 79726
 79726
 79728
 79721
 79713
 79722
 79721
 79719
 79723
 79729
 79722
