Sa, 15.02.25    13:31:55
460 Eze-3
3		
47.680
0.000
0.000


  9806
  9897
  9991
 10086
 10136
 10225
 10310
 10381
 10482
 10548
 10622
 10725
 10800
 10886
 10974
 11055
 11170
 11232
 11347
 11450
 11574
 11678
 11790
 11896
 11983
 12065
 12173
 12283
 12380
 12479
 12581
 12687
 12776
 12875
 13004
 13127
 13262
 13391
 13543
 13658
 13765
 13887
 13996
 14095
 14204
 14315
 14422
 14549
 14680
 14775
 14900
 15037
 15151
 15254
 15392
 15524
 15652
 15787
 15887
 16005
 16113
 16212
 16331
 16442
 16563
 16689
 16816
 16964
 17103
 17254
 17392
 17540
 17688
 17819
 17967
 18089
 18201
 18320
 18446
 18592
 18728
 18866
 19010
 19137
 19271
 19431
 19577
 19722
 19848
 19982
 20111
 20246
 20380
 20520
 20663
 20817
 20948
 21081
 21241
 21391
 21547
 21719
 21856
 22006
 22147
 22284
 22425
 22568
 22713
 22852
 23009
 23168
 23317
 23470
 23631
 23787
 23939
 24071
 24208
 24349
 24500
 24656
 24800
 24949
 25126
 25306
 25466
 25625
 25791
 25942
 26085
 26241
 26368
 26530
 26668
 26824
 26984
 27163
 27338
 27500
 27662
 27809
 27960
 28106
 28253
 28399
 28562
 28727
 28876
 29045
 29225
 29423
 29596
 29769
 29914
 30058
 30225
 30390
 30536
 30692
 30874
 31041
 31194
 31344
 31490
 31687
 31857
 32015
 32180
 32352
 32504
 32659
 32802
 32962
 33136
 33305
 33482
 33682
 33852
 34011
 34157
 34313
 34467
 34626
 34802
 34980
 35150
 35322
 35488
 35660
 35842
 36011
 36170
 36327
 36480
 36642
 36797
 36973
 37151
 37329
 37501
 37697
 37883
 38053
 38227
 38371
 38541
 38694
 38873
 39053
 39226
 39399
 39565
 39743
 39914
 40096
 40286
 40462
 40621
 40798
 40962
 41127
 41283
 41436
 41600
 41784
 41972
 42170
 42348
 42515
 42682
 42838
 43002
 43159
 43331
 43503
 43682
 43858
 44017
 44195
 44369
 44548
 44719
 44891
 45061
 45226
 45390
 45560
 45739
 45926
 46125
 46297
 46464
 46638
 46807
 46976
 47144
 47304
 47456
 47621
 47777
 47927
 48095
 48250
 48400
 48550
 48685
 48810
 48966
 49103
 49254
 49396
 49541
 49689
 49850
 50007
 50174
 50348
 50550
 50737
 50898
 33966
 24721
 24631
 24719
 24789
 24780
 24719
 24679
 24673
 24685
 24700
 24703
 24748
 24798
 24809
 24828
 24839
 24866
 24878
 24911
 24938
 24954
 24984
 24975
 25029
 25074
 25102
 25130
 25183
 25203
 25209
 25211
 25213
 25206
 25206
 25216
 25227
 25228
 25259
 25215
 36666
 56781
 56885
 56989
 57110
 57219
 57344
 57433
 57549
 57634
 57745
 57839
 57949
 58047
 58074
 58992
 79588
 79590
 79586
 79073
 59705
 72920
 79590
 79595
 79584
 79584
 79590
 79590
 79600
 79589
 79598
 79591
 79599
 79587
 79592
 79581
 79596
 79606
 79601
 79584
 79595
 79583
 79586
 79593
 79597
 79599
 79587
 79584
 79586
 79581
 79593
 79588
 79587
 79594
 79590
 79580
 79583
 79606
 79595
 79588
 79596
 79589
 79604
 79602
 79596
 79597
