Sa, 15.02.25    13:00:30
687 Winkler-1
1		
47.680
0.000
0.000


 13316
 13358
 13375
 13400
 13454
 13507
 13552
 13596
 13642
 13723
 13782
 13830
 13912
 13952
 14022
 14087
 14148
 14206
 14261
 14348
 14458
 14543
 14656
 14762
 14872
 14974
 15090
 15173
 15275
 15380
 15478
 15549
 15653
 15733
 15811
 15867
 15960
 16062
 16168
 16250
 16328
 16461
 16554
 16673
 16773
 16865
 16977
 17074
 17174
 17274
 17361
 17477
 17567
 17664
 17775
 17896
 18000
 18146
 18265
 18401
 18523
 18641
 18746
 18851
 18973
 19095
 19181
 19296
 19424
 19541
 19663
 19773
 19889
 19992
 20129
 20249
 20383
 20505
 20642
 20742
 20852
 20968
 21084
 21191
 21303
 21402
 21542
 21674
 21793
 21935
 22086
 22240
 22393
 22535
 22654
 22773
 22900
 23018
 23157
 23281
 23436
 23585
 23721
 23845
 23996
 24133
 24287
 24425
 24552
 24676
 24808
 24946
 25074
 25214
 25337
 25468
 25615
 25767
 25917
 26073
 26233
 26361
 26495
 26621
 26767
 26901
 27061
 27211
 27366
 27512
 27657
 27810
 27956
 28108
 28253
 28399
 28532
 28669
 28811
 28948
 29092
 29234
 29392
 29537
 29696
 29871
 30043
 30216
 30362
 30488
 30629
 30790
 30925
 31083
 31237
 31384
 31539
 31696
 31859
 32020
 32191
 32345
 32486
 32619
 32761
 32897
 33059
 33210
 33367
 33527
 33702
 33884
 34062
 34229
 34376
 34512
 34665
 34819
 34995
 35161
 35326
 35485
 35650
 35814
 35974
 36131
 36281
 36422
 36578
 36742
 36912
 37065
 37228
 37370
 37549
 37729
 37901
 38084
 38243
 38397
 38568
 38732
 38895
 39044
 39200
 39369
 39534
 39684
 39858
 40032
 40182
 40353
 40519
 40685
 40848
 41002
 41160
 41295
 41442
 41617
 41801
 41982
 42165
 42341
 42507
 42663
 42813
 42979
 43131
 43291
 43454
 43627
 43789
 43967
 44131
 44309
 44468
 44623
 44789
 44971
 45124
 45279
 45424
 45575
 45740
 45911
 46081
 46271
 46445
 46626
 46813
 46977
 47152
 47320
 47478
 47620
 47760
 47906
 48063
 48221
 48377
 48523
 48674
 48806
 48944
 49100
 49234
 49379
 49508
 49653
 49814
 49956
 50120
 50293
 50468
 50648
 50824
 50996
 51158
 51325
 51514
 51685
 51812
 51933
 52042
 52180
 52304
 52448
 52580
 52712
 52855
 52966
 53094
 53247
 53391
 53527
 53659
 53815
 53936
 54089
 54232
 54388
 54569
 54735
 54879
 54988
 55118
 55246
 55362
 55477
 55600
 55738
 55861
 56009
 56142
 56266
 56402
 56523
 56657
 56785
 56915
 57028
 57179
 57310
 57428
 57536
 57643
 57752
 57888
 58002
 58108
 58224
 58338
 58469
 58595
 58700
 58814
 58925
 59039
 59151
 59263
 59362
 59488
 59630
 59767
 59895
 60018
 60144
 60253
 60338
 60454
 60561
 60678
 60765
 60849
 60943
 61032
 61120
 61182
 61285
 61373
 61443
 61526
 61630
 61714
 61826
 61932
 62029
 62115
 62208
 62291
 62389
 62458
 62522
 62624
 62704
 62801
 62896
 62988
 63064
 63137
 63217
 63302
 63359
 63487
 63558
 63637
 63723
 63802
 63854
 63893
 63964
 63999
 64073
