Sa, 15.02.25    13:52:36
145 Beraz 11-5
5		
47.680
0.000
0.000


 13882
 13923
 13983
 14016
 14071
 14124
 14166
 14216
 14284
 14324
 14377
 14444
 14492
 14551
 14610
 14648
 14726
 14788
 14842
 14905
 14965
 15053
 15121
 15184
 15250
 15337
 15406
 15468
 15548
 15618
 15694
 15778
 15845
 15925
 16008
 16110
 16183
 16278
 16378
 16475
 16584
 16674
 16771
 16867
 16973
 17069
 17181
 17263
 17356
 17458
 17564
 17664
 17784
 17881
 17989
 18071
 18181
 18282
 18379
 18496
 18612
 18726
 18837
 18951
 19053
 19168
 19279
 19389
 19507
 19615
 19709
 19820
 19930
 20043
 20169
 20285
 20414
 20529
 20643
 20747
 20856
 20964
 21083
 21183
 21300
 21405
 21529
 21662
 21795
 21920
 22033
 22155
 22268
 22398
 22516
 22636
 22769
 22919
 23038
 23155
 23286
 23401
 23522
 23636
 23770
 23889
 24013
 24121
 24247
 24387
 24495
 24608
 24719
 24861
 25010
 25159
 25304
 25433
 25580
 25694
 25819
 25943
 26067
 26191
 26299
 26410
 26554
 26678
 26813
 26947
 27103
 27254
 27397
 27538
 27684
 27806
 27933
 28069
 28198
 28328
 28454
 28586
 28710
 28849
 28982
 29119
 29270
 29419
 29581
 29736
 29881
 30030
 30165
 30299
 30425
 30561
 30692
 30830
 30982
 31116
 31269
 31409
 31565
 31726
 31883
 32020
 32160
 32297
 32437
 32569
 32703
 32834
 32963
 33096
 33233
 33375
 33530
 33705
 33873
 34037
 34195
 34333
 34477
 34616
 34757
 34912
 35045
 35196
 35347
 35497
 35650
 35810
 35975
 36133
 36272
 36409
 36554
 36704
 36846
 36988
 37118
 37260
 37406
 37563
 37723
 37897
 38056
 38220
 38375
 38519
 38689
 38833
 38982
 39125
 39272
 39418
 39573
 39739
 39921
 40084
 40255
 40410
 40545
 40707
 40858
 41016
 41149
 41303
 41432
 41598
 41755
 41937
 42108
 42295
 42464
 42623
 42772
 42918
 43072
 43225
 43364
 43538
 43708
 43877
 44047
 44233
 44406
 44567
 44709
 44854
 45008
 45160
 45309
 45448
 45618
 45774
 45937
 46112
 46279
 46462
 46639
 46806
 46956
 47127
 47279
 47443
 47595
 47732
 47884
 48024
 48167
 48312
 48435
 48565
 48713
 48861
 49012
 49152
 49300
 49438
 49581
 49722
 49873
 50022
 50184
 50333
 50481
 50656
 50814
 51004
 51191
 51351
 51525
 51691
 51857
 51978
 52124
 52247
 52384
 52518
 52652
 52790
 52940
 53077
 53210
 53346
 53471
 53598
 53722
 53860
 53993
 54128
 54260
 54351
 54434
 54542
 54633
 54773
 54935
 55142
 55337
 55469
 55606
 55736
 55838
 55961
 56062
 56134
 56251
 56363
 56475
 56583
 56679
 56739
 68501
 79813
 79812
 79821
 79813
 79823
 79807
 79810
 79810
 79805
 76448
 58231
 58136
 58172
 58238
 58348
 58470
 58620
 58736
 58862
 59013
 59140
 59308
 59557
 59683
 59815
 73939
 79780
 79778
 79782
 79769
 79779
 79779
 79791
 79786
 79792
 79776
 79785
 79789
 79782
 79787
 79785
 79781
 79794
 79788
 79786
 79776
 79772
 79785
 79775
 79783
 79774
 79776
 79783
 79780
 79775
 79782
 79776
 79785
 74673
 62785
 66395
 77487
 79793
 79782
 79785
 79789
 79784
 79785
 79782
 79775
 79774
 79785
 79782
