Sa, 15.02.25    13:45:52
794 Nathan-4
4		
49.680
0.000
0.000


 13912
 13967
 14023
 14105
 14154
 14221
 14275
 14340
 14389
 14453
 14524
 14596
 14668
 14747
 14843
 14932
 15036
 15132
 15225
 15338
 15432
 15534
 15627
 15737
 15836
 15933
 16013
 16127
 16189
 16284
 16391
 16487
 16585
 16684
 16792
 16903
 17016
 17115
 17232
 17339
 17444
 17548
 17651
 17746
 17862
 17968
 18086
 18217
 18320
 18416
 18523
 18644
 18763
 18897
 19025
 19158
 19283
 19380
 19493
 19610
 19709
 19832
 19954
 20087
 20214
 20377
 20497
 20588
 20702
 20834
 20965
 21109
 21220
 21360
 21468
 21628
 21767
 21894
 22038
 22162
 22265
 22367
 22495
 22625
 22768
 22924
 23066
 23203
 23335
 23457
 23587
 23716
 23839
 23970
 24120
 24262
 24422
 24540
 24681
 24820
 24974
 25124
 25259
 25395
 25537
 25658
 25793
 25927
 26061
 26202
 26323
 26477
 26622
 26763
 26930
 27093
 27262
 27400
 27543
 27666
 27808
 27945
 28089
 28234
 28383
 28539
 28692
 28850
 29002
 29166
 29321
 29475
 29616
 29764
 29901
 30065
 30210
 30355
 30496
 30659
 30809
 30966
 31139
 31311
 31466
 31634
 31782
 31924
 32075
 32230
 32384
 32547
 32699
 32853
 33008
 33160
 33321
 33483
 33642
 33790
 33947
 34095
 34248
 34394
 34549
 34714
 34878
 35034
 35218
 35397
 35572
 35733
 35890
 36047
 36198
 36346
 36502
 36667
 36821
 36986
 37170
 37346
 37511
 37669
 37828
 37989
 38135
 38290
 38454
 38604
 38773
 38928
 39082
 39258
 39445
 39619
 39796
 39970
 40138
 40297
 40458
 40605
 40774
 40926
 41083
 41267
 41407
 41587
 41752
 41923
 42090
 42254
 42419
 42575
 42745
 42906
 43060
 43222
 43379
 43574
 43760
 43939
 44112
 44281
 44424
 44595
 44768
 44929
 45099
 45281
 45443
 45612
 45787
 45962
 46125
 46283
 46446
 46613
 46778
 46941
 47109
 47265
 47427
 47613
 47789
 47959
 48142
 48311
 48471
 48636
 48806
 48984
 49132
 49288
 49432
 49581
 49740
 49899
 50050
 50190
 50321
 50455
 50610
 50749
 50883
 51035
 51178
 51307
 51445
 51595
 51747
 51889
 52057
 52223
 52381
 52558
 52705
 52851
 53009
 53166
 53319
 53487
 53656
 53840
 53979
 54100
 54223
 54332
 54474
 54616
 54760
 54892
 55052
 55189
 55326
 55464
 55612
 55746
 55895
 56009
 56165
 56284
 56415
 56551
 56683
 56822
 56960
 57078
 57205
 57319
 57430
 57549
 57666
 57761
 57885
 57984
 58078
 58182
 58275
 58384
 58498
 58596
 58714
 58817
 58944
 59036
 59138
 59232
 59336
 59453
 59571
 59688
 59803
 59921
 60035
 60155
 60254
 60384
 60534
 60677
 60830
 61039
 79635
 79610
 79611
 79609
 75697
 73742
 73549
 73876
 77965
 79616
 79613
 79619
 79612
 79615
 79612
 79614
 79622
 79616
 79610
 79619
 79612
 79614
 79616
 78125
 74112
 73699
 73824
 73984
 74421
 78936
 79712
 79744
 79748
 79762
 79764
 79791
 79777
 79780
 79776
