Sa, 15.02.25    12:50:57
142 Ketzel-1
1		
49.680
0.000
0.000


 19441
 19426
 19429
 19426
 19414
 19416
 19424
 19403
 19413
 19418
 19420
 19414
 19423
 19426
 19424
 19428
 19431
 19434
 19447
 19462
 19477
 19475
 19494
 19508
 19517
 19536
 19550
 19568
 19590
 19600
 19631
 19643
 19673
 19693
 19714
 19737
 19781
 19814
 19846
 19886
 19923
 19956
 19978
 20011
 20043
 20089
 20131
 20157
 20200
 20237
 20289
 20339
 20408
 20453
 20510
 20570
 20621
 20708
 20764
 20826
 20892
 20956
 21014
 21093
 21163
 21246
 21304
 21361
 21440
 21521
 21607
 21706
 21795
 21900
 21997
 22090
 22186
 22259
 22350
 22442
 22509
 22601
 22685
 22777
 22883
 22978
 23068
 23162
 23253
 23361
 23468
 23584
 23682
 23774
 23873
 23961
 24051
 24144
 24264
 24372
 24501
 24618
 24709
 24822
 24947
 25081
 25212
 25293
 25401
 25500
 25599
 25689
 25788
 25902
 26007
 26124
 26247
 26342
 26458
 26568
 26707
 26839
 26969
 27073
 27189
 27295
 27417
 27535
 27666
 27789
 27918
 28062
 28187
 28306
 28441
 28594
 28729
 28867
 28982
 29091
 29212
 29338
 29457
 29595
 29731
 29860
 29988
 30116
 30274
 30406
 30542
 30671
 30804
 30925
 31061
 31190
 31309
 31441
 31588
 31729
 31872
 32030
 32179
 32332
 32492
 32626
 32750
 32872
 33006
 33135
 33275
 33424
 33582
 33733
 33878
 34023
 34181
 34335
 34484
 34606
 34758
 34890
 35040
 35197
 35353
 35478
 35626
 35775
 35934
 36090
 36248
 36399
 36550
 36699
 36843
 36980
 37140
 37300
 37443
 37595
 37732
 37878
 38040
 38198
 38356
 38511
 38666
 38812
 38966
 39132
 39275
 39420
 39574
 39724
 39898
 40066
 40246
 40413
 40562
 40709
 40857
 41014
 41175
 41320
 41462
 41608
 41763
 41925
 42086
 42256
 42435
 42579
 42725
 42865
 43020
 43182
 43338
 43489
 43653
 43828
 43998
 44168
 44319
 44479
 44632
 44792
 44947
 45112
 45267
 45415
 45555
 45725
 45879
 46044
 46203
 46343
 46495
 46652
 46806
 46966
 47116
 47287
 47451
 47600
 47768
 47931
 48107
 48252
 48417
 48573
 48725
 48889
 49042
 49185
 49333
 49468
 49607
 49754
 49927
 50092
 50256
 50359
 50494
 50633
 50756
 50890
 51021
 51157
 51295
 51421
 51573
 51718
 51879
 52040
 52208
 52358
 52528
 52685
 52833
 52987
 53116
 53229
 53365
 53493
 53604
 53736
 53869
 54012
 54158
 54304
 54442
 54576
 54706
 54855
 54983
 55124
 55266
 55388
 55514
 55642
 55762
 55896
 56022
 56142
 56271
 56376
 56483
 56591
 56708
 56837
 56973
 57121
 57259
 57402
 57529
 57637
 57748
 57863
 57976
 58089
 58189
 58313
 58432
 58536
 58663
 58769
 58872
 56525
 46932
 46520
 46164
 46075
 46053
 46083
 46101
 46123
 46146
 46195
 46283
 46305
 52002
 79728
 79728
 79731
 79734
 79725
 79740
 79716
 79729
 79719
 79731
 79730
 79731
 79732
 79733
 79728
 79732
 79730
 79731
 79727
 79730
 79729
 79726
 79727
 79732
 79733
 79734
 79725
 79728
 79739
 79727
 79729
 79730
 79747
 79728
 63203
 61767
 61852
 61763
 61723
 61710
 61724
 61723
 61743
 61760
 61780
 61819
 61842
 61877
 61903
 61943
