Sa, 15.02.25    13:36:29
340 Grimm-3
3		
47.680
0.000
0.000


 13910
 13915
 13954
 13967
 13955
 14000
 14040
 14057
 14104
 14164
 14211
 14292
 14357
 14408
 14479
 14541
 14582
 14610
 14697
 14782
 14838
 14916
 15008
 15082
 15183
 15319
 15454
 15538
 15643
 15686
 15731
 15767
 15838
 15942
 16013
 16109
 16209
 16288
 16357
 16455
 16547
 16632
 16711
 16823
 16910
 17007
 17122
 17210
 17327
 17427
 17518
 17638
 17760
 17859
 17960
 18065
 18184
 18273
 18379
 18506
 18624
 18746
 18872
 19001
 19141
 19237
 19349
 19462
 19570
 19683
 19810
 19930
 20061
 20194
 20303
 20450
 20551
 20672
 20784
 20916
 21030
 21148
 21264
 21390
 21532
 21670
 21816
 21949
 22059
 22170
 22303
 22426
 22555
 22668
 22795
 22920
 23056
 23194
 23327
 23481
 23622
 23757
 23901
 24033
 24145
 24272
 24396
 24515
 24645
 24786
 24916
 25052
 25220
 25334
 25469
 25621
 25775
 25910
 26067
 26188
 26306
 26444
 26573
 26711
 26845
 26988
 27120
 27271
 27437
 27574
 27724
 27876
 28036
 28168
 28302
 28431
 28583
 28713
 28848
 28978
 29115
 29260
 29400
 29549
 29697
 29852
 30016
 30186
 30336
 30474
 30614
 30748
 30885
 31024
 31163
 31303
 31452
 31600
 31759
 31918
 32077
 32240
 32403
 32562
 32702
 32824
 32973
 33121
 33256
 33399
 33549
 33710
 33870
 34023
 34179
 34351
 34518
 34687
 34846
 34995
 35144
 35277
 35433
 35581
 35732
 35887
 36045
 36202
 36346
 36517
 36695
 36862
 37004
 37154
 37298
 37445
 37582
 37730
 37884
 38044
 38205
 38366
 38539
 38725
 38895
 39047
 39199
 39353
 39507
 39659
 39831
 39990
 40157
 40315
 40500
 40661
 40821
 40970
 41113
 41262
 41421
 41590
 41782
 41954
 42113
 42285
 42449
 42625
 42779
 42946
 43094
 43232
 43392
 43554
 43718
 43895
 44071
 44234
 44391
 44538
 44705
 44850
 45025
 45194
 45352
 45515
 45699
 45898
 46065
 46236
 46381
 46545
 46713
 46879
 47041
 47189
 47348
 47503
 47642
 47790
 47915
 48047
 48194
 48344
 48489
 48636
 48791
 48944
 49078
 49226
 49368
 49525
 49668
 49840
 50013
 50182
 50352
 50514
 50701
 50891
 51065
 51224
 51409
 51568
 51691
 51830
 51979
 52126
 52256
 52388
 52481
 52636
 52766
 52916
 53055
 53181
 53337
 53476
 53613
 53766
 53877
 54016
 54136
 54268
 54414
 54616
 54749
 54913
 55051
 55217
 55397
 55607
 55859
 68465
 79586
 79587
 79603
 79598
 79594
 79599
 79613
 79615
 79611
 79609
 79617
 79613
 79591
 79578
 79595
 79595
 79591
 79591
 79584
 79583
 79571
 79545
 79508
 79506
 79488
 79477
 79495
 79491
 79477
 79475
 79454
 79480
 79447
 79462
 79463
 79449
 79459
 79453
 79456
 79456
 79444
 79449
 79435
 79439
 79446
 79446
 79432
 79445
 79446
