Sa, 15.02.25    13:04:48
794 Nathan-2
2		
49.680
0.000
0.000


 11458
 11493
 11535
 11588
 11633
 11681
 11731
 11780
 11831
 11879
 11926
 11976
 12013
 12064
 12101
 12137
 12175
 12219
 12269
 12317
 12368
 12411
 12461
 12521
 12550
 12614
 12667
 12723
 12764
 12833
 12888
 12948
 13013
 13061
 13123
 13161
 13215
 13267
 13324
 13407
 13461
 13537
 13582
 13638
 13709
 13756
 13842
 13895
 13964
 14030
 14095
 14151
 14212
 14288
 14346
 14407
 14457
 14511
 14592
 14647
 14718
 14782
 14855
 14928
 15029
 15116
 15190
 15312
 15413
 15489
 15582
 15698
 15794
 15888
 15994
 16063
 16146
 16248
 16359
 16445
 16531
 16623
 16725
 16836
 16946
 17054
 17175
 17268
 17387
 17506
 17594
 17686
 17794
 17895
 18016
 18109
 18222
 18339
 18452
 18559
 18672
 18793
 18906
 19026
 19156
 19281
 19399
 19514
 19635
 19732
 19836
 19963
 20092
 20209
 20329
 20447
 20570
 20687
 20810
 20931
 21066
 21194
 21297
 21419
 21545
 21663
 21775
 21898
 22021
 22162
 22294
 22429
 22553
 22682
 22841
 22992
 23126
 23264
 23397
 23531
 23642
 23781
 23913
 24043
 24177
 24314
 24458
 24599
 24734
 24886
 25038
 25195
 25324
 25457
 25594
 25729
 25870
 26014
 26141
 26265
 26396
 26551
 26692
 26839
 27010
 27185
 27349
 27482
 27633
 27766
 27894
 28033
 28177
 28312
 28464
 28629
 28777
 28939
 29089
 29249
 29399
 29552
 29701
 29838
 29989
 30145
 30296
 30442
 30595
 30747
 30900
 31056
 31226
 31390
 31552
 31713
 31865
 32009
 32163
 32309
 32469
 32637
 32776
 32937
 33094
 33253
 33407
 33583
 33743
 33893
 34047
 34192
 34350
 34504
 34663
 34842
 34989
 35149
 35322
 35505
 35687
 35854
 35999
 36155
 36287
 36426
 36589
 36744
 36915
 37083
 37248
 37417
 37579
 37751
 37908
 38066
 38221
 38360
 38531
 38686
 38846
 39005
 39160
 39328
 39507
 39688
 39869
 40058
 40221
 40369
 40524
 40693
 40848
 41017
 41182
 41343
 41504
 41678
 41843
 42014
 42179
 42335
 42491
 42649
 42802
 42975
 43124
 43289
 43447
 43640
 43822
 43997
 44174
 44321
 44485
 44653
 44809
 44980
 45169
 45332
 45500
 45667
 45843
 46005
 46177
 46335
 46483
 46650
 46836
 46987
 47151
 47315
 47486
 47650
 47819
 48006
 48179
 48332
 48506
 48667
 48838
 49011
 49167
 49320
 49454
 49612
 49757
 49919
 50070
 50212
 50338
 50471
 50623
 50759
 50910
 51052
 51195
 51326
 51466
 51609
 51755
 51894
 52045
 52205
 52360
 52515
 52657
 52813
 52976
 53135
 53270
 53449
 53587
 53912
 54033
 54117
 54224
 54341
 54455
 54593
 54733
 54874
 55029
 55170
 55308
 55455
 55589
 55725
 55862
 56003
 56116
 56254
 56390
 56526
 56657
 56790
 56915
 57044
 57169
 57274
 57390
 57500
 57590
 57713
 57829
 57952
 58047
 58150
 58247
 58355
 58460
 58571
 58665
 58757
 58865
 58967
 59071
 59087
 66304
 79675
 79692
 79693
 79711
 79705
 79705
 79712
 79191
 60636
 60508
 60562
 60693
 60841
 60941
 65284
 73127
 73159
 73269
 73467
 73635
 73661
 74067
 75330
 79595
 79620
 79621
 79629
 79634
 79638
 79644
 79648
 79646
 79652
 79642
 79638
 79647
 79647
 79646
 79644
 79646
 79654
 79653
 79648
 79634
 79647
 79656
 79671
 79662
 79653
