Sa, 15.02.25    13:03:04
775 Jaske 9-2
2		
49.680
0.000
0.000


 22607
 22644
 22739
 22778
 22811
 22847
 22902
 22955
 23010
 23069
 23124
 23175
 23211
 23245
 23278
 23323
 23353
 23424
 23467
 23545
 23657
 23704
 23788
 23888
 23976
 24026
 24091
 24176
 24252
 24319
 24410
 24497
 24582
 24678
 24764
 24849
 24943
 25040
 25138
 25240
 25325
 25418
 25508
 25600
 25699
 25792
 25884
 25967
 26081
 26197
 26319
 26437
 26547
 26645
 26749
 26844
 26937
 27052
 27159
 27289
 27425
 27541
 27634
 27741
 27878
 28003
 28152
 28283
 28384
 28513
 28637
 28767
 28898
 29020
 29121
 29259
 29388
 29526
 29669
 29797
 29921
 30034
 30150
 30294
 30414
 30552
 30704
 30827
 30961
 31091
 31234
 31364
 31506
 31640
 31792
 31927
 32076
 32193
 32330
 32466
 32615
 32765
 32911
 33074
 33218
 33328
 33473
 33601
 33734
 33882
 34042
 34196
 34338
 34479
 34623
 34769
 34925
 35091
 35249
 35380
 35527
 35668
 35813
 35955
 36094
 36262
 36405
 36577
 36739
 36898
 37038
 37186
 37328
 37470
 37617
 37771
 37918
 38076
 38219
 38370
 38526
 38698
 38859
 39023
 39173
 39320
 39467
 39622
 39781
 39935
 40100
 40274
 40455
 40626
 40786
 40926
 41081
 41232
 41376
 41517
 41676
 41840
 41981
 42150
 42320
 42493
 42655
 42815
 42973
 43128
 43272
 43437
 43595
 43766
 43933
 44102
 44284
 44460
 44622
 44779
 44939
 45103
 45264
 45417
 45561
 45726
 45885
 46052
 46215
 46376
 46540
 46698
 46853
 47019
 47183
 47338
 47496
 47662
 47816
 47992
 48170
 48341
 48494
 48661
 48822
 48965
 49112
 49264
 49440
 49591
 49764
 49949
 50103
 50251
 50378
 50511
 50662
 50801
 50945
 51076
 51238
 51368
 51532
 51685
 51849
 52022
 52205
 52386
 52558
 52705
 52869
 53044
 53189
 53338
 53477
 53616
 53743
 53878
 54029
 54164
 54327
 54488
 54640
 54790
 54937
 55083
 55222
 55340
 55490
 55625
 55767
 55919
 56055
 56214
 56323
 56454
 56560
 56684
 56810
 56933
 57065
 57207
 57350
 57491
 57615
 57727
 57831
 57939
 58050
 58163
 58268
 58400
 58512
 58635
 58740
 58858
 58958
 59063
 59173
 59309
 59437
 59562
 59713
 59851
 59973
 60121
 60264
 60421
 60577
 60656
 60728
 60783
 77193
 79654
 79661
 79665
 79658
 79667
 79661
 79660
 79653
 79663
 79664
 79660
 79653
 79652
 79661
 79660
 79664
 79650
 79660
 79664
 79654
 79649
 79648
 79643
 79642
 79643
 79651
 79638
 79640
 79638
 79640
 79645
 79635
 79633
 79631
 79645
 79631
 79631
 79632
 79627
