Sa, 15.02.25    12:45:06
775 Jaske 9-1
1		
49.680
0.000
0.000


 23205
 23206
 23197
 23197
 23190
 23193
 23183
 23179
 23179
 23177
 23176
 23170
 23169
 23162
 23152
 23151
 23155
 23146
 23153
 23152
 23156
 23137
 23139
 23136
 23140
 23137
 23140
 23148
 23141
 23124
 23106
 23096
 23084
 23074
 23069
 23052
 23045
 23025
 23023
 23000
 22987
 22954
 22937
 22909
 22898
 22872
 22864
 22847
 22851
 22852
 22872
 22879
 22889
 22879
 22859
 22845
 22830
 22814
 22819
 22785
 22768
 22781
 22745
 22728
 22703
 22687
 22665
 22638
 22625
 22600
 22567
 22542
 22530
 22509
 22489
 22464
 22453
 22456
 22450
 22441
 22440
 22439
 22426
 22422
 22407
 22398
 22401
 22379
 22379
 22376
 22373
 22362
 22360
 22352
 22375
 22383
 22388
 22397
 22404
 22415
 22431
 22435
 22456
 22464
 22472
 22455
 22471
 22470
 22475
 22465
 22489
 22518
 22531
 22533
 22551
 22559
 22597
 22647
 22688
 22731
 22758
 22796
 22823
 22868
 22910
 22956
 22989
 23033
 23075
 23130
 23166
 23214
 23281
 23359
 23432
 23486
 23549
 23636
 23749
 23830
 23898
 23977
 24049
 24120
 24189
 24263
 24342
 24425
 24506
 24593
 24675
 24772
 24869
 24970
 25071
 25173
 25256
 25351
 25425
 25518
 25613
 25716
 25816
 25913
 26009
 26127
 26255
 26375
 26476
 26575
 26682
 26777
 26877
 26978
 27093
 27222
 27352
 27483
 27591
 27711
 27814
 27940
 28071
 28167
 28265
 28377
 28501
 28624
 28744
 28886
 29028
 29162
 29304
 29445
 29575
 29702
 29798
 29916
 30026
 30163
 30290
 30425
 30574
 30728
 30864
 31002
 31130
 31282
 31399
 31516
 31643
 31781
 31920
 32066
 32214
 32358
 32490
 32650
 32808
 32962
 33107
 33233
 33343
 33472
 33608
 33749
 33892
 34055
 34220
 34369
 34506
 34661
 34815
 34974
 35115
 35256
 35401
 35543
 35696
 35842
 35989
 36127
 36292
 36448
 36614
 36771
 36919
 37052
 37204
 37356
 37503
 37652
 37809
 37955
 38108
 38260
 38410
 38577
 38736
 38892
 39050
 39192
 39338
 39489
 39650
 39795
 39956
 40138
 40329
 40483
 40644
 40794
 40957
 41101
 41253
 41396
 41547
 41706
 41867
 42026
 42193
 42374
 42529
 42685
 42834
 42984
 43137
 43292
 43445
 43603
 43770
 43945
 44122
 44305
 44474
 44631
 44791
 44946
 45113
 45275
 45429
 45581
 45756
 45910
 46068
 46233
 46386
 46530
 46683
 46851
 47003
 47152
 47322
 47493
 47652
 47789
 47954
 48128
 48300
 48462
 48649
 48799
 48960
 49117
 49254
 49413
 49563
 49733
 49905
 50087
 50236
 50337
 50479
 50609
 50767
 50915
 51058
 51233
 51363
 51517
 51695
 51841
 51999
 52152
 52312
 52474
 52626
 52790
 52957
 53131
 53263
 53404
 53534
 53692
 53825
 53956
 54079
 54226
 54416
 54540
 54737
 54877
 55029
 55167
 55305
 55440
 55576
 55694
 55845
 55979
 56164
 56491
 56624
 56696
 56749
 57433
 57577
 57644
 57562
 66919
 71627
 71648
 71642
 71630
 71633
 71637
 71645
 71637
 71633
 71639
 71638
 71622
 71626
 71626
 71631
 71638
 71632
 71630
 71616
 71622
 71627
 71625
 71620
 71620
 71623
 71276
 70053
 71625
 71617
 70181
 61312
 62023
 62042
 62139
 71625
 71632
 71628
 71632
 71631
 71618
 71633
 71632
 71623
 71624
 71628
 71625
 71621
 71622
 71631
