Sa, 15.02.25    13:25:55
568 Stantke-3
3		
49.680
0.000
0.000


 18983
 19044
 19105
 19165
 19225
 19293
 19350
 19409
 19467
 19535
 19597
 19642
 19702
 19753
 19809
 19879
 19947
 20028
 20093
 20151
 20223
 20313
 20392
 20488
 20578
 20675
 20745
 20838
 20926
 21009
 21106
 21195
 21291
 21370
 21446
 21531
 21635
 21705
 21810
 21897
 22004
 22108
 22234
 22351
 22449
 22564
 22655
 22741
 22832
 22927
 23018
 23129
 23246
 23367
 23489
 23605
 23726
 23846
 23968
 24086
 24187
 24293
 24385
 24500
 24605
 24717
 24842
 24970
 25087
 25216
 25358
 25487
 25625
 25739
 25855
 25948
 26057
 26179
 26293
 26409
 26558
 26722
 26845
 26982
 27124
 27265
 27395
 27540
 27642
 27765
 27892
 28016
 28155
 28270
 28395
 28536
 28675
 28837
 29001
 29150
 29280
 29404
 29523
 29647
 29785
 29924
 30077
 30237
 30379
 30506
 30660
 30810
 30962
 31103
 31232
 31347
 31486
 31634
 31779
 31916
 32071
 32210
 32361
 32528
 32686
 32830
 32986
 33116
 33248
 33381
 33523
 33678
 33832
 33986
 34142
 34288
 34440
 34604
 34758
 34921
 35056
 35207
 35347
 35491
 35635
 35787
 35932
 36062
 36233
 36400
 36566
 36735
 36890
 37050
 37185
 37336
 37482
 37642
 37783
 37938
 38090
 38257
 38403
 38567
 38740
 38886
 39048
 39202
 39340
 39496
 39656
 39808
 39961
 40122
 40304
 40477
 40652
 40814
 40959
 41121
 41261
 41396
 41554
 41717
 41882
 42039
 42209
 42371
 42545
 42699
 42859
 43005
 43164
 43315
 43471
 43638
 43789
 43958
 44125
 44301
 44481
 44644
 44813
 44969
 45137
 45291
 45445
 45611
 45764
 45921
 46073
 46242
 46391
 46547
 46713
 46868
 47035
 47208
 47360
 47508
 47667
 47812
 47991
 48163
 48338
 48501
 48677
 48830
 48996
 49147
 49321
 49452
 49595
 49738
 49905
 50073
 50209
 50329
 50443
 50583
 50718
 50861
 50997
 51143
 51283
 51411
 51563
 51704
 51853
 52019
 52189
 52343
 52503
 52668
 52839
 52989
 53139
 53305
 53492
 53651
 53794
 53924
 54040
 54170
 54309
 54462
 54621
 54775
 54922
 55089
 55213
 55358
 55492
 55625
 55762
 55745
 55784
 55963
 56117
 56330
 56507
 56662
 56788
 56909
 57016
 57152
 57273
 57372
 57483
 57596
 57676
 57785
 57894
 57989
 58092
 58206
 58322
 58452
 58547
 58659
 58752
 58780
 58947
 79607
 79591
 79615
 79616
 79609
 79601
 79603
 79598
 79098
 60689
 60529
 60538
 60593
 60529
 77006
 79614
 79617
 79616
 79633
 79619
 79606
 79619
 79620
 79618
 79622
 79610
 79621
 79619
 79617
 79618
 79616
 79613
 79615
 79607
 79618
 79618
 79621
 79614
 79614
 79617
 79616
 79611
 79611
 79613
 79603
 79608
 79611
 79612
 79613
 79614
