Sa, 15.02.25    13:55:32
79 Loewenthal-5
5		
47.680
0.000
0.000


 14328
 14366
 14383
 14413
 14419
 14440
 14467
 14511
 14549
 14597
 14638
 14672
 14689
 14732
 14780
 14802
 14868
 14907
 14979
 15067
 15099
 15181
 15262
 15342
 15443
 15513
 15578
 15673
 15732
 15786
 15865
 15929
 15972
 16044
 16117
 16193
 16288
 16373
 16446
 16517
 16622
 16716
 16820
 16896
 16981
 17061
 17133
 17215
 17307
 17407
 17493
 17583
 17670
 17784
 17893
 17999
 18106
 18227
 18372
 18467
 18573
 18657
 18754
 18853
 18958
 19061
 19169
 19283
 19394
 19519
 19652
 19773
 19901
 20018
 20134
 20266
 20379
 20485
 20603
 20715
 20838
 20957
 21075
 21188
 21303
 21448
 21576
 21722
 21884
 22037
 22173
 22284
 22398
 22503
 22617
 22763
 22902
 23037
 23174
 23303
 23464
 23603
 23752
 23912
 24058
 24191
 24305
 24446
 24572
 24706
 24852
 25004
 25150
 25284
 25436
 25586
 25756
 25906
 26051
 26189
 26297
 26431
 26565
 26711
 26856
 27016
 27163
 27337
 27503
 27645
 27801
 27960
 28105
 28241
 28390
 28545
 28703
 28857
 29002
 29159
 29320
 29481
 29660
 29839
 30001
 30173
 30314
 30451
 30605
 30742
 30883
 31044
 31194
 31354
 31521
 31702
 31862
 32033
 32192
 32349
 32490
 32657
 32791
 32954
 33106
 33264
 33435
 33609
 33798
 33989
 34166
 34321
 34476
 34624
 34783
 34936
 35093
 35262
 35423
 35592
 35766
 35924
 36097
 36259
 36407
 36572
 36719
 36899
 37043
 37209
 37382
 37568
 37735
 37911
 38089
 38268
 38439
 38616
 38771
 38927
 39077
 39237
 39417
 39578
 39757
 39929
 40116
 40295
 40450
 40622
 40788
 40940
 41109
 41271
 41420
 41604
 41768
 41940
 42124
 42328
 42502
 42677
 42832
 43008
 43168
 43318
 43485
 43655
 43822
 43995
 44156
 44325
 44503
 44673
 44830
 44984
 45158
 45330
 45497
 45668
 45829
 45999
 46185
 46349
 46521
 46692
 46865
 47025
 47193
 47346
 47498
 47643
 47798
 47950
 48094
 48240
 48383
 48508
 48633
 48769
 48909
 49047
 49189
 49325
 49464
 49621
 49765
 49922
 50086
 50249
 50404
 50573
 50742
 50923
 51082
 51243
 51383
 51537
 51683
 51817
 51945
 52092
 52227
 52368
 52515
 52636
 52763
 52898
 53035
 53185
 53321
 53452
 53600
 53732
 53858
 53996
 54128
 54260
 54393
 54524
 54651
 54772
 54906
 55034
 55168
 55289
 55336
 55435
 55582
 55732
 55848
 55957
 56063
 56175
 56263
 56380
 56490
 56601
 56703
 56809
 56906
 57007
 57108
 57220
 57320
 57433
 57546
 57607
 57795
 57980
 58163
 58310
 58427
 58446
 65680
 79621
 72327
 70774
 79630
 79622
 79617
 79640
 79627
 79629
 79624
 79624
 79628
 79622
 79622
 79626
 79632
 79625
 79637
 79638
 79626
 79630
 79639
 79638
 79631
 79634
 79628
 79629
 79627
 79632
 79637
 79630
 79629
 79629
 79627
 79639
 79636
 79625
 79632
 79641
 79628
 79641
 79639
 79630
 79635
 79632
 79641
 79640
 79631
 79630
