Sa, 15.02.25    13:06:29
242 D Aveta-2
2		
49.680
0.000
0.000


 20885
 20922
 20947
 21003
 21046
 21097
 21172
 21243
 21324
 21398
 21490
 21574
 21632
 21697
 21762
 21830
 21901
 21971
 22054
 22129
 22224
 22305
 22399
 22512
 22595
 22687
 22788
 22886
 22991
 23067
 23146
 23229
 23321
 23406
 23505
 23608
 23706
 23810
 23912
 24016
 24152
 24263
 24382
 24490
 24599
 24704
 24795
 24889
 24988
 25095
 25203
 25326
 25436
 25539
 25673
 25805
 25926
 26045
 26178
 26296
 26390
 26499
 26604
 26725
 26850
 26983
 27115
 27256
 27402
 27526
 27650
 27784
 27923
 28068
 28185
 28307
 28428
 28551
 28679
 28800
 28937
 29087
 29239
 29361
 29479
 29619
 29767
 29898
 30040
 30183
 30302
 30436
 30562
 30702
 30832
 30966
 31109
 31257
 31390
 31534
 31683
 31843
 31977
 32105
 32236
 32374
 32506
 32652
 32802
 32950
 33102
 33238
 33380
 33541
 33695
 33833
 33974
 34109
 34250
 34383
 34533
 34669
 34840
 34997
 35159
 35316
 35478
 35635
 35777
 35913
 36051
 36193
 36328
 36466
 36627
 36802
 36947
 37106
 37264
 37418
 37575
 37718
 37855
 38015
 38154
 38296
 38453
 38620
 38766
 38933
 39105
 39280
 39439
 39597
 39744
 39893
 40039
 40199
 40350
 40503
 40680
 40823
 40990
 41153
 41299
 41433
 41590
 41738
 41896
 42060
 42224
 42381
 42540
 42718
 42879
 43042
 43194
 43336
 43478
 43645
 43801
 43973
 44140
 44298
 44456
 44617
 44779
 44929
 45099
 45265
 45406
 45569
 45735
 45892
 46046
 46211
 46373
 46546
 46695
 46851
 47015
 47184
 47348
 47505
 47656
 47814
 47968
 48128
 48287
 48443
 48601
 48768
 48921
 49081
 49233
 49383
 49561
 49734
 49907
 50062
 50212
 50343
 50453
 50607
 50753
 50894
 51031
 51197
 51339
 51528
 51683
 51856
 52015
 52191
 52355
 52515
 52652
 52798
 52947
 53107
 53238
 53367
 53514
 53658
 53809
 53976
 54142
 54294
 54440
 54582
 54743
 54895
 55045
 55198
 55332
 55467
 55639
 55782
 55918
 56073
 56203
 56316
 56449
 56573
 56701
 56841
 56971
 57098
 57231
 57349
 57458
 57574
 57674
 57796
 57899
 58022
 58127
 58231
 58337
 58454
 58563
 58701
 58770
 66612
 79783
 66784
 79794
 70188
 59912
 59982
 60058
 60153
 60258
 60342
 60654
 60684
 60736
 70296
 79776
 79771
 79777
 79772
 79779
 79781
 79770
 79778
 79772
 79773
 79767
 79774
 79776
 79759
 79773
 79773
 79770
 79773
 79776
 79771
 79776
 79768
 79774
 79772
 79767
 79774
 79773
 79766
 79786
 79782
 79771
 79781
 79775
 79770
 79770
