Sa, 15.02.25    13:07:49
34 Hellwig-2
2		
49.680
0.000
0.000


 17040
 17060
 17079
 17081
 17100
 17125
 17156
 17196
 17232
 17285
 17312
 17344
 17385
 17409
 17443
 17447
 17498
 17522
 17561
 17616
 17647
 17691
 17757
 17810
 17872
 17949
 18010
 18080
 18151
 18213
 18271
 18326
 18407
 18492
 18577
 18671
 18754
 18833
 18925
 19000
 19091
 19185
 19258
 19375
 19489
 19541
 19562
 19660
 19760
 19866
 19999
 20083
 20162
 20229
 20288
 20371
 20453
 20535
 20626
 20723
 20817
 20895
 20999
 21118
 21223
 21337
 21452
 21569
 21666
 21768
 21865
 21962
 22071
 22186
 22299
 22420
 22521
 22631
 22755
 22869
 22995
 23124
 23248
 23359
 23463
 23575
 23699
 23810
 23928
 24048
 24157
 24279
 24402
 24536
 24663
 24800
 24943
 25095
 25232
 25337
 25441
 25551
 25678
 25792
 25924
 26049
 26187
 26319
 26445
 26581
 26726
 26858
 26982
 27118
 27234
 27377
 27498
 27628
 27741
 27875
 28019
 28152
 28290
 28438
 28589
 28763
 28915
 29062
 29189
 29322
 29455
 29586
 29709
 29830
 29991
 30154
 30285
 30422
 30578
 30730
 30880
 31026
 31168
 31295
 31407
 31543
 31689
 31837
 31966
 32127
 32268
 32412
 32569
 32734
 32894
 33048
 33208
 33350
 33492
 33636
 33787
 33919
 34073
 34216
 34359
 34503
 34668
 34821
 34990
 35158
 35321
 35456
 35600
 35752
 35888
 36025
 36177
 36321
 36449
 36599
 36767
 36936
 37115
 37286
 37443
 37607
 37745
 37903
 38039
 38184
 38329
 38475
 38633
 38788
 38953
 39114
 39294
 39452
 39607
 39764
 39917
 40072
 40226
 40373
 40523
 40667
 40827
 40986
 41143
 41321
 41472
 41642
 41817
 41974
 42145
 42292
 42451
 42599
 42750
 42899
 43056
 43212
 43373
 43535
 43711
 43878
 44049
 44197
 44361
 44503
 44665
 44806
 44970
 45134
 45297
 45450
 45615
 45797
 45971
 46152
 46308
 46451
 46598
 46759
 46917
 47085
 47249
 47405
 47553
 47715
 47877
 48038
 48194
 48348
 48503
 48675
 48826
 48989
 49144
 49291
 49439
 49575
 49744
 39409
 33343
 33348
 33277
 33222
 33184
 33177
 33138
 33080
 33049
 33028
 36726
 51595
 51753
 51908
 52060
 52216
 52368
 52529
 52684
 52825
 52989
 53135
 53275
 53400
 53534
 53677
 53815
 53945
 54066
 54204
 54346
 54488
 54636
 54779
 54915
 55062
 55200
 55337
 55467
 55608
 55747
 55881
 56021
 56148
 56272
 56403
 56558
 56691
 56814
 56936
 57036
 57151
 57256
 57379
 57499
 57614
 57719
 57811
 57919
 58020
 58125
 58210
 58302
 58397
 58490
 58593
 58681
 58780
 58884
 58984
 59094
 59188
 59293
 59387
 59497
 59613
 59728
 59863
 60025
 60164
 60303
 60450
 60618
 60820
 60928
 64080
 79658
 79635
 79634
 79629
 79638
 79635
 79640
 79644
 79638
 79628
 79644
 79633
 79644
 79638
 79639
 79630
 79637
 79629
 79613
 79604
 79582
 79577
 79574
 79573
 79573
 79574
 79595
 79595
 79591
 79583
 79589
 79588
 79593
 79590
 79602
 79580
 79593
 79604
 79600
 79581
