Sa, 15.02.25    13:54:40
340 Grimm-5
5		
47.680
0.000
0.000


 14479
 14555
 14614
 14677
 14726
 14810
 14869
 14944
 15032
 15092
 15166
 15236
 15309
 15411
 15497
 15628
 15689
 15727
 15821
 15904
 15986
 16071
 16138
 16222
 16306
 16380
 16469
 16562
 16654
 16747
 16847
 16932
 17037
 17140
 17250
 17368
 17481
 17576
 17708
 17833
 17943
 18048
 18147
 18227
 18334
 18431
 18539
 18655
 18783
 18895
 19002
 19132
 19244
 19352
 19467
 19602
 19724
 19845
 19957
 20074
 20180
 20274
 20386
 20493
 20591
 20726
 20854
 20972
 21102
 21219
 21340
 21484
 21617
 21760
 21882
 22014
 22142
 22255
 22382
 22499
 22631
 22758
 22889
 23020
 23141
 23286
 23417
 23564
 23702
 23861
 23995
 24115
 24244
 24367
 24495
 24621
 24752
 24879
 25011
 25160
 25304
 25434
 25582
 25721
 25884
 26027
 26161
 26276
 26397
 26528
 26656
 26805
 26941
 27085
 27229
 27390
 27535
 27682
 27814
 27976
 28110
 28260
 28393
 28519
 28670
 28799
 28944
 29073
 29203
 29352
 29509
 29646
 29789
 29955
 30131
 30289
 30420
 30566
 30699
 30839
 30973
 31114
 31253
 31388
 31532
 31699
 31854
 32021
 32182
 32345
 32495
 32645
 32791
 32919
 33056
 33198
 33334
 33474
 33627
 33774
 33925
 34089
 34246
 34408
 34572
 34742
 34909
 35070
 35208
 35348
 35482
 35634
 35797
 35949
 36103
 36258
 36401
 36565
 36736
 36900
 37080
 37229
 37380
 37515
 37655
 37801
 37952
 38123
 38272
 38453
 38600
 38777
 38962
 39132
 39274
 39422
 39587
 39744
 39902
 40068
 40238
 40391
 40551
 40736
 40901
 41047
 41202
 41340
 41497
 41663
 41833
 42003
 42165
 42364
 42533
 42683
 42850
 43032
 43208
 43399
 43561
 43692
 43828
 44019
 44166
 44325
 44489
 44660
 44840
 45004
 45166
 45323
 45513
 45656
 45820
 46011
 46170
 46340
 46514
 46687
 46852
 47026
 47201
 47378
 47521
 47663
 47798
 47928
 48052
 48193
 48324
 48481
 48636
 48789
 48955
 49121
 49237
 49469
 49659
 49788
 49917
 50044
 50178
 50302
 50449
 50579
 50729
 50887
 51044
 51189
 51314
 51489
 51657
 51847
 52026
 52197
 52388
 52513
 52637
 52759
 52892
 53030
 53162
 53281
 53426
 53547
 53695
 53829
 53958
 54108
 54232
 54369
 54499
 54632
 54774
 54911
 55061
 55210
 55388
 55552
 55702
 55821
 55937
 56054
 56141
 56241
 56323
 56412
 56545
 56661
 56768
 56897
 57019
 57128
 57247
 57357
 57440
 57510
 69708
 79596
 79587
 79580
 79563
 79567
 79524
 79482
 79452
 79422
 79401
 79354
 79311
 79326
 79332
 79360
 79387
 79391
 79368
 79290
 79217
 79254
 79290
 79295
 79288
 79284
 79236
 79197
 79171
 79188
 79157
 79157
 79150
 79158
 79147
 79159
 79130
 79142
 79124
 79138
 79136
 79132
 79130
 79142
 79124
 79118
 79124
 79117
 79123
 79124
