Sa, 15.02.25    12:59:52
118 Edzards-1
1		
47.680
0.000
0.000


 14428
 14494
 14515
 14572
 14637
 14681
 14708
 14746
 14747
 14733
 14768
 14811
 14878
 14932
 15014
 15098
 15180
 15237
 15303
 15389
 15462
 15532
 15609
 15678
 15754
 15820
 15890
 16004
 16098
 16179
 16302
 16383
 16453
 16548
 16655
 16747
 16843
 16938
 17042
 17143
 17231
 17329
 17449
 17553
 17659
 17759
 17896
 18012
 18141
 18250
 18366
 18491
 18618
 18728
 18829
 18955
 19077
 19199
 19311
 19439
 19541
 19690
 19803
 19945
 20065
 20192
 20311
 20425
 20552
 20670
 20813
 20930
 21068
 21203
 21339
 21476
 21616
 21757
 21885
 22016
 22161
 22303
 22432
 22568
 22698
 22841
 22988
 23133
 23276
 23407
 23566
 23702
 23844
 23982
 24134
 24271
 24405
 24543
 24704
 24857
 25020
 25189
 25358
 25501
 25633
 25772
 25912
 26053
 26196
 26339
 26482
 26644
 26801
 26941
 27106
 27253
 27417
 27564
 27713
 27857
 27986
 28144
 28294
 28454
 28615
 28779
 28953
 29128
 29285
 29438
 29577
 29716
 29892
 30040
 30197
 30361
 30520
 30673
 30853
 31019
 31179
 31335
 31476
 31626
 31762
 31922
 32077
 32239
 32420
 32571
 32756
 32928
 33102
 33273
 33429
 33580
 33727
 33884
 34034
 34215
 34380
 34545
 34699
 34880
 35059
 35219
 35388
 35554
 35711
 35870
 36030
 36192
 36343
 36479
 36652
 36828
 37012
 37197
 37381
 37539
 37705
 37848
 38014
 38166
 38327
 38475
 38654
 38825
 38999
 39171
 39337
 39507
 39674
 39838
 40002
 40179
 40344
 40500
 40658
 40823
 40999
 41180
 41358
 41520
 41701
 41871
 42031
 42199
 42362
 42523
 42680
 42845
 42995
 43173
 43337
 43502
 43691
 43848
 44019
 44182
 44338
 44504
 44666
 44824
 45001
 45164
 45338
 45514
 45696
 45862
 46051
 46230
 46384
 46539
 46706
 46862
 47027
 47184
 47332
 47475
 47636
 47779
 47941
 48099
 48254
 48420
 48573
 48728
 48881
 49027
 49177
 49338
 49476
 49631
 49778
 49917
 50064
 50219
 50372
 50501
 50681
 50848
 51005
 51180
 51314
 51456
 51608
 51756
 51905
 52051
 52199
 52335
 52474
 52632
 52775
 52922
 53063
 53210
 53347
 53483
 53634
 53772
 53913
 54052
 54181
 54327
 54448
 54591
 54720
 54866
 54998
 55149
 55300
 55431
 55566
 55705
 55832
 55965
 42473
 28706
 13815
 13964
 13942
 14026
 13983
 13948
 13906
 13899
 14051
 13957
 13931
 13902
 13893
 13879
 13882
 13841
 13803
 13785
 13772
 13769
 13759
 13786
 13746
 13787
 13804
 13794
 13758
 13675
 79889
 79881
 79878
 79882
 79866
 79862
 79845
 79850
 79841
 79833
 79834
 79828
 79840
 79833
 79828
 79833
 79834
 79832
 79833
 79833
 79830
 79836
 79834
 79846
 79839
 79840
 79837
 79835
 79841
 72587
 63058
 63064
 63192
 63238
 63348
 63418
 63496
 63478
 63596
 63683
 63755
 63822
 63990
 64093
 77534
 79837
 79833
 79830
 79848
 79835
