Sa, 15.02.25    13:32:57
329 Werner-3
3		
47.680
0.000
0.000


 16923
 16981
 17045
 17105
 17193
 17265
 17332
 17395
 17471
 17545
 17610
 17682
 17743
 17823
 17909
 17994
 18073
 18158
 18248
 18328
 18404
 18490
 18570
 18658
 18721
 18787
 18872
 18946
 19055
 19138
 19228
 19331
 19407
 19500
 19586
 19666
 19758
 19858
 19956
 20048
 20152
 20230
 20340
 20442
 20553
 20660
 20766
 20898
 20989
 21087
 21151
 21254
 21348
 21460
 21581
 21679
 21771
 21877
 21982
 22089
 22178
 22281
 22365
 22478
 22572
 22681
 22788
 22914
 23025
 23148
 23263
 23394
 23538
 23656
 23773
 23878
 23997
 24109
 24218
 24330
 24462
 24569
 24708
 24852
 24988
 25130
 25258
 25384
 25498
 25619
 25725
 25849
 25970
 26092
 26208
 26312
 26448
 26598
 26734
 26876
 27028
 27165
 27306
 27449
 27557
 27680
 27806
 27927
 28065
 28195
 28342
 28505
 28654
 28794
 28936
 29091
 29216
 29347
 29474
 29611
 29736
 29879
 30021
 30185
 30331
 30466
 30621
 30787
 30939
 31094
 31226
 31357
 31491
 31631
 31783
 31936
 32102
 32250
 32403
 32546
 32700
 32851
 32987
 33118
 33243
 33398
 33561
 33730
 33890
 34047
 34180
 34345
 34514
 34690
 34859
 35023
 35183
 35322
 35474
 35618
 35802
 35952
 36109
 36259
 36406
 36564
 36725
 36849
 36957
 37089
 37261
 37489
 37678
 37836
 37977
 38138
 38311
 38483
 38670
 38839
 39003
 39166
 39337
 39476
 39661
 39818
 39974
 40145
 40299
 40461
 40596
 40684
 40808
 40967
 41206
 41411
 41589
 41742
 41928
 42114
 42294
 42475
 42637
 42798
 42946
 43108
 43266
 43424
 43600
 43766
 43930
 44098
 44260
 44418
 44583
 44739
 44891
 45055
 45244
 45417
 45582
 45744
 45917
 46107
 46269
 46437
 46611
 46772
 46939
 47106
 47272
 47426
 47583
 47741
 47882
 48040
 48173
 48319
 48465
 48607
 48749
 48881
 49007
 49149
 49286
 49445
 49598
 49751
 49920
 50107
 50301
 50465
 50624
 50811
 50959
 51116
 51268
 51412
 51563
 51712
 51843
 51978
 52103
 52253
 52401
 52562
 52707
 52859
 53006
 53149
 53288
 53419
 53567
 53707
 53853
 53989
 54114
 54249
 54388
 54524
 54660
 54790
 54916
 55045
 55177
 55310
 55440
 55590
 55714
 55839
 55939
 56044
 56163
 56257
 56359
 56464
 56550
 56647
 56754
 56880
 56992
 57110
 57222
 57314
 57444
 57557
 57705
 57859
 58256
 58328
 62693
 79663
 79669
 79660
 79650
 79656
 79647
 79634
 79645
 79638
 79640
 79644
 79645
 79647
 79650
 79643
 79635
 79645
 79642
 79649
 79638
 79643
 79646
 79643
 79653
 79649
 79643
 79645
 79649
 79655
 79645
 79646
 79638
 79649
 79644
 79642
 79653
 79644
 79644
 79644
 79643
 79643
 79645
 79653
 79649
 79649
 79650
 79642
 79641
 79638
