Sa, 15.02.25    12:53:27
145 Beraz 11-1
1		
47.680
0.000
0.000


 14512
 14574
 14618
 14684
 14738
 14813
 14847
 14901
 14955
 15027
 15074
 15134
 15184
 15253
 15315
 15387
 15465
 15532
 15606
 15678
 15747
 15823
 15887
 15948
 16030
 16122
 16180
 16262
 16337
 16432
 16516
 16626
 16719
 16832
 16945
 17026
 17127
 17215
 17313
 17412
 17517
 17627
 17718
 17834
 17930
 18032
 18146
 18261
 18359
 18456
 18561
 18654
 18755
 18872
 18973
 19078
 19200
 19314
 19421
 19533
 19650
 19774
 19875
 19970
 20071
 20190
 20288
 20400
 20523
 20654
 20776
 20885
 21001
 21114
 21227
 21316
 21434
 21551
 21676
 21809
 21921
 22045
 22170
 22289
 22418
 22532
 22623
 22747
 22860
 22993
 23127
 23267
 23382
 23520
 23645
 23773
 23884
 24004
 24125
 24227
 24353
 24466
 24580
 24709
 24829
 24955
 25087
 25232
 25366
 25506
 25652
 25788
 25910
 26031
 26164
 26275
 26385
 26497
 26633
 26759
 26893
 27026
 27182
 27329
 27482
 27635
 27775
 27900
 28019
 28139
 28283
 28402
 28537
 28660
 28781
 28930
 29062
 29191
 29344
 29503
 29670
 29817
 29960
 30104
 30252
 30376
 30503
 30638
 30767
 30905
 31051
 31194
 31348
 31488
 31649
 31803
 31947
 32092
 32236
 32385
 32514
 32645
 32786
 32911
 33049
 33202
 33351
 33516
 33681
 33846
 34009
 34169
 34303
 34452
 34588
 34730
 34875
 35017
 35174
 35346
 35490
 35677
 35825
 35979
 36116
 36265
 36393
 36539
 36690
 36832
 36952
 37102
 37254
 37410
 37578
 37747
 37915
 38072
 38222
 38371
 38521
 38683
 38835
 38990
 39141
 39300
 39455
 39614
 39772
 39931
 40095
 40263
 40405
 40548
 40698
 40845
 40984
 41135
 41279
 41436
 41585
 41754
 41936
 42104
 42289
 42454
 42613
 42760
 42913
 43067
 43214
 43372
 43533
 43692
 43869
 44031
 44200
 44350
 44510
 44666
 44822
 44977
 45127
 45296
 45438
 45591
 45752
 45916
 46081
 46262
 46421
 46594
 46759
 46918
 47081
 47253
 47415
 47555
 47704
 47844
 47996
 48167
 48337
 48485
 48626
 48741
 48886
 49021
 49152
 49285
 49415
 49545
 49674
 49826
 49995
 50174
 50340
 50508
 50674
 50825
 50995
 51152
 51304
 51456
 51606
 51757
 51907
 52055
 52191
 52323
 52457
 52582
 52715
 52840
 52972
 53111
 53246
 53378
 53526
 53655
 53797
 53908
 54052
 54150
 54248
 54385
 54554
 54727
 54859
 54990
 55119
 55249
 55354
 55491
 55596
 55737
 55846
 55991
 56126
 56256
 56358
 56470
 56565
 56673
 56779
 56869
 56977
 57071
 57160
 57277
 57373
 57467
 57536
 57721
 69034
 79805
 79823
 79862
 79882
 79911
 79925
 79943
 79938
 79944
 69564
 48370
 48367
 48402
 48423
 48456
 48488
 48511
 48547
 48570
 48603
 48622
 49516
 79921
 79925
 79915
 79934
 79929
 79928
 79930
 79924
 79926
 79918
 79929
 79940
 79921
 79926
 79924
 79923
 79930
 79935
 79917
 79919
 79929
 79931
 79924
 79925
 79931
 79929
 79925
 79925
 79919
 79932
 79930
 79929
 79927
 79929
 79930
 79930
 79931
 79940
 79924
 79930
 79921
 79918
 79926
 79935
 79927
 79929
 79934
 79928
 79917
 79928
