Sa, 15.02.25    13:43:09
340 Grimm-3
3		
49.680
0.000
0.000


 20279
 20363
 20513
 20596
 20675
 20761
 20841
 20956
 21040
 21132
 21201
 21279
 21368
 21449
 21507
 21619
 21719
 21833
 21931
 22034
 22135
 22246
 22344
 22454
 22560
 22661
 22742
 22831
 22934
 23031
 23124
 23224
 23341
 23451
 23564
 23701
 23827
 23957
 24073
 24192
 24304
 24425
 24547
 24655
 24762
 24865
 24975
 25101
 25225
 25327
 25453
 25584
 25707
 25833
 25953
 26081
 26223
 26336
 26447
 26556
 26668
 26789
 26909
 27033
 27164
 27286
 27428
 27585
 27710
 27835
 27973
 28105
 28239
 28366
 28503
 28616
 28744
 28876
 29009
 29141
 29273
 29400
 29536
 29681
 29826
 29980
 30133
 30260
 30375
 30506
 30642
 30766
 30906
 31048
 31186
 31331
 31463
 31611
 31765
 31914
 32064
 32204
 32329
 32465
 32607
 32745
 32877
 33031
 33163
 33313
 33465
 33628
 33801
 33959
 34097
 34236
 34368
 34516
 34658
 34805
 34945
 35094
 35249
 35398
 35548
 35715
 35864
 36010
 36157
 36291
 36428
 36576
 36726
 36875
 37016
 37175
 37352
 37509
 37678
 37821
 37971
 38122
 38264
 38410
 38575
 38729
 38876
 39044
 39192
 39352
 39505
 39671
 39829
 39989
 40135
 40297
 40437
 40591
 40730
 40889
 41045
 41206
 41369
 41531
 41690
 41844
 42000
 42158
 42317
 42458
 42617
 42766
 42921
 43082
 43241
 43395
 43553
 43710
 43876
 44025
 44183
 44348
 44495
 44662
 44828
 44985
 45159
 45315
 45463
 45617
 45777
 45922
 46090
 46249
 46386
 46546
 46698
 46865
 47025
 47179
 47337
 47499
 47652
 47813
 47985
 48158
 48309
 48468
 48643
 48809
 48959
 49116
 49271
 49421
 49577
 49728
 49886
 50050
 50206
 50319
 50460
 50585
 50725
 50869
 51001
 51137
 51270
 51411
 51575
 51754
 51944
 52126
 52301
 52479
 52635
 52769
 52917
 53075
 53220
 53357
 53496
 53645
 53788
 53933
 54081
 54236
 54378
 54539
 54682
 54827
 54981
 55133
 55279
 55435
 55575
 55719
 55855
 55997
 56134
 56275
 56414
 56551
 56685
 56827
 56966
 57103
 57232
 57362
 57501
 57632
 57753
 57874
 58000
 58121
 58248
 58358
 58484
 58609
 58745
 58875
 59009
 59148
 59297
 59459
 59590
 59605
 70446
 79750
 79750
 79750
 79742
 79739
 79703
 79715
 79715
 79709
 79705
 79706
 79703
 79702
 79705
 79709
 79703
 79709
 79706
 79720
 79717
 79712
 79717
 79713
 79714
 79710
 79719
 79717
 79716
 79710
 79711
 79710
 79711
 79710
 79714
 79713
 79709
 79707
 79716
 79711
 79706
 79706
 79708
 79697
 79696
 79693
 79696
 79699
 79693
 79702
