Sa, 15.02.25    13:03:59
524 Baudisch-2
2		
49.680
0.000
0.000


 22877
 22972
 23057
 23147
 23237
 23320
 23400
 23506
 23626
 23718
 23821
 23916
 24022
 24138
 24252
 24366
 24476
 24591
 24700
 24797
 24909
 25007
 25123
 25242
 25355
 25460
 25580
 25718
 25821
 25942
 26055
 26187
 26312
 26406
 26531
 26640
 26766
 26908
 27030
 27159
 27280
 27395
 27519
 27648
 27777
 27923
 28059
 28190
 28313
 28427
 28550
 28674
 28814
 28956
 29105
 29246
 29373
 29505
 29630
 29787
 29926
 30052
 30199
 30325
 30458
 30586
 30718
 30832
 30948
 31083
 31221
 31368
 31513
 31659
 31810
 31956
 32104
 32230
 32363
 32514
 32651
 32796
 32926
 33075
 33217
 33363
 33516
 33682
 33826
 33973
 34110
 34248
 34380
 34518
 34657
 34805
 34941
 35100
 35271
 35421
 35570
 35739
 35882
 36021
 36172
 36317
 36445
 36584
 36741
 36904
 37060
 37220
 37374
 37531
 37685
 37828
 37979
 38138
 38263
 38412
 38544
 38681
 38837
 38994
 39161
 39324
 39479
 39634
 39795
 39936
 40106
 40254
 40402
 40530
 40717
 40863
 41018
 41166
 41324
 41474
 41640
 41787
 41926
 42069
 42208
 42369
 42527
 42690
 42843
 43009
 43161
 43313
 31481
 24810
 24919
 24908
 24927
 24964
 24985
 24996
 25010
 25038
 25066
 25101
 25131
 25141
 25145
 25141
 25150
 25160
 25175
 25187
 25217
 25229
 25261
 25292
 25330
 25337
 25403
 25410
 29999
 48005
 48162
 48309
 48469
 48624
 48792
 48947
 49099
 49253
 49399
 49526
 49668
 49820
 49990
 50160
 50309
 50430
 50553
 50676
 50801
 50920
 51037
 51173
 51309
 51439
 51593
 51734
 51876
 52016
 52173
 52307
 52469
 52648
 52795
 52948
 53095
 53222
 53351
 53460
 53589
 53715
 53849
 53975
 54105
 54226
 54365
 54496
 54634
 54764
 54887
 55013
 55142
 55279
 55402
 55518
 55641
 55781
 55891
 56023
 56149
 56273
 56385
 56528
 56656
 56775
 56895
 56996
 57090
 57197
 57300
 57419
 57539
 57574
 57627
 57827
 57930
 58027
 58119
 58215
 58312
 58400
 58510
 58624
 58735
 58858
 58959
 59072
 59198
 59315
 59421
 59521
 59603
 59675
 59773
 59879
 59947
 76654
 79851
 79879
 79902
 79910
 79923
 79926
 79916
 79928
 79935
 79938
 79941
 79963
 79937
 79932
 79946
 79936
 79930
 79933
 79935
 79938
 79940
 79929
 79946
 79928
 79937
 79933
 79928
 79930
 79939
 79937
 79946
 79935
 79930
 79938
 79938
 79935
 79938
 79938
 79923
 79941
 79943
 79935
 79937
 79936
 79938
 79928
