Sa, 15.02.25    13:51:05
147 Mensah-5
5		
49.680
0.000
0.000


 17294
 17351
 17390
 17345
 17247
 17573
 17695
 17715
 17559
 17681
 17708
 17791
 17814
 17843
 17903
 17951
 17998
 18064
 18121
 18164
 18248
 18321
 18376
 18468
 18546
 18617
 18682
 18740
 18787
 18872
 18938
 19018
 19125
 19247
 19376
 19432
 19510
 19608
 19704
 19794
 19878
 19993
 20060
 20122
 20203
 20281
 20399
 20520
 20609
 20715
 20806
 20907
 21020
 21145
 21252
 21362
 21461
 21560
 21657
 21762
 21879
 21989
 22095
 22226
 22368
 22487
 22585
 22696
 22814
 22944
 23051
 23166
 23277
 23385
 23513
 23624
 23747
 23886
 24018
 24146
 24263
 24411
 24543
 24684
 24814
 24930
 25061
 25176
 25297
 25434
 25557
 25689
 25841
 25972
 26100
 26250
 26378
 26502
 26621
 26755
 26897
 27020
 27171
 27299
 27446
 27598
 27744
 27864
 28030
 28180
 28331
 28474
 28611
 28748
 28895
 29038
 29173
 29296
 29445
 29592
 29740
 29884
 30055
 30212
 30349
 30488
 30624
 30774
 30914
 31046
 31193
 31341
 31487
 31639
 31801
 31969
 32141
 32272
 32421
 32559
 32697
 32838
 32981
 33131
 33298
 33426
 33587
 33749
 33910
 34065
 34220
 34365
 34519
 34670
 34817
 34965
 35116
 35280
 35435
 35605
 35779
 35934
 36096
 36246
 36388
 36537
 36698
 36848
 36995
 37154
 37329
 37479
 37653
 37814
 37973
 38134
 38284
 38432
 38591
 38755
 38911
 39065
 39231
 39387
 39561
 39734
 39899
 40053
 40218
 40375
 40545
 40701
 40866
 41023
 41186
 41337
 41502
 41670
 41830
 42005
 42176
 42330
 42497
 42650
 42805
 42964
 43136
 43308
 43470
 43657
 43834
 43999
 44149
 44322
 44484
 44640
 44805
 44971
 45154
 45327
 45485
 45661
 45839
 45980
 46154
 46314
 46464
 46629
 46795
 46958
 47142
 47320
 47501
 47686
 47863
 48045
 48205
 48382
 48572
 48733
 48893
 49083
 49225
 49377
 49535
 49695
 49866
 50049
 50215
 50349
 50498
 50638
 50796
 50934
 51082
 51217
 51350
 51508
 51661
 51820
 51987
 52176
 52373
 52552
 52731
 52898
 53081
 53237
 53401
 53580
 53742
 53890
 54042
 54173
 54311
 54444
 54610
 54777
 54955
 55108
 55253
 55397
 55566
 55703
 55850
 55995
 56152
 56278
 56426
 56588
 56742
 56916
 57090
 57245
 57393
 57527
 57655
 57806
 57954
 58080
 58203
 58329
 58463
 58598
 58742
 58871
 59003
 59129
 59253
 59380
 59502
 59668
 59833
 60031
 60159
 60196
 73297
 79695
 79711
 79709
 79717
 79721
 79726
 79725
 79721
 79719
 79725
 79732
 79717
 79726
 79734
 79737
 79745
 79744
 79748
 79740
 79746
 79740
 79724
 79720
 79718
 79735
 79734
 79716
 79723
 79723
 79731
 79726
 79727
 79713
 79738
 79732
 79730
 79727
 79738
 79717
 79723
 79720
 79728
 79730
 79736
 79725
