Sa, 15.02.25    12:51:48
758 Brökling-1
1		
49.680
0.000
0.000


 19675
 19744
 19819
 19885
 19966
 20049
 20136
 20221
 20313
 20387
 20475
 20545
 20635
 20722
 20792
 20872
 20967
 21052
 21149
 21242
 21329
 21443
 21540
 21652
 21765
 21878
 21979
 22089
 22177
 22262
 22352
 22461
 22568
 22679
 22794
 22885
 23013
 23113
 23237
 23347
 23480
 23605
 23695
 23800
 23897
 24005
 24129
 24239
 24360
 24497
 24629
 24753
 24879
 25026
 25170
 25286
 25377
 25478
 25581
 25697
 25830
 25964
 26088
 26219
 26337
 26473
 26606
 26753
 26894
 27032
 27150
 27259
 27377
 27500
 27632
 27769
 27900
 28018
 28157
 28296
 28453
 28598
 28749
 28877
 28998
 29121
 29240
 29384
 29509
 29653
 29793
 29938
 30091
 30231
 30390
 30527
 30676
 30798
 30925
 31055
 31194
 31318
 31453
 31611
 31758
 31890
 32054
 32226
 32378
 32529
 32672
 32802
 32932
 33073
 33208
 33351
 33502
 33637
 33789
 33944
 34113
 34268
 34414
 34567
 34713
 34856
 35006
 35150
 35302
 35437
 35576
 35738
 35891
 36060
 36221
 36374
 36502
 36652
 36810
 36951
 37109
 37263
 37401
 37563
 37708
 37859
 38024
 38183
 38340
 38481
 38649
 38799
 38946
 39088
 39233
 39387
 39533
 39702
 39875
 40051
 40215
 40377
 40519
 40668
 40822
 40970
 41117
 41269
 41411
 41566
 41735
 41904
 42062
 42234
 42394
 42546
 42698
 42836
 42990
 43142
 43292
 43446
 43617
 43796
 43957
 44130
 44282
 44437
 44581
 44735
 44891
 45056
 45223
 45378
 45520
 45699
 45871
 46034
 46190
 46330
 46479
 46634
 46795
 46946
 47123
 47272
 47433
 47601
 47775
 47941
 48107
 48259
 48412
 48573
 48728
 48884
 49039
 49182
 49328
 49470
 49618
 49765
 49928
 50098
 50243
 50376
 50495
 50650
 50779
 50921
 51060
 51178
 51323
 51440
 51599
 51763
 51925
 52088
 52248
 52409
 52571
 52739
 52888
 53022
 53172
 53306
 53445
 53574
 53712
 53850
 53988
 54127
 54270
 54415
 54565
 54697
 54832
 54981
 55119
 55251
 55394
 55531
 55676
 55807
 55951
 56085
 56219
 56328
 56429
 56545
 56669
 56791
 56911
 57051
 57175
 57301
 57400
 57499
 57601
 57702
 57803
 57922
 58021
 58125
 58214
 58328
 58419
 43869
 40612
 40608
 40541
 40510
 40476
 40448
 40435
 40427
 40412
 40402
 40397
 40396
 40386
 40387
 40374
 40381
 40355
 40304
 40272
 40221
 40198
 40179
 40158
 40130
 40117
 40031
 39962
 78747
 79611
 79635
 79645
 79647
 79634
 79639
 79628
 79641
 79640
 79643
 79642
 79635
 79631
 79638
 79638
 79647
 79634
 79643
 79638
 79636
 79640
 79641
 79647
 79647
 79645
 79636
 79642
 79637
 79649
 79637
 79636
 79637
 79634
 79642
 79641
 79635
 79641
 79637
 79648
 79636
 79654
 79631
 79649
 79641
 79646
 79647
 79639
 79645
 79635
