Sa, 15.02.25    13:48:51
460 Eze-4
4		
47.680
0.000
0.000


 24555
 24719
 24880
 25008
 25151
 25297
 25429
 25594
 25756
 25918
 26075
 26221
 26365
 26539
 26716
 26871
 27017
 27167
 27320
 27485
 27628
 27787
 27958
 28113
 28258
 28430
 28627
 28811
 28981
 29135
 29285
 29448
 29601
 29759
 29907
 30060
 30239
 30407
 30568
 30734
 30913
 31075
 31257
 31378
 31530
 31689
 31856
 32022
 32181
 32349
 32530
 32712
 32890
 33056
 33212
 33383
 33542
 33716
 33874
 34037
 34214
 34397
 34559
 34729
 34908
 35079
 35249
 35415
 35571
 35740
 35896
 36049
 36207
 36373
 36544
 36735
 36939
 37115
 37298
 37461
 37608
 37765
 37931
 38099
 38263
 38439
 38618
 38795
 38979
 39142
 39327
 39509
 39667
 39836
 40005
 40178
 40345
 40508
 40678
 40852
 41039
 41209
 41393
 41579
 41749
 41923
 42093
 42250
 42413
 42592
 42762
 42916
 43091
 43257
 43424
 43602
 43772
 43965
 44122
 44285
 44447
 44613
 44773
 44943
 45118
 45307
 45471
 45653
 45847
 46030
 46213
 46368
 46531
 46696
 46857
 47025
 47193
 47349
 47511
 47665
 47818
 47975
 48133
 48290
 48421
 48546
 48681
 48836
 48993
 49146
 49294
 49446
 49598
 49748
 49899
 50054
 50212
 50370
 50520
 50709
 50864
 51058
 51206
 51339
 51500
 51657
 51821
 51973
 52129
 52282
 52424
 52562
 52703
 52843
 52976
 53128
 53277
 53425
 53574
 53722
 53863
 54000
 54133
 54266
 54409
 54534
 54675
 54806
 54935
 55087
 55236
 55372
 55504
 55638
 55768
 55898
 56039
 56151
 56272
 56389
 56532
 56653
 56791
 56922
 57068
 57217
 57373
 57518
 57649
 57796
 57933
 58041
 58131
 58234
 58324
 58417
 58487
 58560
 58594
 58641
 58871
 58977
 59104
 59108
 59149
 59286
 59417
 59565
 59748
 59882
 59969
 77060
 79700
 79690
 79686
 79687
 79686
 79688
 79686
 79685
 79693
 79683
 79685
 79683
 79693
 79700
 79683
 79684
 79691
 79695
 79686
 79681
 79690
 79690
 79689
 79686
 79694
 79688
 79683
 79692
 79698
 79693
 79691
 79683
 79683
 79699
 79688
 79694
 79689
 79682
 79688
 79692
 79686
 79691
 79690
 79689
 79683
 79694
