Sa, 15.02.25    13:34:49
118 Edzards-3
3		
47.680
0.000
0.000


 14488
 14521
 14545
 14581
 14617
 14647
 14674
 14695
 14729
 14768
 14786
 14793
 14804
 14825
 14826
 14844
 14843
 14850
 14853
 14856
 14858
 14865
 14881
 14886
 14910
 14929
 14922
 14921
 14917
 14913
 14909
 14924
 14917
 14916
 14913
 14925
 14925
 14926
 14928
 14944
 14915
 14918
 14922
 14918
 14912
 14928
 14918
 14928
 14920
 14908
 14921
 14912
 14903
 14900
 14899
 14888
 14875
 14870
 14865
 14859
 14874
 14902
 14897
 14906
 14895
 14871
 14850
 14819
 14782
 14760
 14725
 14688
 14673
 14626
 14574
 14514
 14476
 14418
 14383
 14344
 14294
 14254
 14224
 14183
 14167
 14130
 14103
 14098
 14101
 14077
 14056
 14021
 13996
 13953
 13901
 13854
 13805
 13778
 13741
 13706
 13690
 13654
 13637
 13621
 13591
 13588
 13572
 13556
 13541
 13532
 13517
 13513
 13487
 13508
 13496
 13488
 13474
 13472
 13457
 13464
 13461
 13468
 13476
 13470
 13482
 13474
 13482
 13489
 13512
 13495
 13508
 13502
 13506
 13510
 13514
 13511
 13502
 13506
 13512
 13513
 13530
 13524
 13518
 13533
 13521
 13533
 13523
 13530
 13509
 13529
 13531
 13523
 13519
 13512
 13516
 13524
 13514
 13508
 13512
 13515
 13509
 13520
 13511
 13499
 13507
 13493
 13497
 13495
 13488
 13487
 13497
 13497
 13507
 13514
 13514
 13523
 13542
 13535
 13573
 13601
 13612
 13626
 13641
 13650
 13615
 13609
 13626
 13621
 13632
 13632
 13662
 13721
 13770
 13820
 13876
 13888
 13837
 14030
 14079
 14148
 14195
 14251
 14319
 14382
 14441
 14476
 14504
 14528
 14574
 14644
 14696
 14771
 14852
 14952
 15030
 15132
 15225
 15302
 15383
 15466
 15520
 15579
 15672
 15739
 15850
 15951
 16024
 16101
 16196
 16297
 16411
 16518
 16629
 16744
 16831
 16925
 17007
 17108
 17205
 17313
 17422
 17518
 17619
 17756
 17898
 18010
 18151
 18272
 18385
 18489
 18598
 18700
 18814
 18930
 19055
 19174
 19299
 19421
 19589
 19719
 19845
 19990
 20115
 20212
 20343
 20459
 20575
 20697
 20820
 20961
 21102
 21218
 21357
 21523
 21676
 21845
 21982
 22095
 22207
 22336
 22469
 22591
 22730
 22904
 23078
 23216
 23346
 23496
 23628
 23773
 23921
 24070
 24224
 24359
 24512
 24641
 24771
 24921
 25080
 25221
 25397
 25576
 25750
 25880
 26002
 26130
 26252
 26388
 26543
 26706
 26879
 27051
 27210
 27367
 27531
 27687
 27820
 27967
 28096
 27777
 25381
 13155
 12799
 12613
 12678
 12669
 12653
 12640
 12565
 12590
 12759
 12843
 12786
 12823
 12862
 12793
 12746
 12664
 12625
 12446
 12471
 12484
 12441
 12465
 12517
 12545
 13162
 32704
 32863
 33034
 32706
 17515
 12569
 12618
 12507
 12602
 12704
 12593
 12809
 12827
 12625
 12523
 12379
 12273
 12231
 12242
 12296
 12319
 12266
 12233
 12242
 12251
 12373
 12347
 12349
 12437
 12501
 12396
 12446
 12260
 12272
 12294
 12286
 12287
 12300
 12304
 12291
 12304
 12365
 12350
 12282
 12205
 12275
 12285
 12355
 12442
 12440
 12497
 12476
 12507
 12582
 12585
 12482
 12401
 12529
 12445
 12417
 12453
 12426
 12394
 12269
 12301
 12304
 12334
 12351
 12367
 12405
 12444
 12513
 12539
 12561
 12515
 12545
 12538
 12482
 12473
 12563
 12535
 12543
 12609
 12577
 12641
 12652
 12656
 12668
 12795
 12895
 12866
 12744
 12681
 12713
 12726
 12748
 12814
 12763
 12856
 12954
 12959
 12973
 12889
 12810
 12858
 13125
 13141
 12790
 12771
 12790
 12813
 12782
 12770
 12810
 12809
 12853
 12874
 12794
 12809
 12868
 12859
 12828
 12818
 12806
 12809
 12803
 12791
 12796
 12774
 12787
 12975
 12973
 12923
 12863
 12966
 12909
 12938
 12923
 12995
 12845
 12808
 12646
 12634
 12646
 12730
 12738
 12814
 12866
 12860
 12743
 12615
 12631
 12681
 12625
 12626
 12608
 12568
 12546
 12531
 12516
 12188
 10252
 10027
 10030
 10496
 10316
 10057
  9730
  9636
  9594
  9573
  9562
  9558
  9531
  9539
  9503
  9425
  9399
  9448
  9498
  9534
  9629
  9993
 10770
 11363
 12040
 12193
 12222
 12210
 12197
 12178
 12184
 12170
 12169
 12168
 12150
 12149
 12148
 12145
 12126
 12108
 12099
 12093
 12080
 12057
 12061
 12064
 12032
 12037
 12017
 12016
 11997
 11994
 11982
 11906
 11863
 11823
 11824
 11875
 11948
 11984
 12065
 12089
 12073
 12068
 12376
 14231
 36437
 57547
 79595
 79598
 79613
 79618
 79586
 79601
 79603
 79599
 79603
 79607
 79608
 79607
 79586
 79612
 79608
 79613
 79610
 79609
 79608
 79604
 79600
 79602
 79608
 79606
 79601
 79597
 79597
 79588
 79569
 67511
 12132
 11725
 11731
 11727
 11731
 11738
 11736
 11747
 11753
 11771
 11756
 11728
 11695
 11739
 11731
 11894
 12074
 12242
 12346
 12178
 11950
 11740
 11770
 11801
 11805
 11811
 11821
 11821
 11846
 11858
 11825
 11809
 46106
 79598
 79602
 79608
 79608
 79612
 79607
 79606
 79607
 79615
 79612
 79610
 79604
 79612
 76783
 37082
 28265
 12249
 11861
 11763
 11783
 11770
 11772
 11874
 12012
 12037
 12037
 11999
 12060
 12104
 12211
 12122
 12286
 11888
 11730
 11736
 11875
 11997
 12093
 12162
 12201
 12170
 12176
 12184
 12323
 12225
 12221
 12209
 12218
 12235
 12247
 12246
 12282
 12291
 12297
 12344
 12363
 12595
 12546
 12502
 12520
 12500
 12464
 74155
 87712
 89014
 90226
 89864
 89138
 88151
 87217
 86520
 85780
 85029
 84354
 83818
 83230
 82660
 82267
 81970
 81694
 81437
 81251
 81116
 81081
 81033
 81022
 81056
 81067
 81044
 81043
 81049
 81084
 81081
 81102
 81093
 81122
 81136
 81144
 81189
 81187
 81186
 81200
 81219
 81184
 81210
 81195
 81189
 81220
 81193
 81204
 81201
 81239
