Sa, 15.02.25    14:06:00
118 Edzards-6
6		
47.680
0.000
0.000


 13965
 14037
 14100
 14152
 14179
 14201
 14225
 14278
 14337
 14392
 14442
 14503
 14590
 14674
 14766
 14873
 14974
 15064
 15151
 15215
 15281
 15367
 15447
 15546
 15641
 15737
 15815
 15908
 15998
 16089
 16190
 16284
 16397
 16525
 16613
 16726
 16820
 16918
 17013
 17123
 17230
 17336
 17456
 17558
 17656
 17794
 17942
 18054
 18184
 18293
 18425
 18533
 18646
 18758
 18877
 18996
 19121
 19250
 19379
 19507
 19636
 19762
 19913
 20045
 20176
 20286
 20396
 20524
 20662
 20777
 20909
 21040
 21179
 21300
 21464
 21627
 21794
 21963
 22102
 22226
 22340
 22466
 22599
 22732
 22877
 23022
 23166
 23320
 23464
 23630
 23787
 23942
 24075
 24202
 24352
 24483
 24623
 24772
 24926
 25081
 25230
 25384
 25553
 25734
 25896
 26037
 26169
 26295
 26434
 26574
 26723
 26877
 27036
 27203
 27377
 27531
 27705
 27859
 28007
 28155
 28301
 28454
 28600
 28763
 28906
 29057
 29230
 29388
 29575
 29761
 29927
 30093
 30241
 30386
 30506
 30659
 30821
 30988
 31153
 31313
 31470
 31653
 31823
 31994
 32154
 32299
 32444
 32595
 32754
 32910
 33073
 33239
 33399
 33585
 33791
 33983
 34152
 34308
 34458
 34597
 34752
 34924
 35085
 35258
 35440
 35604
 35773
 35953
 36133
 36286
 36443
 36597
 36745
 36901
 37078
 37255
 37410
 37591
 37765
 37942
 38128
 38304
 38476
 38630
 38793
 38941
 39110
 39268
 39451
 39630
 39792
 39975
 40164
 40340
 40497
 40678
 40849
 41012
 41175
 41317
 41499
 41660
 41840
 42005
 42195
 42396
 42575
 42736
 42889
 43052
 43204
 43370
 43535
 43713
 43894
 44060
 44250
 44406
 44589
 44765
 44935
 45087
 45256
 45423
 45593
 45772
 45923
 46113
 46289
 46475
 46646
 46798
 46981
 47134
 47311
 47462
 47609
 47744
 47906
 48078
 48220
 48361
 48504
 48641
 48789
 48941
 49094
 49242
 49398
 49536
 49697
 49850
 50015
 50199
 50371
 50533
 50716
 50887
 51038
 51209
 51369
 51558
 51710
 51889
 52052
 52204
 52328
 52444
 52550
 52615
 52698
 52809
 52934
 53291
 53519
 53676
 53815
 53961
 54114
 54264
 54411
 54568
 54705
 54849
 54980
 55117
 55253
 55389
 55500
 55637
 55765
 55914
 56066
 56188
 56313
 56429
 56546
 56670
 56780
 56902
 57015
 57129
 57243
 57358
 57437
 58199
 79646
 79659
 79679
 79716
 79721
 79733
 79741
 72502
 66545
 79605
 79447
 79275
 79171
 79161
 79200
 79224
 79232
 79231
 79204
 79238
 79306
 79320
 79269
 79244
 79234
 79235
 79177
 79024
 78915
 78878
 78927
 79016
 79162
 79425
 79598
 79664
 79684
 79686
 79689
 79684
 77130
 63045
 63086
 63062
 63108
 63397
 63415
 63461
 63489
 69467
