Sa, 15.02.25    13:49:31
118 Edzards-4
4		
47.680
0.000
0.000


 14097
 14120
 14133
 14136
 14159
 14181
 14192
 14210
 14227
 14259
 14275
 14304
 14319
 14343
 14384
 14414
 14435
 14466
 14500
 14523
 14551
 14585
 14626
 14654
 14689
 14724
 14752
 14772
 14813
 14821
 14856
 14887
 14892
 14902
 14903
 14902
 14910
 14918
 14927
 14920
 14940
 14949
 14946
 14957
 14955
 14956
 14967
 14970
 14967
 14982
 14976
 14984
 14991
 14990
 14983
 14982
 14993
 14988
 14998
 15002
 14995
 15004
 14992
 14997
 15000
 15001
 15006
 15003
 15003
 15012
 15001
 15010
 15003
 15010
 15004
 15009
 15002
 15016
 15003
 15013
 15007
 15002
 15015
 15004
 15003
 15006
 15011
 15000
 15012
 15010
 15009
 15007
 15010
 15006
 15005
 14998
 14989
 14976
 14968
 14957
 14950
 14942
 14941
 14943
 14952
 14978
 14979
 14986
 14984
 14971
 14936
 14916
 14886
 14848
 14831
 14797
 14758
 14718
 14667
 14619
 14576
 14531
 14467
 14440
 14394
 14354
 14299
 14261
 14228
 14219
 14190
 14160
 14144
 14153
 14126
 14093
 14073
 14048
 13994
 13951
 13895
 13872
 13824
 13777
 13763
 13732
 13710
 13694
 13659
 13658
 13637
 13611
 13612
 13607
 13607
 13582
 13586
 13591
 13576
 13571
 13564
 13560
 13541
 13532
 13533
 13529
 13523
 13526
 13524
 13530
 13521
 13526
 13514
 13520
 13517
 13512
 13500
 13501
 13501
 13488
 13512
 13498
 13490
 13500
 13488
 13495
 13501
 13494
 13495
 13491
 13497
 13496
 13494
 13491
 13502
 13479
 13488
 13491
 13488
 13490
 13500
 13512
 13549
 13551
 13601
 13629
 13660
 13683
 13680
 13686
 13665
 13670
 13670
 13691
 13691
 13733
 13732
 13789
 13808
 13897
 13963
 14001
 14028
 14093
 14127
 14185
 14257
 14300
 14376
 14436
 14512
 14576
 14632
 14663
 14696
 14749
 14779
 14851
 14927
 14996
 15077
 15165
 15247
 15345
 15414
 15507
 15559
 15629
 15696
 15770
 15846
 15951
 16042
 16122
 16211
 16341
 16428
 16518
 16625
 16748
 16855
 16932
 17031
 17103
 17202
 17296
 17394
 17498
 17606
 17731
 17851
 17984
 18123
 18235
 18360
 18498
 18615
 18719
 18823
 18921
 19029
 19141
 19262
 19378
 19504
 19650
 19777
 19918
 20050
 20187
 20302
 20415
 20530
 20643
 20769
 20883
 21004
 21135
 21252
 21394
 21541
 21696
 21856
 22018
 22158
 22287
 22407
 22522
 22645
 22778
 22912
 23070
 23207
 23353
 23518
 23672
 23826
 23972
 24109
 24230
 24375
 24496
 24642
 24779
 24921
 25068
 25235
 25367
 25538
 25702
 25874
 26037
 26163
 26284
 26410
 26542
 26691
 26843
 27001
 27178
 27344
 27506
 27664
 27811
 27982
 28125
 28253
 28392
 28543
 28700
 28866
 29020
 29178
 29326
 29498
 29662
 29851
 30034
 30198
 30342
 30472
 30616
 30762
 30929
 31075
 31240
 31399
 31552
 31726
 31907
 32078
 32234
 32376
 32520
 32669
 32814
 32973
 33117
 33285
 33450
 33626
 33807
 34004
 34181
 34350
 34505
 34654
 34797
 34956
 35109
 35278
 35432
 35610
 35775
 35947
 36112
 36284
 36428
 36583
 36745
 36909
 37072
 37218
 37397
 37562
 37731
 37889
 38062
 38252
 38443
 38608
 38761
 38918
 39069
 39210
 39375
 39538
 39718
 39890
 40063
 40230
 40402
 40572
 40729
 40879
 41038
 41194
 41344
 41506
 41694
 41862
 42033
 42221
 42401
 42576
 42727
 42875
 43032
 43188
 43329
 43498
 43674
 43836
 44003
 44177
 44343
 44517
 44672
 44844
 44996
 45145
 45298
 45483
 45650
 45788
 45969
 46139
 46314
 46493
 46665
 46820
 46976
 47148
 47309
 47446
 47582
 47720
 47873
 48018
 48160
 48281
 48412
 48541
 48680
 48825
 48970
 49117
 49270
 49415
 49559
 49701
 49854
 49996
 50148
 50304
 50450
 50620
 50785
 50943
 51101
 51259
 51422
 51594
 51776
 51934
 52091
 52190
 52320
 52421
 52542
 52685
 52831
 52965
 53144
 53282
 53425
 53571
 53710
 53855
 53994
 54073
 54075
 54202
 54377
 54600
 54806
 54954
 55080
 55213
 55335
 55454
 55604
 55702
 55813
 55885
 55989
 56092
 56196
 56303
 56411
 56495
 56596
 56667
 56734
 56827
 57071
 57205
 57350
 57470
 57575
 57704
 57830
 57945
 58082
 58222
 58381
 58476
 58554
 58625
 58720
 58835
 59071
 59195
 59269
 76431
 79654
 79663
 79659
 79668
 79684
 79689
 79712
 79717
 79731
 79724
 79742
 79744
 79742
 79749
 79745
 79740
 79737
 79730
 79718
 79710
 79699
 79708
 79703
 79699
 79690
 79690
 79701
 79695
 79701
 79695
 79703
 79700
 79693
 79703
 79702
 79703
 79696
 79708
 79692
 79709
 79713
 79698
 79702
 79707
 79698
 79699
 79693
 79711
 79708
