Sa, 15.02.25    13:57:25
118 Edzards-5
5		
47.680
0.000
0.000


 13412
 13414
 13433
 13435
 13434
 13472
 13485
 13554
 13626
 13691
 13733
 13772
 13839
 13896
 13934
 14000
 14075
 14129
 14187
 14234
 14271
 14296
 14312
 14370
 14435
 14498
 14565
 14644
 14731
 14840
 14927
 15027
 15126
 15176
 15258
 15330
 15408
 15509
 15591
 15684
 15781
 15871
 15945
 16055
 16151
 16235
 16331
 16448
 16552
 16673
 16755
 16849
 16948
 17047
 17150
 17265
 17374
 17491
 17628
 17723
 17867
 18005
 18139
 18257
 18365
 18494
 18609
 18720
 18842
 18956
 19093
 19208
 19314
 19447
 19578
 19716
 19861
 19983
 20111
 20232
 20346
 20469
 20607
 20724
 20860
 21008
 21150
 21282
 21424
 21578
 21743
 21893
 22033
 22169
 22281
 22415
 22554
 22680
 22831
 22981
 23136
 23268
 23422
 23593
 23749
 23890
 24033
 24157
 24273
 24409
 24556
 24703
 24862
 25018
 25172
 25338
 25506
 25673
 25816
 25969
 26092
 26224
 26358
 26504
 26657
 26819
 26977
 27135
 27304
 27473
 27647
 27768
 27918
 28064
 28210
 28357
 28508
 28675
 28834
 29003
 29168
 29344
 29531
 29699
 29851
 30004
 30143
 30291
 30436
 30594
 30755
 30921
 31084
 31253
 31406
 31593
 31749
 31904
 32048
 32208
 32359
 32518
 32680
 32839
 32999
 33183
 33346
 33537
 33717
 33895
 34053
 34193
 34358
 34512
 34684
 34842
 35015
 35183
 35353
 35518
 35693
 35860
 36037
 36193
 36342
 36496
 36653
 36818
 36988
 37155
 37327
 37508
 37689
 37866
 38041
 38202
 38360
 38524
 38679
 38849
 39030
 39184
 39353
 39510
 39677
 39866
 40044
 40224
 40385
 40567
 40725
 40885
 41044
 41221
 41355
 41524
 41705
 41885
 42087
 42273
 42445
 42611
 42776
 42938
 43099
 43262
 43431
 43602
 43754
 43933
 44116
 44280
 44459
 44634
 44806
 44967
 45124
 45290
 45439
 45603
 45776
 45950
 46135
 46311
 46496
 46657
 46812
 46984
 47151
 47319
 47478
 47623
 47759
 47927
 48053
 48237
 48388
 48525
 48665
 48806
 48948
 49093
 49257
 49396
 49548
 49692
 49849
 50013
 50186
 50366
 50546
 50708
 50876
 51059
 51205
 51380
 51545
 51716
 51847
 52018
 52156
 52278
 52406
 52549
 52685
 52813
 52968
 53110
 53274
 53418
 53565
 53715
 53864
 54015
 54175
 54321
 54476
 54619
 54768
 54899
 55047
 55180
 55305
 55425
 55562
 55705
 55821
 55960
 56106
 56237
 56376
 56507
 56619
 56739
 56852
 56963
 57078
 57193
 57287
 57393
 57498
 57594
 57727
 69687
 79683
 79694
 79696
 79726
 79754
 79778
 79803
 79842
 79880
 79898
 79909
 79949
 79954
 79964
 79989
 79983
 79982
 79978
 79984
 79983
 79987
 79980
 79985
 79992
 79987
 79973
 79981
 79983
 79991
 79985
 79986
 79986
 79986
 79989
 79964
 79978
 79993
 79989
 79990
 79986
 79980
 79982
 79982
 79976
 79991
 79985
 79989
 76677
 74119
