Sa, 15.02.25    13:22:08
794 Nathan-3
3		
49.680
0.000
0.000


 10948
 10986
 11021
 11048
 11092
 11125
 11161
 11181
 11219
 11243
 11278
 11310
 11350
 11386
 11427
 11477
 11517
 11565
 11603
 11653
 11697
 11747
 11809
 11837
 11891
 11929
 11976
 12034
 12071
 12113
 12166
 12202
 12259
 12296
 12346
 12383
 12424
 12483
 12531
 12591
 12637
 12712
 12743
 12803
 12869
 12929
 12984
 13028
 13069
 13120
 13184
 13239
 13292
 13364
 13425
 13474
 13541
 13612
 13663
 13730
 13792
 13861
 13925
 13987
 14043
 14109
 14173
 14229
 14294
 14354
 14402
 14469
 14526
 14581
 14655
 14733
 14787
 14877
 14967
 15063
 15139
 15236
 15330
 15426
 15516
 15613
 15721
 15824
 15906
 15998
 16080
 16153
 16247
 16348
 16445
 16538
 16631
 16735
 16839
 16937
 17046
 17151
 17260
 17357
 17456
 17558
 17656
 17756
 17867
 17962
 18058
 18171
 18283
 18406
 18516
 18628
 18738
 18839
 18963
 19074
 19207
 19325
 19448
 19544
 19648
 19770
 19873
 20010
 20121
 20231
 20338
 20476
 20592
 20707
 20816
 20949
 21089
 21206
 21333
 21470
 21584
 21683
 21821
 21937
 22075
 22224
 22364
 22499
 22631
 22750
 22869
 22998
 23154
 23286
 23442
 23564
 23699
 23820
 23930
 24061
 24194
 24325
 24473
 24622
 24771
 24899
 25029
 25180
 25318
 25471
 25609
 25728
 25874
 26006
 26138
 26256
 26387
 26532
 26668
 26815
 26969
 27128
 27282
 27460
 27607
 27753
 27891
 28028
 28161
 28308
 28442
 28599
 28744
 28906
 29056
 29212
 29352
 29520
 29669
 29823
 29964
 30122
 30264
 30402
 30542
 30685
 30837
 30993
 31143
 31291
 31455
 31630
 31796
 31959
 32114
 32260
 32400
 32555
 32706
 32854
 33013
 33173
 33323
 33483
 33658
 33827
 33992
 34138
 34289
 34433
 34587
 34752
 34903
 35052
 35228
 35376
 35551
 35736
 35908
 36068
 36233
 36373
 36524
 36670
 36833
 36991
 37155
 37321
 37489
 37654
 37809
 37988
 38149
 38293
 38445
 38606
 38762
 38927
 39094
 39259
 39427
 39583
 39750
 39939
 40145
 40301
 40464
 40633
 40771
 40934
 41110
 41267
 41410
 41575
 41749
 41912
 42096
 42261
 42437
 42586
 42738
 42897
 43057
 43220
 43377
 43536
 43710
 43881
 44070
 44248
 44432
 44594
 44761
 44915
 45086
 45252
 45417
 45589
 45753
 45919
 46086
 46260
 46423
 46587
 46759
 46933
 47100
 47278
 47424
 47592
 47743
 47928
 48116
 48289
 48462
 48635
 48807
 48974
 49133
 49286
 49441
 49591
 49733
 49895
 50044
 50216
 50369
 50507
 50641
 50789
 50924
 51079
 51210
 51335
 51464
 51610
 51751
 51902
 52055
 52224
 52397
 52586
 52749
 52903
 53071
 53222
 53386
 53561
 53776
 53942
 54080
 54196
 54303
 54438
 54556
 54708
 54846
 55012
 55180
 55347
 55472
 55602
 55743
 55886
 56033
 56156
 56291
 56417
 56559
 56703
 56840
 56974
 57087
 57207
 57328
 57433
 57551
 57658
 57786
 57894
 58020
 58119
 58219
 58334
 58450
 58547
 58643
 58743
 58849
 58954
 59056
 59171
 59351
 59403
 68107
 71355
 70879
 70655
 70679
 70972
 71196
 71370
 71517
 71622
 72300
 79687
 79721
 79723
 79732
 79747
 79746
 79749
 79761
 79758
 79760
 79760
 79746
 79743
 79732
 79735
 79730
 79725
 79735
 79733
 79743
 79739
 79737
 79734
 79722
 79737
 79721
 79717
 79716
 79706
 79707
 79710
 79713
 79717
 79723
 79724
 79720
 79722
 79718
 79713
