Sa, 15.02.25    13:24:11
242 D Aveta-3
3		
49.680
0.000
0.000


 21905
 21946
 22005
 22070
 22141
 22218
 22329
 22450
 22538
 22621
 22707
 22787
 22882
 22992
 23077
 23151
 23234
 23309
 23382
 23478
 23561
 23658
 23745
 23868
 23983
 24098
 24203
 24313
 24422
 24541
 24660
 24767
 24890
 24995
 25076
 25183
 25270
 25376
 25491
 25615
 25731
 25862
 25960
 26085
 26216
 26326
 26445
 26563
 26672
 26788
 26905
 27020
 27134
 27268
 27398
 27522
 27667
 27780
 27929
 28067
 28189
 28305
 28405
 28518
 28643
 28766
 28893
 29033
 29196
 29322
 29449
 29593
 29750
 29882
 30016
 30144
 30265
 30397
 30511
 30653
 30781
 30934
 31082
 31234
 31364
 31513
 31673
 31815
 31928
 32060
 32192
 32331
 32472
 32603
 32761
 32912
 33066
 33209
 33354
 33511
 33660
 33787
 33920
 34071
 34202
 34344
 34486
 34650
 34814
 34970
 35135
 35317
 35466
 35624
 35754
 35881
 36012
 36158
 36301
 36461
 36624
 36785
 36940
 37106
 37264
 37432
 37566
 37709
 37842
 38001
 38140
 38293
 38445
 38619
 38773
 38947
 39127
 39292
 39441
 39568
 39725
 39880
 40023
 40197
 40353
 40512
 40686
 40838
 41004
 41150
 41297
 41442
 41596
 41761
 41925
 42079
 42253
 42424
 42595
 42761
 42931
 43091
 43222
 43369
 43532
 43694
 43858
 44027
 44197
 44351
 44511
 44683
 44837
 45007
 45163
 45314
 45471
 45639
 45804
 45975
 46146
 46310
 46484
 46649
 46801
 46964
 47110
 47275
 47434
 47610
 47768
 47932
 48099
 48250
 48413
 48585
 48747
 48891
 49063
 49217
 49370
 49526
 49700
 49862
 50019
 50161
 50274
 50417
 50554
 50718
 50865
 51017
 51174
 51332
 51509
 51670
 51825
 51994
 52156
 52315
 52473
 52626
 52783
 52947
 53091
 53232
 53384
 53534
 53674
 53810
 53945
 54107
 54279
 54429
 54578
 54733
 54886
 55045
 55176
 55329
 55458
 55607
 55768
 55915
 56077
 56185
 56338
 56746
 56872
 57084
 57223
 57243
 57148
 57212
 57331
 57437
 57544
 57661
 57783
 57911
 58046
 58164
 58292
 58427
 58536
 58648
 58760
 58870
 58987
 59471
 59894
 70853
 74353
 79759
 79791
 79822
 79834
 79851
 79866
 79867
 79887
 79877
 79891
 79890
 79881
 79883
 79871
 79875
 79872
 79887
 79870
 79872
 79867
 79869
 79868
 79871
 79870
 79864
 79871
 79865
 79868
 79872
 79876
 79874
 79874
 79863
 79864
 79866
 79865
 79869
 79861
 79866
 79869
 79872
 79874
 79873
 79868
 79862
 79867
 79869
