Sa, 15.02.25    13:28:27
229 Lukas-3
3		
49.680
0.000
0.000


 21987
 22039
 22061
 22093
 22151
 22190
 22243
 22280
 22330
 22374
 22440
 22501
 22552
 22615
 22700
 22781
 22856
 22940
 22993
 23052
 23115
 23184
 23257
 23336
 23409
 23503
 23604
 23705
 23791
 23854
 23931
 24017
 24104
 24196
 24278
 24363
 24456
 24540
 24616
 24700
 24785
 24878
 24964
 25049
 25154
 25242
 25327
 25432
 25539
 25651
 25761
 25869
 25978
 26077
 26188
 26275
 26367
 26458
 26562
 26665
 26775
 26899
 27024
 27144
 27258
 27369
 27471
 27571
 27713
 27812
 27915
 28038
 28130
 28248
 28379
 28502
 28620
 28730
 28880
 29003
 29095
 29243
 29371
 29487
 29602
 29711
 29816
 29936
 30045
 30171
 30289
 30396
 30534
 30675
 30804
 30923
 31059
 31172
 31314
 31422
 31554
 31680
 31800
 31927
 32062
 32182
 32321
 32457
 32588
 32726
 32874
 33009
 33136
 33265
 33383
 33514
 33657
 33769
 33913
 34041
 34165
 34320
 34466
 34602
 34753
 34891
 35039
 35176
 35305
 35442
 35582
 35717
 35850
 35986
 36142
 36283
 36421
 36565
 36730
 36913
 37056
 37198
 37331
 37457
 37597
 37721
 37856
 37991
 38141
 38283
 38427
 38573
 38729
 38882
 39025
 39159
 39304
 39450
 39593
 39738
 39890
 40040
 40191
 40342
 40486
 40647
 40809
 40969
 41118
 41250
 41389
 41522
 41677
 41825
 41985
 42119
 42277
 42443
 42590
 42752
 42898
 43046
 43191
 43342
 43498
 43656
 43817
 43958
 44111
 44270
 44432
 44582
 44747
 44899
 45047
 45209
 45346
 45483
 45641
 45796
 45943
 46110
 46259
 46393
 46554
 46708
 46882
 47024
 47191
 47349
 47497
 47646
 47790
 47968
 48144
 48329
 48475
 48647
 48787
 48942
 49091
 49243
 49379
 49525
 49658
 49809
 49973
 50139
 50287
 50419
 50554
 50681
 50822
 50947
 51082
 51223
 51345
 51489
 51641
 51795
 51955
 52124
 52287
 52444
 52584
 52717
 52854
 53003
 53153
 53297
 53411
 53553
 53679
 53798
 53933
 54069
 54205
 54355
 54486
 54627
 54754
 54905
 55040
 55175
 55303
 55433
 55576
 55721
 55857
 55990
 56117
 56237
 56349
 56467
 56589
 56716
 56840
 56944
 57058
 57163
 57284
 57394
 57483
 57578
 57655
 57738
 57834
 57939
 58044
 58120
 58228
 58314
 58396
 58506
 58621
 58692
 58736
 58762
 58823
 59083
 59217
 59277
 60091
 77641
 78556
 79506
 79588
 79570
 79601
 79471
 78568
 77360
 77053
 77095
 77055
 77086
 77022
 77000
 77004
 77009
 77010
 77004
 76999
 76999
 76993
 76994
 76993
 76994
 76993
 76994
 76993
 76992
 76992
 76990
 76991
 76987
 76989
 76987
 76987
 76989
 76991
 76988
 76989
 76986
 76988
 76988
 76992
 76989
 76994
 76999
 76985
 76972
