Sa, 15.02.25    13:35:32
687 Winkler-3
3		
47.680
0.000
0.000


 15181
 15253
 15324
 15408
 15489
 15581
 15666
 15763
 15862
 15970
 16057
 16154
 16243
 16337
 16438
 16544
 16639
 16730
 16829
 16916
 17034
 17145
 17235
 17332
 17457
 17571
 17691
 17814
 17952
 18076
 18177
 18294
 18399
 18519
 18638
 18756
 18881
 19022
 19146
 19231
 19330
 19438
 19559
 19685
 19818
 19937
 20062
 20185
 20319
 20422
 20530
 20639
 20767
 20870
 20990
 21103
 21227
 21324
 21455
 21599
 21752
 21896
 22029
 22183
 22305
 22433
 22564
 22689
 22806
 22953
 23090
 23215
 23323
 23469
 23609
 23756
 23919
 24052
 24185
 24328
 24456
 24570
 24713
 24846
 24982
 25109
 25240
 25397
 25529
 25691
 25841
 26003
 26143
 26262
 26381
 26541
 26678
 26819
 26972
 27131
 27265
 27405
 27543
 27705
 27854
 27997
 28155
 28272
 28421
 28549
 28701
 28856
 28991
 29145
 29278
 29438
 29602
 29771
 29936
 30097
 30247
 30382
 30522
 30684
 30823
 30977
 31144
 31280
 31411
 31565
 31732
 31908
 32069
 32226
 32370
 32518
 32652
 32800
 32957
 33113
 33259
 33411
 33566
 33757
 33932
 34093
 34259
 34392
 34535
 34696
 34850
 35017
 35188
 35342
 35484
 35652
 35817
 35992
 36145
 36294
 36444
 36590
 36737
 36913
 37054
 37212
 37374
 37536
 37720
 37887
 38077
 38233
 38378
 38546
 38707
 38865
 39023
 39180
 39354
 39512
 39679
 39843
 40025
 40190
 40344
 40515
 40663
 40824
 40992
 41139
 41290
 41443
 41606
 41785
 41969
 42143
 42309
 42478
 42647
 42800
 42948
 43094
 43260
 43418
 43586
 43750
 43919
 44089
 44260
 44429
 44579
 44747
 44911
 45065
 45221
 45367
 45523
 45702
 45874
 46063
 46230
 46410
 46585
 46762
 46928
 47099
 47259
 47425
 47559
 47705
 47864
 48010
 48158
 48323
 48457
 48604
 48743
 48896
 49027
 49166
 49307
 49440
 49590
 49742
 49895
 50053
 50220
 50384
 50560
 50751
 50927
 51092
 51255
 51429
 51613
 51765
 51892
 52019
 52154
 52294
 52433
 52575
 52717
 52845
 53013
 53147
 53328
 53468
 53626
 53758
 53898
 54031
 54178
 54309
 54445
 54585
 54716
 54846
 54963
 55079
 55190
 55308
 55420
 55537
 55654
 55741
 55853
 55974
 56079
 56183
 56298
 56399
 56485
 56570
 56709
 56845
 56964
 57079
 57179
 57421
 75615
 79662
 72171
 58275
 66208
 79674
 79670
 79678
 79679
 79673
 79674
 79672
 79676
 79679
 79672
 79671
 79669
 79675
 76610
 79679
 79676
 79671
 79673
 79674
 79676
 79667
 79679
 79673
 79674
 79679
 79666
 79679
 79682
 79673
 79672
 79680
 79669
 79680
 79680
 79662
 79669
 79675
 79680
 79674
 79674
 79677
 79669
 79672
 79670
 79675
 79674
 79671
 79667
 79669
