Sa, 15.02.25    13:58:21
147 Mensah-6
6		
49.680
0.000
0.000


 18489
 18553
 18612
 18674
 18718
 18791
 18870
 18954
 19046
 19155
 19276
 19359
 19432
 19532
 19628
 19723
 19816
 19885
 19970
 20048
 20128
 20208
 20292
 20365
 20482
 20598
 20730
 20830
 20950
 21049
 21153
 21252
 21341
 21435
 21518
 21622
 21735
 21840
 21963
 22083
 22215
 22346
 22469
 22594
 22698
 22849
 22970
 23074
 23179
 23277
 23389
 23507
 23638
 23753
 23877
 24016
 24142
 24279
 24415
 24534
 24666
 24785
 24905
 25014
 25138
 25250
 25375
 25510
 25640
 25798
 25934
 26066
 26203
 26323
 26456
 26594
 26715
 26847
 26975
 27106
 27250
 27379
 27525
 27674
 27815
 27961
 28117
 28258
 28400
 28550
 28672
 28812
 28951
 29088
 29218
 29369
 29512
 29658
 29812
 29955
 30117
 30273
 30398
 30544
 30669
 30815
 30961
 31094
 31231
 31381
 31536
 31692
 31844
 32022
 32172
 32313
 32453
 32595
 32731
 32877
 33029
 33170
 33325
 33476
 33627
 33795
 33952
 34116
 34266
 34411
 34572
 34721
 34873
 35022
 35167
 35316
 35472
 35642
 35808
 35972
 36123
 36267
 36411
 36547
 36724
 36863
 37018
 37184
 37335
 37499
 37662
 37824
 37981
 38137
 38301
 38462
 38618
 38774
 38934
 39086
 39248
 39404
 39584
 39756
 39940
 40097
 40254
 40389
 40555
 40716
 40870
 41034
 41182
 41332
 41493
 41657
 41830
 41995
 42158
 42310
 42469
 42624
 42775
 42936
 43110
 43281
 43459
 43637
 43810
 43966
 44126
 44285
 44443
 44611
 44766
 44949
 45120
 45300
 45456
 45614
 45798
 45955
 46119
 46284
 46435
 46589
 46752
 46913
 47085
 47257
 47444
 47629
 47809
 47996
 48163
 48338
 48499
 48683
 48848
 48999
 49164
 49311
 49465
 49617
 49810
 49953
 50114
 50257
 50400
 50539
 50689
 50834
 50984
 51134
 51263
 51408
 51563
 51736
 51881
 52050
 52225
 52413
 52602
 52791
 52957
 53134
 53301
 53479
 53647
 53803
 53948
 54073
 54195
 54346
 54500
 54670
 54829
 54994
 55153
 55279
 55442
 55597
 55747
 55875
 56036
 56173
 56309
 56454
 56618
 56775
 56939
 57086
 57221
 57367
 57507
 57632
 57763
 57904
 58033
 58156
 58271
 58408
 58518
 58639
 58750
 58848
 58939
 59053
 59200
 59328
 59451
 59641
 59749
 59895
 60092
 60319
 60403
 60358
 73363
 79697
 79707
 79714
 79739
 79761
 79772
 79783
 79800
 79818
 79814
 79832
 79850
 79869
 79881
 79891
 79891
 79896
 79894
 79904
 79896
 79900
 79886
 79889
 79876
 79875
 79878
 79877
 79863
 79871
 79872
 79877
 79873
 79869
 79877
 79875
 79877
 79880
 79875
 79872
 79880
 79881
 79874
 79873
