Sa, 15.02.25    13:09:33
142 Ketzel-2
2		
49.680
0.000
0.000


 20072
 20111
 20144
 20167
 20203
 20237
 20281
 20322
 20372
 20422
 20477
 20536
 20589
 20648
 20711
 20776
 20834
 20880
 20916
 20985
 21043
 21104
 21172
 21225
 21294
 21385
 21455
 21526
 21605
 21693
 21784
 21880
 21967
 22064
 22146
 22229
 22310
 22364
 22437
 22528
 22615
 22732
 22822
 22902
 23004
 23105
 23191
 23315
 23421
 23538
 23629
 23702
 23774
 23855
 23946
 24037
 24137
 24231
 24344
 24450
 24562
 24664
 24800
 24926
 25048
 25169
 25276
 25365
 25457
 25565
 25678
 25779
 25887
 26035
 26151
 26254
 26377
 26494
 26628
 26753
 26877
 26996
 27100
 27225
 27327
 27451
 27575
 27713
 27845
 27971
 28079
 28206
 28346
 28484
 28637
 28748
 28881
 28995
 29117
 29232
 29370
 29503
 29650
 29774
 29903
 30025
 30184
 30324
 30457
 30579
 30706
 30841
 30964
 31095
 31226
 31379
 31508
 31654
 31790
 31936
 32092
 32246
 32398
 32533
 32659
 32775
 32904
 33053
 33195
 33353
 33485
 33617
 33762
 33911
 34076
 34224
 34362
 34499
 34644
 34768
 34927
 35068
 35222
 35361
 35496
 35645
 35807
 35977
 36137
 36283
 36427
 36567
 36709
 36853
 36996
 37161
 37313
 37462
 37609
 37755
 37908
 38062
 38223
 38372
 38526
 38682
 38831
 38982
 39140
 39298
 39441
 39590
 39757
 39930
 40103
 40279
 40414
 40562
 40708
 40874
 41013
 41173
 41319
 41458
 41615
 41768
 41939
 42104
 42261
 42419
 42576
 42725
 42882
 43029
 43190
 43346
 43524
 43687
 43862
 44031
 44196
 44353
 44507
 44648
 44811
 44972
 45126
 45289
 45432
 45576
 45731
 45885
 46049
 46218
 46355
 46505
 46657
 46805
 46969
 47124
 47279
 47443
 47596
 47752
 47930
 48096
 48250
 48401
 48566
 48706
 36441
 35047
 34928
 34358
 34253
 34209
 34167
 34146
 34138
 34109
 34102
 34094
 34087
 34273
 34547
 34059
 34038
 33890
 34042
 33904
 33880
 33860
 33843
 33840
 33834
 33813
 33800
 47365
 52940
 53083
 53214
 53336
 53458
 53583
 53709
 53841
 53980
 54122
 54262
 54411
 54548
 54676
 54817
 54962
 55102
 55231
 55357
 55470
 55601
 55730
 55849
 55960
 56079
 56218
 56321
 56438
 56551
 56660
 56775
 56887
 57013
 57152
 57286
 57424
 57542
 57665
 57784
 57893
 58010
 58124
 58235
 58358
 58471
 58567
 58674
 58773
 58874
 58983
 59084
 59183
 59272
 59389
 59550
 59740
 59881
 59953
 60038
 64351
 79699
 79685
 79681
 79681
 79687
 79681
 79686
 79689
 79684
 79688
 79685
 79691
 79680
 79680
 79684
 79696
 79693
 79687
 79684
 79694
 79689
 79684
 79688
 79687
 79687
 79692
 79691
 79691
 79680
 79693
 79685
 79691
 79687
 79691
 79678
 79688
 79692
 79692
 79690
 79692
 79691
 79695
 79693
 76939
 62005
