Sa, 15.02.25    12:54:12
79 Loewenthal-1
1		
47.680
0.000
0.000


 14355
 14347
 14353
 14361
 14357
 14371
 14366
 14374
 14380
 14389
 14379
 14395
 14397
 14400
 14418
 14431
 14442
 14471
 14490
 14516
 14532
 14581
 14599
 14651
 14684
 14703
 14734
 14737
 14760
 14783
 14817
 14845
 14896
 14919
 14948
 14997
 15024
 15084
 15139
 15211
 15266
 15324
 15398
 15481
 15569
 15626
 15721
 15785
 15870
 15933
 15995
 16040
 16104
 16166
 16213
 16287
 16370
 16429
 16519
 16593
 16692
 16784
 16884
 16963
 17065
 17130
 17202
 17281
 17375
 17460
 17552
 17644
 17734
 17852
 17943
 18065
 18169
 18290
 18427
 18531
 18612
 18710
 18809
 18906
 19006
 19112
 19220
 19327
 19464
 19573
 19713
 19823
 19957
 20074
 20196
 20309
 20418
 20522
 20638
 20753
 20866
 20958
 21098
 21204
 21328
 21462
 21596
 21763
 21906
 22047
 22167
 22280
 22393
 22509
 22646
 22785
 22934
 23069
 23203
 23340
 23498
 23634
 23792
 23936
 24062
 24186
 24311
 24459
 24591
 24747
 24882
 25026
 25169
 25329
 25474
 25658
 25800
 25949
 26075
 26190
 26316
 26465
 26600
 26756
 26919
 27088
 27249
 27396
 27560
 27707
 27856
 28004
 28156
 28294
 28448
 28607
 28746
 28913
 29064
 29227
 29405
 29578
 29742
 29913
 30049
 30196
 30344
 30486
 30628
 30791
 30953
 31117
 31275
 31437
 31599
 31760
 31929
 32082
 32236
 32392
 32543
 32698
 32865
 33034
 33203
 33373
 33557
 33734
 33907
 34069
 34216
 34367
 34524
 34675
 34836
 35006
 35170
 35362
 35519
 35687
 35850
 36017
 36177
 36322
 36473
 36639
 36799
 36979
 37150
 37329
 37503
 37702
 37863
 38035
 38204
 38357
 38525
 38683
 38839
 39017
 39182
 39353
 39523
 39690
 39859
 40033
 40223
 40383
 40548
 40704
 40864
 41025
 41194
 41358
 41516
 41707
 41904
 42077
 42264
 42434
 42601
 42759
 42916
 43085
 43248
 43404
 43570
 43749
 43931
 44101
 44263
 44437
 44596
 44768
 44946
 45106
 45277
 45437
 45610
 45788
 45967
 46147
 46318
 46485
 46659
 46820
 46985
 47159
 47328
 47480
 47631
 47786
 47946
 48100
 48252
 48394
 48539
 48667
 48797
 48931
 49073
 49222
 49370
 49514
 49665
 49821
 49985
 50156
 50324
 50474
 50651
 50822
 51004
 51177
 51333
 51489
 51632
 51778
 51928
 52077
 52223
 52372
 52506
 52640
 52772
 52912
 53060
 53186
 53336
 53490
 53628
 53771
 53923
 54067
 54198
 54338
 54473
 54605
 54749
 54877
 55010
 55147
 55293
 55412
 55531
 55643
 55757
 55894
 56051
 56175
 56283
 56429
 56556
 56679
 56798
 56917
 56923
 57065
 57198
 57364
 57480
 57578
 57707
 57861
 57959
 58167
 58109
 58353
 58435
 58592
 58732
 66420
 79780
 79774
 79780
 79776
 79776
 79771
 79777
 79778
 79765
 79771
 79769
 79784
 79770
 79771
 79776
 79773
 79770
 79778
 79760
 79770
 79772
 79770
 79773
 79769
 79767
 79774
 79772
 79771
 79775
 79772
 79767
 79777
 79774
 79773
 79772
 79771
 79768
 79770
 79776
 79768
 79766
 79779
 79766
 77422
 65468
 68434
 79781
 79766
 79766
