Sa, 15.02.25    13:13:00
79 Loewenthal-2
2		
47.680
0.000
0.000


 14639
 14669
 14704
 14746
 14782
 14822
 14860
 14904
 14960
 15054
 15103
 15165
 15242
 15318
 15397
 15459
 15555
 15621
 15696
 15747
 15812
 15896
 15921
 16013
 16079
 16119
 16197
 16290
 16369
 16452
 16551
 16662
 16740
 16854
 16949
 17021
 17097
 17201
 17304
 17403
 17492
 17612
 17711
 17836
 17944
 18058
 18164
 18285
 18400
 18512
 18610
 18689
 18778
 18864
 18968
 19080
 19218
 19334
 19461
 19582
 19700
 19817
 19950
 20083
 20213
 20309
 20417
 20521
 20628
 20752
 20880
 21023
 21138
 21263
 21405
 21543
 21691
 21844
 21966
 22106
 22213
 22337
 22462
 22580
 22714
 22933
 23072
 23183
 23291
 23406
 23553
 23716
 23843
 23968
 24067
 24243
 24412
 24575
 24745
 24871
 24989
 25158
 25297
 25417
 25567
 25728
 25867
 25997
 26118
 26247
 26369
 26505
 26662
 26815
 26980
 27144
 27295
 27445
 27602
 27749
 27886
 28034
 28171
 28319
 28476
 28621
 28780
 28944
 29107
 29261
 29438
 29606
 29780
 29926
 30077
 30217
 30355
 30502
 30650
 30817
 30978
 31147
 31299
 31455
 31609
 31770
 31925
 32085
 32235
 32389
 32545
 32696
 32856
 33025
 33197
 33374
 33558
 33731
 33907
 34058
 34203
 34364
 34506
 34669
 34832
 35004
 35179
 35348
 35507
 35678
 35851
 36010
 36181
 36326
 36480
 36655
 36820
 36999
 37155
 37323
 37508
 37706
 37876
 38053
 38209
 38363
 38519
 38686
 38850
 39028
 39200
 39353
 39531
 39708
 39875
 40054
 40224
 40381
 40536
 40708
 40873
 41034
 41216
 41373
 41539
 41729
 41916
 42105
 42285
 42444
 42623
 42780
 42931
 43115
 43273
 43436
 43610
 43785
 43962
 44123
 44302
 44467
 44627
 44814
 44970
 45141
 45309
 45475
 45651
 45831
 46007
 46194
 46356
 46519
 46687
 46859
 47028
 47212
 47380
 47546
 47668
 47788
 47929
 48083
 48277
 48422
 48548
 48680
 48824
 48963
 49103
 49252
 49379
 49526
 49674
 49836
 50000
 50151
 50312
 50463
 50629
 50814
 50998
 51160
 51305
 51449
 51575
 51745
 51888
 52094
 52239
 52399
 52520
 52629
 52735
 52858
 52988
 53150
 53294
 53436
 53591
 53733
 53883
 54000
 54125
 54287
 54419
 54534
 54670
 54788
 54927
 55052
 55185
 55317
 55427
 55542
 55671
 55796
 55907
 56044
 56168
 56279
 56402
 56521
 56635
 56750
 56861
 56968
 57070
 57176
 57274
 57387
 57502
 57627
 57727
 57846
 57972
 58089
 58236
 58397
 58653
 58806
 58835
 59040
 59084
 59189
 59262
 79735
 79735
 79756
 79769
 79796
 79800
 79803
 79811
 79814
 79821
 79811
 79817
 79805
 79804
 79801
 79803
 79810
 79798
 79812
 79800
 79788
 79788
 79791
 79804
 79798
 79799
 79783
 79789
 79783
 79789
 79795
 79788
 79791
 79789
 79797
 79790
 79793
 79785
 79805
 79794
 79799
 79793
 79792
 79791
 79797
 79794
 79792
 79769
 79793
 79789
