Sa, 15.02.25    12:50:05
568 Stantke-1
1		
49.680
0.000
0.000


 18416
 18496
 18551
 18617
 18666
 18751
 18814
 18881
 18951
 19019
 19081
 19148
 19208
 19265
 19301
 19350
 19405
 19461
 19531
 19609
 19669
 19722
 19816
 19885
 19963
 20100
 20191
 20262
 20346
 20424
 20512
 20612
 20704
 20784
 20855
 20948
 21031
 21117
 21197
 21287
 21372
 21459
 21570
 21700
 21806
 21915
 22014
 22095
 22205
 22296
 22382
 22498
 22600
 22707
 22796
 22903
 23017
 23136
 23229
 23360
 23475
 23590
 23691
 23807
 23913
 24011
 24126
 24238
 24346
 24464
 24582
 24715
 24852
 24988
 25123
 25241
 25354
 25453
 25576
 25691
 25811
 25931
 26059
 26182
 26312
 26430
 26557
 26701
 26838
 26958
 27082
 27210
 27332
 27458
 27595
 27716
 27846
 27976
 28119
 28284
 28427
 28575
 28712
 28847
 28965
 29112
 29242
 29378
 29522
 29659
 29797
 29953
 30099
 30246
 30392
 30518
 30657
 30797
 30943
 31064
 31209
 31335
 31465
 31610
 31757
 31917
 32093
 32250
 32423
 32552
 32696
 32829
 32965
 33113
 33254
 33405
 33552
 33722
 33880
 34035
 34189
 34327
 34484
 34631
 34771
 34913
 35054
 35207
 35360
 35503
 35669
 35832
 36002
 36162
 36331
 36462
 36609
 36764
 36908
 37064
 37222
 37378
 37542
 37698
 37849
 38002
 38166
 38306
 38460
 38614
 38769
 38925
 39073
 39225
 39380
 39539
 39707
 39869
 40062
 40245
 40398
 40548
 40703
 40866
 41006
 41173
 41325
 41470
 41623
 41787
 41944
 42121
 42277
 42440
 42590
 42741
 42889
 43042
 43208
 43362
 43523
 43683
 43860
 44033
 44173
 44333
 44484
 44639
 44800
 44974
 45150
 45304
 45455
 45617
 45770
 45931
 46097
 46267
 46412
 46563
 46723
 46883
 47058
 47220
 47381
 47545
 47707
 47867
 48050
 48201
 48376
 48540
 48699
 48856
 49009
 49157
 49302
 49452
 49605
 49769
 49927
 50083
 50217
 50351
 50480
 50610
 50755
 50891
 51034
 51182
 51331
 51486
 51665
 51849
 52018
 52188
 52349
 52494
 52625
 52819
 53026
 53191
 53312
 53433
 53581
 53717
 53842
 53964
 54067
 54166
 54302
 54446
 54614
 54762
 54891
 55048
 55189
 55327
 55488
 55607
 55722
 55818
 55927
 56020
 56133
 56313
 56474
 56605
 56724
 56852
 56975
 57147
 57302
 57412
 57533
 57614
 57725
 57825
 57882
 58158
 58401
 75662
 79566
 66895
 58688
 58818
 58970
 62965
 76848
 79581
 79576
 79570
 79578
 79566
 79566
 79562
 79070
 70836
 79572
 79585
 79565
 79571
 79576
 79577
 79577
 79602
 79605
 79619
 79644
 79654
 79665
 79670
 79668
 79665
 79660
 79671
 79666
 79668
 79657
 79661
 79672
 79666
 79664
 79661
 79670
 79662
 79662
 79662
 79663
 79665
 79675
 79658
 79653
 79658
 79663
 79668
 79655
