Sa, 15.02.25    13:59:42
145 Beraz 11-6
6		
47.680
0.000
0.000


 13705
 13756
 13822
 13887
 13941
 14001
 14053
 14117
 14156
 14224
 14273
 14343
 14406
 14472
 14537
 14626
 14687
 14766
 14840
 14923
 15005
 15083
 15138
 15219
 15295
 15375
 15476
 15557
 15633
 15713
 15814
 15919
 16013
 16108
 16197
 16295
 16377
 16484
 16570
 16666
 16762
 16863
 16978
 17083
 17194
 17304
 17412
 17502
 17600
 17690
 17801
 17909
 18019
 18116
 18237
 18345
 18469
 18586
 18700
 18832
 18962
 19065
 19178
 19298
 19397
 19499
 19591
 19703
 19833
 19961
 20079
 20196
 20304
 20418
 20517
 20629
 20745
 20853
 20956
 21085
 21186
 21299
 21423
 21538
 21673
 21817
 21923
 22046
 22172
 22302
 22423
 22560
 22695
 22809
 22946
 23059
 23165
 23262
 23387
 23513
 23637
 23753
 23870
 23989
 24109
 24240
 24347
 24477
 24609
 24752
 24904
 25055
 25197
 25343
 25470
 25590
 25720
 25857
 25986
 26109
 26234
 26347
 26480
 26617
 26756
 26903
 27070
 27217
 27357
 27494
 27613
 27743
 27869
 28007
 28129
 28245
 28368
 28508
 28661
 28801
 28958
 29105
 29264
 29430
 29573
 29714
 29846
 29991
 30133
 30270
 30404
 30553
 30695
 30849
 30993
 31152
 31301
 31470
 31605
 31745
 31886
 32036
 32167
 32325
 32459
 32608
 32746
 32876
 33030
 33184
 33348
 33529
 33677
 33824
 33980
 34121
 34271
 34400
 34546
 34694
 34856
 35018
 35183
 35358
 35516
 35685
 35823
 35972
 36113
 36241
 36392
 36544
 36691
 36826
 36976
 37137
 37307
 37474
 37655
 37816
 37978
 38130
 38283
 38426
 38583
 38741
 38904
 39058
 39215
 39389
 39549
 39718
 39892
 40046
 40213
 40371
 40515
 40671
 40823
 40971
 41126
 41283
 41450
 41611
 41792
 41975
 42148
 42305
 42462
 42611
 42768
 42915
 43076
 43230
 43401
 43574
 43753
 43921
 44077
 44239
 44399
 44553
 44708
 44868
 45021
 45180
 45344
 45494
 45666
 45848
 46016
 46196
 46357
 46513
 46684
 46841
 47015
 47175
 47328
 47493
 47637
 47791
 47963
 48130
 48263
 48393
 48519
 48654
 48788
 48914
 49054
 49191
 49330
 49468
 49612
 49758
 49912
 50072
 50242
 50391
 50551
 50729
 50927
 51092
 51254
 51411
 51569
 51734
 51880
 52030
 52185
 52313
 52430
 52565
 52694
 52827
 52963
 53114
 53249
 53370
 53522
 53658
 53798
 53919
 54003
 53929
 54011
 54191
 54385
 54535
 54664
 54848
 55075
 55233
 55360
 55484
 55591
 55702
 55821
 55932
 56048
 56165
 56289
 56424
 56575
 56712
 56824
 56936
 57057
 57153
 57245
 57346
 57440
 57536
 57620
 57719
 57812
 57915
 58013
 58112
 58215
 58336
 58459
 58595
 58696
 58837
 58992
 59228
 59264
 73503
 79806
 79790
 79806
 79807
 79804
 79801
 79786
 79776
 79759
 79745
 79751
 79754
 79748
 79768
 79748
 79754
 79766
 79752
 79753
 79760
 79757
 79770
 79759
 79749
 79759
 79765
 79756
 79765
 75403
 61487
 61424
 61528
 64846
 79755
 79753
 79747
 79758
 79758
 79751
 79765
 79756
 75013
 79767
 79745
 79760
 79763
 79752
 79757
 79763
