Sa, 15.02.25    13:33:57
367 Böhmer-3
3		
47.680
0.000
0.000


 13908
 13925
 13945
 13980
 14003
 14036
 14055
 14092
 14118
 14149
 14160
 14183
 14213
 14253
 14300
 14344
 14376
 14429
 14497
 14550
 14607
 14646
 14713
 14776
 14854
 14916
 15001
 15051
 15131
 15195
 15260
 15307
 15368
 15434
 15489
 15550
 15635
 15706
 15777
 15854
 15934
 15998
 16080
 16144
 16211
 16279
 16377
 16447
 16528
 16622
 16710
 16771
 16848
 16939
 17030
 17102
 17208
 17281
 17382
 17483
 17596
 17699
 17797
 17909
 17987
 18083
 18160
 18243
 18320
 18407
 18503
 18603
 18721
 18811
 18946
 19061
 19151
 19251
 19367
 19496
 19585
 19708
 19809
 19911
 20013
 20127
 20216
 20303
 20415
 20523
 20654
 20771
 20906
 21029
 21157
 21258
 21358
 21460
 21569
 21667
 21786
 21886
 22023
 22160
 22279
 22424
 22550
 22678
 22813
 22936
 23073
 23189
 23313
 23410
 23548
 23664
 23778
 23905
 24034
 24177
 24316
 24445
 24608
 24742
 24880
 25011
 25136
 25247
 25366
 25493
 25618
 25751
 25891
 26027
 26162
 26308
 26445
 26595
 26731
 26859
 26994
 27130
 27262
 27394
 27521
 27649
 27795
 27932
 28075
 28225
 28386
 28540
 28687
 28815
 28946
 29075
 29211
 29336
 29480
 29624
 29800
 29950
 30097
 30252
 30380
 30552
 30671
 30815
 30955
 31090
 31224
 31354
 31490
 31625
 31766
 31921
 32079
 32243
 32406
 32551
 32691
 32828
 32954
 33090
 33235
 33366
 33543
 33700
 33847
 33979
 34126
 34282
 34448
 34592
 34745
 34893
 35035
 35191
 35327
 35451
 35590
 35727
 35881
 36041
 36197
 36364
 36507
 36643
 36788
 36931
 37065
 37213
 37361
 37492
 37630
 37765
 37917
 38074
 38223
 38367
 38511
 38653
 38787
 38935
 39083
 39221
 39368
 39502
 39649
 39809
 39989
 40149
 40302
 40447
 40602
 40744
 40882
 41030
 41170
 41300
 41457
 41613
 41769
 41938
 42089
 42267
 42410
 42569
 42713
 42850
 42995
 43139
 43277
 43410
 43570
 43726
 43906
 44076
 44231
 44398
 44556
 44712
 44862
 45016
 45173
 45330
 45481
 45656
 45801
 45948
 46112
 46258
 46411
 46565
 46717
 46882
 47031
 47178
 47337
 47487
 47638
 47787
 47944
 48115
 48280
 48437
 48575
 48700
 48831
 48960
 49098
 49219
 49362
 49506
 49644
 49804
 49976
 50129
 50305
 50459
 50635
 50782
 50925
 51079
 51216
 51332
 51474
 51612
 51743
 51880
 52020
 52180
 52333
 52500
 52638
 52775
 52911
 53060
 53182
 53323
 53473
 53613
 53755
 53893
 54026
 54161
 54284
 54410
 54548
 54680
 54803
 54942
 55067
 55196
 55307
 55418
 55546
 55654
 55763
 55865
 55955
 56050
 56135
 56204
 56280
 56363
 56453
 56554
 56666
 56782
 56877
 57002
 57107
 57222
 57344
 57472
 57594
 57731
 57877
 58035
 58146
 62535
 79699
 79685
 79700
 79687
 79695
 79687
 79688
 79704
 79705
 79686
 79698
 79698
 79705
 79698
 79697
 79706
 79703
 79708
 79691
 79683
 79690
 79687
 79701
 79703
 79707
 79691
 79692
 79698
 79699
 79693
 79687
 79693
 79697
 79699
 79690
 79705
 79693
 79686
 79694
 79700
 79691
 79688
 79684
 79699
 79695
 79689
 79692
 79686
 79680
