Sa, 15.02.25    12:56:16
133 Teichmann-1
1		
47.680
0.000
0.000


 13646
 13654
 13657
 13682
 13702
 13719
 13734
 13762
 13790
 13819
 13832
 13841
 13859
 13882
 13898
 13923
 13959
 13991
 14004
 14028
 14070
 14125
 14170
 14222
 14292
 14347
 14417
 14502
 14566
 14641
 14707
 14774
 14830
 14903
 14970
 15022
 15075
 15134
 15222
 15322
 15375
 15460
 15550
 15617
 15680
 15758
 15834
 15917
 15984
 16069
 16145
 16225
 16292
 16388
 16477
 16559
 16668
 16779
 16880
 16991
 17084
 17202
 17296
 17403
 17499
 17592
 17703
 17793
 17924
 18040
 18193
 18285
 18405
 18541
 18649
 18760
 18888
 19000
 19099
 19214
 19342
 19479
 19568
 19676
 19788
 19925
 20063
 20204
 20340
 20453
 20583
 20692
 20814
 20935
 21067
 21191
 21315
 21477
 21635
 21757
 21898
 22037
 22185
 22324
 22463
 22597
 22723
 22877
 23037
 23169
 23294
 23411
 23553
 23717
 23877
 24025
 24163
 24297
 24417
 24554
 24696
 24826
 24979
 25138
 25299
 25437
 25597
 25748
 25904
 26047
 26190
 26307
 26454
 26614
 26785
 26924
 27065
 27226
 27386
 27553
 27724
 27870
 28022
 28166
 28295
 28451
 28594
 28750
 28912
 29089
 29262
 29416
 29579
 29741
 29907
 30065
 30234
 30372
 30529
 30684
 30834
 30971
 31128
 31292
 31449
 31616
 31792
 31950
 32116
 32272
 32419
 32576
 32725
 32879
 33035
 33206
 33363
 33533
 33712
 33886
 34039
 34206
 34369
 34532
 34691
 34851
 35013
 35176
 35360
 35522
 35715
 35892
 36055
 36207
 36352
 36500
 36669
 36832
 36997
 37168
 37343
 37521
 37691
 37860
 38029
 38185
 38348
 38505
 38676
 38852
 39021
 39173
 39343
 39527
 39710
 39890
 40067
 40241
 40402
 40557
 40720
 40872
 41036
 41202
 41362
 41529
 41715
 41890
 42072
 42247
 42411
 42578
 42738
 42897
 43058
 43230
 43384
 43560
 43742
 43927
 44095
 44281
 44452
 44617
 44773
 44939
 45108
 45271
 45434
 45611
 45778
 45958
 46123
 46287
 46437
 46600
 46765
 46942
 47113
 47286
 47447
 47599
 47760
 47910
 48078
 48252
 48427
 48599
 48721
 48877
 49018
 49159
 49307
 49455
 49597
 49760
 49935
 50110
 50243
 50439
 50608
 50776
 50979
 51129
 51250
 51376
 51506
 51654
 51809
 51944
 52083
 52223
 52380
 52522
 52685
 52819
 52971
 53112
 53252
 53384
 53535
 53681
 53825
 53962
 54103
 54246
 54378
 54517
 54663
 54799
 54944
 55080
 55226
 55337
 55473
 55578
 55699
 55807
 55896
 55997
 56129
 56278
 56432
 56554
 56663
 56789
 56899
 56998
 57123
 57224
 57327
 57439
 57528
 57642
 57773
 57877
 57984
 58099
 58187
 58404
 58682
 58798
 58852
 58989
 79605
 79599
 79593
 79604
 79591
 79613
 79632
 79653
 79685
 79713
 79746
 79761
 79782
 79794
 79823
 79827
 79836
 79831
 79834
 79822
 79821
 79821
 79810
 79803
 79821
 79805
 79794
 79788
 79771
 79764
 79754
 79743
 79734
 79735
 79725
 79727
 79736
 79731
 79736
 79728
 79737
 79723
 79740
 79737
 79732
 79735
 79738
 79735
 79737
 79742
