Sa, 15.02.25    14:03:37
340 Grimm-6
6		
47.680
0.000
0.000


 14066
 14055
 14096
 14141
 14084
 14012
 14025
 14052
 14092
 14141
 14173
 14232
 14269
 14334
 14391
 14462
 14539
 14610
 14682
 14751
 14832
 14897
 14947
 15021
 15080
 15175
 15251
 15331
 15407
 15475
 15578
 15683
 15750
 15815
 15907
 15992
 16098
 16175
 16256
 16364
 16442
 16523
 16604
 16687
 16777
 16887
 17003
 17084
 17168
 17270
 17364
 17464
 17579
 17706
 17818
 17940
 18058
 18163
 18277
 18390
 18502
 18600
 18705
 18815
 18918
 19029
 19134
 19255
 19383
 19481
 19603
 19735
 19861
 19991
 20120
 20234
 20331
 20430
 20546
 20676
 20765
 20888
 21003
 21118
 21234
 21369
 21502
 21646
 21790
 21929
 22068
 22197
 22317
 22444
 22565
 22699
 22818
 22930
 23077
 23202
 23341
 23474
 23615
 23765
 23909
 24059
 24189
 24315
 24454
 24586
 24722
 24837
 24970
 25097
 25233
 25370
 25495
 25649
 25802
 25951
 26112
 26246
 26381
 26503
 26635
 26771
 26911
 27049
 27192
 27327
 27461
 27614
 27754
 27910
 28060
 28211
 28367
 28508
 28656
 28797
 28940
 29079
 29209
 29346
 29475
 29616
 29760
 29919
 30080
 30260
 30415
 30569
 30718
 30864
 31003
 31153
 31295
 31425
 31554
 31700
 31855
 32019
 32183
 32334
 32507
 32667
 32806
 32960
 33102
 33241
 33396
 33542
 33704
 33846
 33996
 34149
 34318
 34479
 34665
 34826
 34990
 35145
 35292
 35438
 35580
 35739
 35894
 36053
 36222
 36365
 36515
 36674
 36860
 37029
 37190
 37340
 37481
 37624
 37789
 37960
 38109
 38260
 38442
 38633
 38815
 38990
 39155
 39304
 39460
 39611
 39780
 39937
 40099
 40243
 40405
 40562
 40731
 40944
 41096
 41238
 41377
 41541
 41706
 41866
 42037
 42219
 42407
 42577
 42734
 42885
 43051
 43210
 43365
 43536
 43693
 43859
 44018
 44199
 44390
 44543
 44713
 44883
 45052
 45227
 45364
 45526
 45708
 45895
 46085
 46248
 46400
 46577
 46756
 46924
 47088
 47243
 47391
 47543
 47689
 47865
 48004
 48163
 48297
 48446
 48601
 48740
 48877
 49024
 49176
 49306
 49470
 49621
 49785
 49942
 50124
 50308
 50491
 50656
 50824
 50997
 51147
 51326
 51467
 51624
 51771
 51923
 52075
 52223
 52373
 52496
 52639
 52772
 52939
 53078
 53208
 53357
 53497
 53636
 53771
 53920
 54062
 54191
 54333
 54389
 54457
 54627
 54796
 55004
 55213
 55355
 55482
 55614
 55744
 55887
 56008
 56152
 56272
 56380
 56524
 56637
 56763
 56895
 57018
 57147
 57270
 57396
 57516
 57633
 57739
 57853
 57966
 58092
 58211
 58374
 58508
 58620
 58722
 58852
 58985
 59025
 67214
 59789
 59725
 70055
 79618
 79616
 79609
 79625
 79607
 79609
 79612
 79609
 79616
 79613
 79607
 79614
 79611
 79603
 79598
 79615
 79606
 79613
 79619
 79609
 79614
 79600
 79606
 79624
 79619
 79633
 79651
 79665
 79672
 79694
 79726
 79752
 79761
 79772
 79777
 79775
 79766
 79771
 79768
 79768
 79772
 79781
 79781
 79789
 79802
 79796
