Sa, 15.02.25    13:20:15
775 Jaske 9-3
3		
49.680
0.000
0.000


 22608
 22608
 22634
 22648
 22629
 22659
 22730
 22816
 22850
 22886
 22913
 22965
 23021
 23058
 23105
 23159
 23179
 23218
 23269
 23297
 23361
 23417
 23487
 23580
 23641
 23698
 23800
 23866
 23968
 24043
 24119
 24183
 24247
 24326
 24402
 24505
 24588
 24693
 24776
 24867
 24950
 25043
 25151
 25259
 25351
 25430
 25521
 25595
 25679
 25763
 25887
 26000
 26095
 26207
 26321
 26417
 26542
 26642
 26762
 26845
 26929
 27019
 27145
 27260
 27382
 27510
 27647
 27759
 27877
 27999
 28116
 28235
 28340
 28449
 28573
 28689
 28820
 28942
 29053
 29200
 29367
 29495
 29634
 29770
 29885
 29988
 30114
 30231
 30338
 30456
 30588
 30732
 30902
 31048
 31182
 31306
 31446
 31592
 31703
 31832
 31970
 32102
 32258
 32398
 32543
 32666
 32791
 32937
 33095
 33238
 33396
 33524
 33651
 33771
 33908
 34042
 34179
 34339
 34492
 34642
 34782
 34933
 35093
 35247
 35392
 35526
 35671
 35810
 35950
 36102
 36247
 36387
 36526
 36704
 36864
 37032
 37199
 37349
 37482
 37616
 37746
 37900
 38052
 38204
 38354
 38505
 38665
 38831
 38989
 39147
 39292
 39449
 39595
 39745
 39905
 40050
 40215
 40375
 40539
 40722
 40895
 41051
 41201
 41337
 41486
 41628
 41784
 41942
 42108
 42265
 42409
 42575
 42730
 42896
 43055
 43203
 43372
 43526
 43673
 43827
 43993
 44159
 44326
 44498
 44675
 44846
 45013
 45170
 45327
 45470
 45639
 45794
 45949
 46096
 46253
 46395
 46557
 46718
 46882
 47051
 47205
 47359
 47518
 47675
 47829
 48005
 48162
 48347
 48512
 48675
 48818
 48955
 49114
 49283
 49442
 49602
 49768
 49908
 50053
 50203
 50340
 50456
 50612
 50757
 50909
 51062
 51209
 51335
 51495
 51656
 51799
 51945
 52096
 52252
 52386
 52541
 52695
 52872
 53038
 53174
 53431
 53614
 53709
 53819
 53938
 54057
 54205
 54348
 54498
 54646
 54791
 54940
 55074
 55189
 55331
 55461
 55602
 55740
 55879
 56004
 56147
 56258
 56403
 56529
 56656
 56796
 56917
 57019
 57130
 57241
 57379
 57493
 57590
 57689
 57801
 57916
 58043
 58148
 58267
 52111
 15932
 15924
 15967
 15979
 16002
 16027
 16041
 16062
 16094
 16106
 16122
 16093
 16075
 16196
 16352
 16261
 16228
 16270
 16290
 16286
 16316
 16324
 16330
 16351
 16363
 16383
 16407
 16422
 16441
 16469
 16496
 16533
 16550
 16570
 16617
 16633
 16650
 16700
 16832
 16909
 16922
 16921
 16912
 16894
 16954
 70277
 79681
 79664
 79652
 79646
 79644
 79641
 79644
 79616
 79325
 79311
 78734
 77312
 77136
 74113
 72652
 73585
 74144
 73660
 74166
 73919
 73952
 73858
 73860
 73762
 73737
 73659
 73658
 73554
 73577
 73518
 73499
 73453
 73432
 73425
 73409
 73347
 73333
 73306
 73309
 73300
 73280
 73258
 73259
 73237
 73261
 73220
 73227
 73254
 73218
