So, 16.02.25    10:28:17
729 Limberg-1
1		
48.280
0.000
0.000


 13277
 13375
 13484
 13577
 13715
 13849
 13939
 13995
 14107
 14235
 14361
 14407
 14442
 14553
 14657
 14759
 14879
 15008
 15139
 15244
 15338
 15459
 15545
 15688
 15812
 15929
 16046
 16150
 16264
 16335
 16448
 16575
 16701
 16833
 16962
 17113
 17241
 17378
 17507
 17639
 17762
 17884
 18021
 18150
 18287
 18405
 18540
 18685
 18831
 18969
 19119
 19270
 19399
 19534
 19647
 19769
 19918
 20070
 20211
 20344
 20475
 20642
 20765
 20922
 21057
 21208
 21354
 21502
 21644
 21800
 21949
 22100
 22242
 22394
 22555
 22682
 22843
 23014
 23161
 23307
 23457
 23617
 23772
 23931
 24088
 24227
 24383
 24538
 24696
 24863
 25022
 25187
 25360
 25507
 25667
 25832
 25992
 26146
 26290
 26449
 26596
 26763
 26911
 27097
 27259
 27442
 27616
 27778
 27930
 28104
 28245
 28401
 28573
 28749
 28922
 29090
 29236
 29402
 29575
 29746
 29921
 30089
 30273
 30442
 30603
 30766
 30940
 31104
 31278
 31434
 31613
 31802
 31983
 32167
 32325
 32502
 32663
 32825
 32996
 33180
 33339
 33507
 33694
 33875
 34054
 34226
 34407
 34583
 34755
 34930
 35101
 35274
 35451
 35624
 35805
 35978
 36150
 36343
 36512
 36700
 36895
 37082
 37263
 37426
 32366
  5107
  5088
  5101
  5049
  4940
  5077
  5145
  5040
  5008
  4939
  4886
  4857
  4843
  4816
  4784
  4746
  4709
  4687
  4654
  4641
  4619
  4602
  4586
  4577
  4600
  4616
  4610
  4516
  4436
  4382
  4354
  4314
 12323
 43795
 43963
 44144
 44336
 44527
 44702
 44891
 45082
 45269
 45454
 45629
 45819
 45995
 46171
 46360
 46566
 46764
 46958
 47151
 47352
 47526
 47698
 47873
 48035
 48208
 48380
 48548
 48731
 48938
 49119
 49282
 49438
 49601
 49769
 49873
 49766
 50082
 50365
 50576
 50726
 50920
 51250
 51448
 51595
 51731
 51887
 52039
 52196
 52339
 52457
 52567
 52694
 52847
 53010
 53170
 53368
 53575
 53785
 54008
 65416
 70914
 70910
 70917
 70916
 70912
 70910
 70921
 70921
 70914
 70920
 70909
 70908
 70910
 70918
 70911
 70913
 70910
 70915
 70919
 70919
 70911
 70917
 70914
 70920
 70919
 70922
 70925
 70916
 70923
 70927
 70929
 70940
 70943
 70948
 70946
 70958
 70944
 70951
 70953
 70951
 70955
 70958
 70954
 70954
 70956
 70959
 70964
 70961
 70962
