So, 16.02.25    11:40:59
355 Karsten-6
6		
48.280
0.000
0.000


 16139
 16169
 16230
 16275
 16336
 16383
 16453
 16513
 16568
 16626
 16677
 16748
 16802
 16850
 16906
 16965
 17031
 17085
 17153
 17214
 17277
 17347
 17429
 17502
 17615
 17701
 17804
 17903
 17989
 18113
 18218
 18329
 18436
 18545
 18635
 18729
 18824
 18920
 18996
 19103
 19210
 19310
 19420
 19523
 19626
 19733
 19831
 19941
 20044
 20159
 20265
 20378
 20461
 20564
 20681
 20794
 20893
 21031
 21159
 21279
 21413
 21543
 21664
 21790
 21903
 22019
 22160
 22290
 22417
 22541
 22668
 22797
 22926
 23063
 23203
 23332
 23473
 23608
 23747
 23895
 24031
 24170
 24308
 24441
 24575
 24713
 24859
 25027
 25202
 25356
 25513
 25644
 25779
 25890
 25990
 26136
 26280
 26422
 26592
 26752
 26904
 27061
 27235
 27393
 27558
 27728
 27874
 28018
 28181
 28320
 28471
 28635
 28804
 28960
 29125
 29297
 29465
 29666
 29827
 29987
 30152
 30319
 30460
 30628
 30791
 30942
 31116
 31288
 31455
 31625
 31811
 31987
 32157
 32351
 32507
 32676
 32840
 32997
 33170
 33330
 33494
 33683
 33852
 34035
 34251
 34438
 34615
 34803
 34971
 35128
 35305
 35463
 35643
 35822
 36000
 36189
 36369
 36550
 36746
 36935
 37117
 37307
 37474
 37658
 37827
 37997
 38177
 38353
 38533
 38718
 38906
 39127
 39330
 39531
 39712
 39883
 40065
 40231
 40401
 40571
 40761
 40954
 41161
 41355
 41525
 41734
 41941
 42135
 42315
 42501
 42678
 42845
 43030
 43210
 43381
 43597
 43799
 43998
 44204
 44417
 44619
 44787
 44963
 45131
 45288
 45486
 45702
 45869
 46045
 46258
 46450
 46655
 46862
 47063
 47252
 47430
 47609
 47771
 47946
 48124
 48285
 48440
 48621
 48788
 48964
 49110
 49262
 49404
 49562
 49727
 49899
 50097
 50287
 50525
 50796
 50895
 50868
 51068
 58150
 70778
 67338
 67782
 70799
 70793
 70776
 57913
 52589
 52732
 52867
 53009
 53133
 53163
 53325
 53602
 53792
 53992
 54209
 54477
 54677
 54800
 54947
 55126
 55381
 68700
 48226
 48109
 48671
 70787
 70778
 70791
 70801
 70793
 70785
 70792
 70773
 70769
 70735
 70710
 70724
 70798
 70905
 70954
 70947
 70970
 70975
 71023
 71021
 71014
 70997
 70982
 71004
 71008
 70996
 70988
 70990
 70991
 70977
 70979
 70976
 70984
 70985
 70984
 70983
 71000
 70991
 70995
 70987
 70992
 70975
 70994
 70991
 71002
 70996
 70995
 70982
 70988
 70994
