So, 16.02.25    10:02:00
355 Karsten-1
1		
48.280
0.000
0.000


  4574
  4633
  4701
  4791
  4864
  4942
  5007
  5067
  5153
  5193
  5274
  5335
  5418
  5491
  5601
  5682
  5775
  5850
  5944
  6026
  6111
  6205
  6292
  6367
  6459
  6538
  6649
  6748
  6844
  6945
  7066
  7201
  7336
  7424
  7561
  7689
  7802
  7913
  8036
  8163
  8248
  8369
  8507
  8642
  8768
  8917
  9051
  9187
  9324
  9454
  9593
  9720
  9831
  9963
 10075
 10211
 10332
 10461
 10585
 10729
 10874
 11029
 11193
 11299
 11462
 11600
 11736
 11877
 12007
 12171
 12326
 12471
 12631
 12791
 12957
 13113
 13257
 13402
 13550
 13689
 13850
 14006
 14150
 14298
 14443
 14603
 14774
 14951
 15135
 15302
 15466
 15619
 15772
 15928
 16071
 16221
 16381
 16538
 16691
 16862
 17048
 17226
 17399
 17577
 17729
 17887
 18049
 18210
 18376
 18550
 15103
  3748
  3744
  3857
  3875
  3928
  3933
  3930
  3945
  3982
  3977
  3980
  4027
  4041
  4083
  4120
  4121
  4132
  4139
  4159
  4168
  4176
  4190
  4206
  4217
  4236
  4240
  4240
  4248
  4249
  4251
  4256
  4269
  4283
  4292
  4299
  4313
  4330
  4336
  4357
  4364
  4388
  4394
  4416
  4429
  4452
  4456
  4480
  4503
  4516
  4537
  4541
  4556
  4572
  4591
  4595
  4609
  4625
  4631
  4641
  4657
  4679
  4691
  4707
  4726
  4739
  4747
  4762
  4770
  4783
  4795
  4811
  4826
  4839
  4850
  4868
  4881
  4899
  4912
  4926
  4951
  4962
  4980
  4992
  5013
  5032
  5045
  5068
  5082
  5093
  5114
  5135
  5141
  5158
  5175
  5185
  5194
  5203
  5216
  5228
  5233
  5252
  5264
  5265
  5284
  5302
  5320
  5322
  5348
  5365
  5380
  5393
  5412
  5417
  5430
  5442
  5466
  5482
  5497
  5516
  5536
  5548
  5578
  5591
  5612
  5618
  5632
  5638
  5656
  5665
  5676
  5678
  5703
  5713
  5725
  5750
  5769
  5780
  5786
  5800
  5803
  5835
  5834
  5864
  5869
  5885
  5892
  5898
  5915
  5934
  5946
  5961
  5982
  5995
  6015
  6045
  6063
  6088
  6106
  6118
  6127
  6141
  6164
  6177
  6197
  6215
  6223
  6233
  6254
  6244
  6258
  6282
  6284
  6289
  6304
  6324
  6319
  6328
  6333
  6344
  6363
  6367
  6374
  6383
  6391
  6411
  6406
  6410
  6422
  6426
  6448
  6458
  6477
  6492
  6495
  6502
  6513
  6534
  6545
  6556
  6571
  6586
  6601
  6622
  6631
  6644
  6674
  6681
  6700
  6716
  6723
  6729
  6733
  6737
  6728
  6712
  6703
  6670
  6691
  6662
  6741
  7128
 40153
 70043
 69981
 69933
 69900
 69862
 69843
 69825
 69798
 69786
 69753
 69719
 69682
 69665
 69641
 69586
 69603
 69549
 69516
 69494
 69479
 69453
 69371
 69334
 69251
 69236
 69206
 64553
 64070
 69049
 69093
 69370
 75151
 72843
 72524
 72514
 72847
 72975
 72973
 73231
 73363
 73527
 74092
 74144
 73903
 74461
 74694
 74672
 74641
 74620
     0
