So, 16.02.25    10:02:45
355 Karsten-1
1		
48.280
0.000
0.000


 14786
 14878
 15002
 15125
 15235
 15346
 15462
 15556
 15667
 15761
 15873
 15983
 16097
 16216
 16324
 16439
 16563
 16689
 16803
 16951
 17087
 17232
 17343
 17457
 17588
 17701
 17828
 17965
 18089
 18219
 18349
 18503
 18641
 18761
 18924
 19072
 19207
 19349
 19492
 19617
 19748
 19877
 20027
 20164
 20307
 20426
 20580
 20748
 20875
 21032
 21153
 21302
 21420
 21572
 21722
 21874
 22034
 22169
 22322
 22473
 22618
 22747
 22888
 23057
 23204
 23373
 23535
 23699
 23827
 23984
 24134
 24298
 24450
 24591
 24751
 24922
 25099
 25263
 25424
 25569
 25733
 25897
 26047
 26219
 26368
 26525
 26684
 26837
 26999
 27166
 27338
 27548
 27733
 27926
 28184
 28274
 28430
 28611
 28741
 28888
 29026
 29199
 29372
 29543
 29669
 29836
 29975
 30126
 30291
 30456
 30614
 30776
 30950
 31103
 31263
 31406
 31572
 31742
 31930
 32099
 32288
 32484
 32675
 32847
 33022
 33172
 33313
 33470
 33685
 33886
 34052
 34193
 34376
 34515
 34691
 34873
 35047
 35229
 35403
 35548
 35716
 35872
 36036
 36225
 36409
 36578
 36764
 36941
 37144
 37327
 37496
 37676
 37840
 38002
 38180
 38343
 38524
 38706
 38889
 39055
 39238
 39426
 39617
 39781
 39956
 40139
 40321
 40491
 40661
 40855
 41038
 41208
 41381
 41567
 41775
 41957
 42145
 42323
 42496
 42666
 42848
 43020
 43203
 43389
 43571
 43750
 43950
 44135
 44328
 44505
 44695
 44889
 45063
 45253
 45428
 45613
 45796
 45986
 46168
 46343
 46513
 46675
 46853
 47013
 47185
 47415
 47618
 47793
 47962
 48146
 48311
 48524
 48732
 49246
 49633
 49861
 50101
 50357
 50466
 50638
 50058
 50382
 50575
 51387
 51337
 51040
 52129
 52274
 52327
 52413
 52542
 52597
 52659
 52739
 52873
 52912
 52984
 53221
 53640
 53926
 53585
 55996
 63471
 63473
 63478
 63474
 63477
 63472
 63477
 58567
 32150
 32006
 32004
 31999
 31977
 26130
 24370
 24372
 26127
 25926
 25795
 25648
 25490
 25360
 25267
 25179
 25121
 25061
 25034
 24986
 24970
 24969
 24953
 24960
 24944
 24924
 24900
 24858
 24823
 24808
 24794
 24802
 24786
 24804
 24820
 24835
 24842
 24837
 24836
 24827
 24792
 24763
 24750
 24737
 24736
 24747
 24762
 24785
 24821
 24881
 24913
 24931
 24967
 24965
 24981
 24998
 25026
 25050
 25060
 25073
 25051
 25038
 25002
 24959
 24913
 24857
 24808
 24762
 24717
 24650
 24603
 24557
 24530
 24521
 24509
 24502
 24487
 24487
 24474
 24481
 24460
 24465
 24457
 24456
 24454
 24452
 24452
 24457
 24452
 24452
 24460
 24461
 24461
 24458
 24471
 24471
 24465
 24466
 24470
 24480
 24493
 24476
 24487
 24487
 24479
 24484
 24484
 24487
 24491
 24480
 24481
 24494
 24485
 24491
 24486
 24486
 24484
 24490
 24494
 24487
 24504
 24496
 24495
 24500
 24496
 24504
 24495
 24505
 24501
 24494
 24495
 24510
 24506
 24500
 24509
 24509
 24512
 24502
 24523
 24511
 24518
 24517
 24524
 24520
 24519
 24516
 24522
 24518
 24519
 24521
 24528
 24528
 24539
 24538
 24543
 24546
 24549
 24561
 24560
 24566
 24576
 24588
 24595
 24593
 24618
 24613
 24630
 24638
 24648
 24646
 24651
 24659
 24671
 24678
 14969
  4790
  4837
  4839
  4889
  4929
  4959
  4962
  4960
  4977
  4978
  4981
  4985
  4996
  5010
  5013
  5050
  5065
  5106
  5152
  5182
  5194
  5218
  5503
  5487
  5430
  5426
  5458
  5435
  5406
 18418
 24704
 24706
 24707
 24707
 24707
 24712
 24702
 24720
 24718
 24718
 24715
 24703
 24712
 24706
 24707
 24715
 24709
 24714
 24707
 24702
 24708
 24706
 24594
 24521
 24474
 24469
 24462
 24464
 24470
 24470
 24458
 24457
 24453
 24457
 24488
 24479
 24420
 32736
 70034
 69906
 69713
 69525
 67593
 59459
 58249
 57490
 68584
 67945
 54630
 54833
 55605
 66270
 67746
 67685
 67605
 67497
 67542
 70938
 71587
 72629
 73183
 73549
 75156
 75773
 77175
 79689
 80509
 81069
 80393
 79753
 79084
 78472
 77926
 77367
 76908
 76429
 76026
 75639
 75276
 74971
 74685
 74435
 74230
 74059
 73984
 73992
 74010
 74091
 74158
 74218
 74201
 74224
 74278
 74319
 74350
 74348
 74331
 74334
 74352
 74333
 74337
