So, 16.02.25    10:35:54
448 Schulze-2
2		
48.280
0.000
0.000


  5490
  5591
  5695
  5805
  5904
  5990
  6078
  6156
  6237
  6310
  6383
  6470
  6571
  6698
  6789
  6885
  6987
  7102
  7246
  7387
  7518
  7645
  7752
  7865
  7996
  8125
  8223
  8335
  8487
  8622
  8741
  8870
  9004
  9157
  9309
  9443
  9571
  9704
  9825
  9937
 10067
 10180
 10302
 10418
 10571
 10694
 10820
 10976
 11111
 11252
 11397
 11550
 11697
 11845
 12009
 12162
 12306
 12461
 12602
 12752
 12875
 13027
 13182
 13344
 13511
 13689
 13829
 13972
 14129
 14279
 14411
 14557
 14729
 14885
 15036
 15189
 15368
 15529
 15710
 15858
 16035
 16170
 16313
 16478
 16641
 16803
 16970
 17138
 17314
 17480
 17656
 17833
 17984
 18148
 18308
 18481
 18650
 18810
 18975
 19139
 19312
 19495
 19670
 19857
 20040
 20233
 20388
 20546
 20716
 20883
 21050
 21230
 21373
 21548
 21732
 21908
 22114
 22290
 22466
 22639
 22800
 22968
 23145
 23309
 23477
 23675
 23842
 24046
 24234
 24438
 24621
 24798
 24970
 25158
 25328
 25520
 25682
 25862
 26039
 26240
 26421
 26596
 26791
 26958
 27134
 27310
 27480
 27661
 27837
 28010
 28210
 28397
 28600
 28813
 29014
 29200
 29385
 29552
 29745
 29934
 30121
 30319
 30506
 30701
 30883
 31086
 31274
 31441
 31632
 31807
 31991
 32175
 32369
 32570
 32734
 32925
 33128
 33335
 33540
 33735
 33923
 34101
 34293
 34470
 34659
 34848
 35042
 35258
 35437
 35649
 35849
 36032
 36223
 36393
 36567
 36754
 36956
 37155
 37343
 37545
 37742
 37958
 38167
 38360
 38540
 38734
 38933
 39114
 39309
 39509
 39710
 39915
 40115
 40322
 40516
 40714
 40899
 41082
 41261
 41442
 41644
 41835
 42051
 42262
 42480
 42677
 42875
 43077
 43252
 43444
 43640
 43836
 44033
 44245
 44444
 44649
 44864
 45067
 45264
 45446
 45638
 45814
 46008
 46217
 46403
 46612
 46826
 47050
 47266
 47477
 47665
 47853
 48054
 48228
 48402
 48591
 48775
 48959
 49117
 49276
 49443
 49666
 49860
 50069
 50095
 50157
 50490
 50617
 50785
 51078
 51342
 51542
 51712
 51868
 52038
 52161
 52285
 52396
 52523
 52659
 52793
 52932
 53071
 53202
 53361
 53577
 53765
 53976
 54177
 54462
 58426
 70869
 70834
 70827
 70828
 70834
 70837
 70835
 62652
 47898
 47917
 47931
 47938
 47960
 47861
 70838
 70852
 70833
 70821
 70825
 70785
 70761
 70749
 70733
 70724
 70718
 70707
 70703
 70688
 70690
 70687
 70678
 70672
 70662
 70659
 70644
 70655
 70646
 70644
 70638
 70631
 70653
 70635
 70629
 70632
 70626
 70633
 70627
 70627
 70612
 70623
 70621
 70620
 70613
 70620
 70619
 70612
 70613
 70612
 70620
 70614
 70601
 70593
 70586
 70576
