So, 16.02.25    11:12:51
310 Schade-4
4		
48.280
0.000
0.000


  9692
  9698
  9703
  9710
  9757
  9782
  9788
  9825
  9852
  9885
  9925
  9954
 10024
 10086
 10125
 10177
 10233
 10279
 10337
 10409
 10476
 10539
 10589
 10657
 10721
 10775
 10824
 10924
 10971
 11074
 11158
 11201
 11294
 11366
 11446
 11548
 11638
 11749
 11863
 11949
 12012
 12099
 12285
 12391
 12530
 12641
 12742
 12843
 12933
 13036
 13130
 13219
 13327
 13431
 13532
 13651
 13791
 13935
 14061
 14190
 14286
 14389
 14490
 14622
 14733
 14873
 15004
 15119
 15257
 15374
 15475
 15654
 15799
 15944
 16069
 16192
 16310
 16430
 16552
 16678
 16801
 16945
 17076
 17200
 17369
 17530
 17680
 17819
 17948
 18080
 18213
 18345
 18498
 18649
 18789
 18945
 19087
 19252
 19401
 19576
 19733
 19888
 20036
 20187
 20326
 20469
 20615
 20754
 20887
 21048
 21196
 21366
 21546
 21709
 21869
 22028
 22162
 22309
 22463
 22600
 22759
 22904
 23078
 23245
 23412
 23596
 23761
 23938
 24092
 24249
 24395
 24550
 24707
 24869
 25025
 25211
 25380
 25558
 25743
 25930
 26087
 26248
 26390
 26530
 26689
 26872
 27060
 27230
 27408
 27586
 27759
 27954
 28141
 28300
 28450
 28606
 28747
 28936
 29132
 29296
 29476
 29650
 29842
 30030
 30221
 30403
 30550
 30722
 30885
 31060
 31236
 31409
 31586
 31774
 31955
 32154
 32346
 32520
 32696
 32854
 33028
 33188
 33356
 33524
 33701
 33885
 34099
 34301
 34500
 34676
 34849
 35020
 35190
 35380
 35544
 35742
 35922
 36120
 36309
 36491
 36670
 36853
 37025
 37204
 37384
 37565
 37741
 37905
 38105
 38300
 38502
 38717
 38898
 39065
 39243
 39419
 39588
 39786
 39986
 40178
 40375
 40559
 40773
 40948
 41129
 41304
 41474
 41643
 41827
 42026
 42229
 42424
 42640
 42826
 43011
 43184
 43372
 43558
 43744
 43934
 44128
 44315
 44524
 44709
 44907
 45098
 45287
 45463
 45641
 45819
 46007
 46195
 46388
 46602
 46827
 47019
 47222
 47405
 47595
 47766
 47944
 48100
 48264
 48435
 48623
 48795
 48961
 49108
 49289
 49477
 49710
 49918
 49748
 49799
 50173
 50362
 50604
 50914
 51098
 51259
 51402
 51573
 51735
 51897
 52039
 52183
 52321
 52456
 52594
 52711
 52825
 53787
 54053
 54019
 53326
 53668
 54489
 56938
 70787
 70793
 70764
 66032
 64832
 64621
 64758
 65012
 65622
 58866
 47865
 47896
 47973
 48702
 65157
 65224
 64768
 64604
 64654
 64762
 64997
 65386
 65801
 65643
 65754
 70194
 70948
 70956
 70954
 70946
 70947
 70939
 70948
 70931
 67611
 65058
 65007
 65486
 65885
 66248
 67752
 70925
 70937
 70918
 70920
 70919
 70916
 70917
 70904
 67825
 65291
 65263
 66966
 70862
 70898
 70913
 70904
 70914
 70905
 66488
 65169
 64929
 64929
 65429
