So, 16.02.25    10:40:40
513 Jäckel-2
2		
48.280
0.000
0.000


  8997
  9033
  9051
  9070
  9105
  9153
  9179
  9237
  9332
  9349
  9327
  9372
  9435
  9479
  9535
  9589
  9640
  9690
  9737
  9775
  9829
  9875
  9920
  9971
 10009
 10047
 10088
 10124
 10179
 10245
 10316
 10387
 10428
 10424
 10414
 10503
 10567
 10613
 10675
 10734
 10796
 10888
 10954
 11012
 11078
 11140
 11196
 11248
 11281
 11301
 11331
 11386
 11428
 11478
 11527
 11593
 11639
 11693
 11770
 11840
 12005
 11988
 12120
 12220
 12290
 12347
 12417
 12512
 12605
 12685
 12789
 12884
 12961
 13056
 13134
 13214
 13310
 13405
 13507
 13611
 13703
 13800
 13929
 14055
 14173
 14272
 14372
 14481
 14567
 14667
 14765
 14879
 14997
 15119
 15243
 15334
 15434
 15540
 15675
 15800
 15934
 16055
 16160
 16281
 16380
 16485
 16600
 16721
 16834
 16941
 17074
 17212
 17361
 17529
 17673
 17802
 17924
 18034
 18138
 18242
 18388
 18527
 18661
 18804
 18934
 19067
 19217
 19349
 19512
 19669
 19796
 19938
 20055
 20180
 20309
 20443
 20581
 20708
 20836
 20988
 21138
 21305
 21470
 21640
 21779
 21918
 22043
 22174
 22328
 22474
 22619
 22764
 22915
 23067
 23211
 23370
 23544
 23701
 23864
 24009
 24145
 24302
 24432
 24586
 24729
 24892
 25059
 25232
 25404
 25586
 25750
 25902
 26061
 26207
 26329
 26481
 26635
 26812
 26977
 27149
 27317
 27488
 27667
 27819
 27973
 28130
 28272
 28428
 28578
 28753
 28917
 29094
 29260
 29447
 29638
 29816
 29994
 30157
 30313
 30461
 30614
 30779
 30941
 31117
 31306
 31454
 31630
 31818
 32006
 32168
 32345
 32491
 32657
 32809
 32971
 33140
 33302
 33485
 33690
 33889
 34081
 34265
 34434
 34597
 34772
 34945
 35130
 35308
 35466
 35645
 35820
 35993
 36196
 36372
 36533
 36701
 36859
 37019
 37195
 37377
 37556
 37747
 37944
 38137
 38329
 38520
 38689
 38860
 39037
 39217
 39390
 39568
 39768
 39947
 40133
 40330
 40520
 40698
 40878
 41048
 41219
 41385
 41547
 41729
 41930
 42131
 42322
 42520
 42695
 42864
 43050
 43233
 43407
 43604
 43808
 44003
 44184
 44366
 44559
 44749
 44949
 45130
 45296
 45473
 45664
 45844
 46036
 46229
 46439
 46647
 46866
 47063
 47269
 47449
 47613
 47768
 47921
 48065
 48246
 48425
 48598
 49383
 70806
 70804
 70804
 48888
 53240
 70789
 70801
 70790
 70788
 50680
 50602
 50809
 50936
 51136
 51309
 51492
 51613
 51783
 58680
 70716
 70706
 59007
 52467
 52512
 52595
 52743
 52875
 52973
 53119
 53344
 53527
 53837
 54036
 54710
 70605
 70600
 70600
 70616
 70615
 70623
 70643
 70650
 70665
 70676
 70695
 70707
 70719
 70720
 70719
 70714
 70717
 70710
 70693
 70694
 70709
 70703
 70706
 70723
 70700
 70714
 70718
 70723
 70720
 70690
 70250
 69544
 69281
 69211
 69288
 69450
 69713
 70251
 70617
 70725
 70729
 70732
 70696
 70602
 70278
 69726
 69212
 68986
 68891
 68917
