So, 16.02.25    10:53:01
448 Schulze-3
3		
48.280
0.000
0.000


  3599
  3617
  3651
  3723
  3788
  3847
  3912
  4002
  4079
  4153
  4216
  4294
  4378
  4449
  4494
  4567
  4651
  4734
  4826
  4882
  4964
  5096
  5170
  5271
  5379
  5488
  5594
  5686
  5779
  5872
  5953
  6043
  6128
  6202
  6307
  6421
  6506
  6595
  6705
  6829
  6951
  7089
  7201
  7359
  7466
  7576
  7701
  7814
  7936
  8058
  8173
  8314
  8442
  8595
  8747
  8906
  9027
  9151
  9271
  9374
  9509
  9631
  9753
  9878
 10012
 10171
 10281
 10423
 10569
 10711
 10845
 11012
 11130
 11270
 11397
 11551
 11706
 11842
 12000
 12165
 12304
 12452
 12600
 12762
 12938
 13092
 13226
 13366
 13507
 13661
 13820
 13957
 14116
 14285
 14447
 14599
 14772
 14948
 15104
 15269
 15434
 15584
 15739
 15882
 16046
 16196
 16355
 16509
 16677
 16843
 17017
 17196
 17351
 17510
 17663
 17819
 17983
 18138
 18321
 18485
 18655
 18836
 19023
 19202
 19389
 19573
 19750
 19925
 20090
 20260
 20418
 20598
 20757
 20908
 21085
 21251
 21431
 21626
 21788
 21963
 22130
 22302
 22467
 22620
 22791
 22970
 23169
 23338
 23531
 23734
 23935
 24112
 24292
 24474
 24648
 24834
 25020
 25200
 25368
 25557
 25745
 25938
 26120
 26293
 26460
 26631
 26814
 26980
 27165
 27343
 27532
 27724
 27913
 28117
 28315
 28508
 28703
 28891
 29067
 29244
 29429
 29611
 29800
 29987
 30182
 30379
 30582
 30759
 30938
 31119
 31292
 31446
 31624
 31821
 32019
 32214
 32418
 32610
 32823
 33025
 33209
 33381
 33571
 33746
 33941
 34137
 34324
 34517
 34708
 34911
 35116
 35319
 35491
 35700
 35872
 36053
 36244
 36409
 36600
 36802
 37007
 37208
 37430
 37630
 37816
 37993
 38182
 38359
 38549
 38753
 38945
 39137
 39335
 39543
 39752
 39948
 40135
 40334
 40516
 40715
 40905
 41073
 41279
 41469
 41677
 41886
 42104
 42310
 42499
 42678
 42864
 43051
 43239
 43430
 43643
 43842
 44060
 44266
 44465
 44659
 44842
 45057
 45254
 45431
 45613
 45829
 46028
 46230
 46439
 46657
 46874
 47084
 47277
 47483
 47666
 47833
 48001
 48157
 48314
 48489
 48652
 48823
 49026
 49246
 49466
 49686
 49906
 50126
 50346
 50566
 50786
 51006
 51226
 51446
 51666
 51886
 52106
 52326
 52546
 52766
 52986
 53206
 53426
 53646
 53866
 54086
 54306
 54526
 54746
 54966
 55186
 55406
 55626
 55846
 56066
 56286
 56506
 56726
 56946
 57166
 57386
 57606
 57826
 58046
 58266
 58486
 58706
 58926
 59146
 59366
 59586
 59806
 60026
 60246
 60466
 60686
 60906
 61126
 61346
 61566
 61786
 62006
 62226
 62446
 62666
 62886
 63106
 63326
 63546
 63766
 63986
 64206
 64426
 64646
 64866
 65086
 65306
 65526
 65746
 65966
 66186
 66406
 66626
 66846
 67066
 67286
 67506
 67726
 67946
 68166
 68386
 68606
 68826
 69046
 69266
 69486
 69706
 69926
 70146
 70366
 70586
 70806
 70856
 70849
 70847
 70853
 70842
 70853
 70848
 70855
 70848
 70857
 70847
 70842
 70849
 70848
 70848
 70854
 70853
 70856
 70846
 70854
 70842
 70848
 70856
 70851
 70839
 70859
 70852
 70859
 70845
 70842
 70855
 70852
 70852
 70854
 70844
 70853
 27844
  9052
  8940
  8913
  8866
  8880
  8886
  8934
  8828
  8778
  8713
  8649
  8530
  8481
  8429
  8399
  8341
  8302
  8265
  8247
  8217
  8216
  8216
  8171
  8089
  7990
  7958
  7974
  7972
  8028
  8034
  8119
  8096
 30894
 70842
 70849
 70851
 70850
 70852
 70848
 70847
 70846
 70857
 70843
 70842
 70848
 70839
 70857
 70842
 70837
 70830
 70821
 70820
 70819
 70794
 27393
  5400
  5389
  5504
  5522
  5533
  5537
  5540
  5558
  5552
  5621
  5651
  5632
  5666
  5707
  5724
  5734
  5737
  5751
  5771
  5797
  5799
  5823
  5847
  5873
  5893
  5892
  5920
  5972
  6033
  5980
  5955
  6021
  6136
  6422
 26917
     0
 81020
 81159
 81129
 81091
 81074
 80693
 80520
 80551
 80949
 81022
 80979
 81075
 81005
 81029
 81092
 81067
 81046
 81067
 80910
 81072
 81040
 81001
 81084
 81014
 80598
 80013
 79851
 79785
 79777
 79752
 79766
 79904
 80329
 80846
 81056
 80985
 80848
 80959
 81082
 80944
 81056
 80895
 80950
 80881
 81033
 80906
 81022
 81020
 80928
     0
