So, 16.02.25    10:35:04
650 Eltz-2
2		
48.280
0.000
0.000


 13813
 13810
 13808
 13810
 13809
 13829
 13829
 13849
 13846
 13857
 13885
 13892
 13904
 13917
 13942
 13957
 13983
 13990
 14006
 14007
 14058
 14076
 14091
 14116
 14150
 14192
 14227
 14270
 14331
 14398
 14467
 14532
 14588
 14681
 14734
 14800
 14862
 14908
 14982
 15029
 15107
 15166
 15219
 15279
 15349
 15435
 15527
 15624
 15716
 15785
 15885
 15970
 16056
 16145
 16243
 16317
 16399
 16491
 16577
 16666
 16753
 16853
 16954
 17058
 17167
 17267
 17388
 17515
 17629
 17734
 17849
 17938
 18049
 18154
 18265
 18382
 18500
 18636
 18752
 18880
 19003
 19143
 19268
 19403
 19526
 19656
 19770
 19891
 20008
 20127
 20234
 20348
 20479
 20604
 20725
 20872
 21012
 21146
 21289
 21406
 21518
 21636
 21764
 21902
 22042
 22197
 22332
 22485
 22627
 22786
 22938
 23095
 23259
 23389
 23535
 23682
 23822
 23974
 24117
 24253
 24393
 24538
 24697
 24857
 25030
 25210
 25375
 25513
 25652
 25794
 25931
 26078
 26245
 26382
 26537
 26696
 26880
 27052
 27225
 27390
 27543
 27693
 27851
 28003
 28165
 28322
 28474
 28642
 28815
 29003
 29178
 29352
 29519
 29678
 29829
 30000
 30171
 30337
 30488
 30672
 30832
 31009
 31196
 31363
 31536
 31699
 31852
 32024
 32184
 32346
 32519
 32676
 32842
 33035
 33224
 33412
 33602
 33774
 33944
 34121
 34285
 34451
 34621
 34793
 34970
 35164
 35356
 35533
 35724
 35919
 36070
 36241
 36387
 36561
 36742
 36906
 37093
 37280
 37481
 37670
 37868
 38054
 38228
 38406
 38568
 38747
 38925
 39109
 39295
 39477
 39673
 39867
 40069
 40258
 40445
 40613
 40779
 40964
 41127
 41306
 41486
 41671
 41880
 42099
 42295
 42489
 42674
 42845
 43025
 43200
 43375
 43561
 43757
 43949
 44148
 44334
 44530
 44715
 44887
 45072
 45257
 45445
 45620
 45801
 45980
 46161
 46361
 46554
 46772
 46972
 47163
 47337
 47517
 47684
 47838
 48002
 48165
 48329
 48483
 48641
 48814
 49008
 49331
 49732
 49996
 49331
 49295
 50163
 50594
 50709
 50821
 50925
 50948
 51012
 51183
 51301
 51435
 51597
 57242
 70868
 70867
 70864
 70863
 70857
 70857
 58324
 52903
 52977
 53105
 53276
 53439
 53509
 60165
 67727
 54357
 54193
 65920
 70850
 70847
 70850
 70856
 70864
 70868
 70878
 70880
 70909
 70903
 70932
 70921
 70919
 70927
 70914
 70891
 70886
 70876
 70869
 70865
 70862
 70872
 70857
 70859
 70848
 70857
 70844
 70836
 70828
 70818
 70820
 70816
 70808
 70807
 70799
 70801
 70798
 70803
 70802
 70817
 70804
 70800
 70804
 70802
 70802
 70809
 70806
 70801
 70801
