So, 16.02.25    10:32:06
355 Karsten-2
2		
48.280
0.000
0.000


 16970
 17030
 17094
 17166
 17233
 17304
 17388
 17487
 17577
 17668
 17750
 17856
 17964
 18049
 18159
 18260
 18352
 18460
 18551
 18644
 18742
 18843
 18933
 19024
 19128
 19211
 19310
 19431
 19526
 19630
 19738
 19843
 19933
 20049
 20152
 20261
 20366
 20455
 20571
 20685
 20806
 20932
 21066
 21184
 21297
 21409
 21529
 21643
 21757
 21881
 22004
 22136
 22263
 22393
 22518
 22654
 22765
 22887
 23018
 23165
 23298
 23443
 23575
 23718
 23839
 23974
 24122
 24250
 24382
 24514
 24654
 24799
 24953
 25108
 25271
 25417
 25552
 25694
 25823
 25958
 26106
 26245
 26382
 26522
 26679
 26841
 26993
 27154
 27309
 27463
 27622
 27773
 27920
 28070
 28214
 28378
 28526
 28685
 28853
 29011
 29182
 29352
 29527
 29696
 29857
 30010
 30155
 30300
 30444
 30607
 30775
 30932
 31095
 31275
 31435
 31604
 31794
 31971
 32148
 32323
 32481
 32641
 32815
 32977
 33145
 33294
 33456
 33661
 33864
 34060
 34234
 34418
 34582
 34750
 34912
 35080
 35249
 35425
 35583
 35773
 35947
 36130
 36309
 36483
 36670
 36864
 37038
 37206
 37386
 37563
 37735
 37900
 38071
 38242
 38419
 38610
 38819
 39029
 39232
 39406
 39583
 39758
 39942
 40113
 40295
 40472
 40663
 40858
 41038
 41232
 41423
 41613
 41793
 41978
 42164
 42341
 42533
 42713
 42889
 43060
 43230
 43419
 43612
 43818
 44032
 44239
 44431
 44612
 44788
 44965
 45140
 45308
 45507
 45701
 45887
 46075
 46276
 46463
 46668
 46843
 47030
 47220
 47397
 47568
 47745
 47911
 48068
 48223
 48394
 48578
 48755
 48923
 49070
 49220
 49378
 49534
 49706
 49872
 50062
 50259
 50502
 50801
 50902
 51157
 67725
 70783
 70782
 70780
 55515
 52102
 52063
 52172
 52292
 52412
 52548
 52686
 52828
 52983
 53174
 53336
 53535
 53741
 53960
 57403
 70797
 70807
 70815
 70831
 70868
 70882
 70899
 70912
 70934
 70953
 70974
 70991
 71004
 70975
 69703
 70942
 70954
 70979
 70996
 71010
 70987
 71002
 71005
 71000
 70995
 70988
 71001
 71007
 71001
 71008
 70985
 71005
 70977
 70972
 70958
 70953
 70954
 70951
 70962
 70973
 70954
 70962
 70969
 70959
 70949
 70943
 70957
 70954
 70950
 70951
