So, 16.02.25    10:46:53
23 Osazee-2
2		
48.280
0.000
0.000


  7053
  7116
  7223
  7302
  7404
  7512
  7629
  7718
  7883
  7997
  8134
  8249
  8367
  8465
  8542
  8653
  8772
  8895
  9023
  9145
  9265
  9356
  9469
  9574
  9753
  9885
 10026
 10133
 10225
 10348
 10457
 10573
 10703
 10811
 10922
 11058
 11215
 11382
 11533
 11706
 11836
 11976
 12103
 12240
 12393
 12570
 12723
 12834
 12946
 13134
 13300
 13472
 13654
 13801
 13946
 14088
 14216
 14362
 14502
 14629
 14790
 14963
 15134
 15298
 15476
 15642
 15817
 15978
 16117
 16253
 16397
 16549
 16709
 16856
 17031
 17196
 17378
 17549
 17722
 17914
 18088
 18253
 18436
 18586
 18754
 18923
 19083
 19258
 19424
 19600
 19784
 19972
 20163
 20338
 20504
 20668
 20824
 20983
 21153
 21311
 21463
 21645
 21831
 22031
 22220
 22417
 22604
 22789
 22980
 23128
 23287
 23461
 23639
 23823
 23998
 24188
 24386
 24564
 24778
 24973
 25173
 25340
 25509
 25670
 25833
 25990
 26195
 26371
 26550
 26748
 26950
 27142
 27356
 27551
 27718
 27902
 28085
 28260
 28445
 28637
 28818
 29015
 29200
 29400
 29616
 29815
 30015
 30215
 30383
 30560
 30732
 30909
 31091
 31275
 31464
 31666
 31871
 32066
 32279
 32473
 32664
 32842
 33029
 33204
 33392
 33575
 33763
 33962
 34168
 34386
 34586
 34801
 34996
 35205
 35389
 35564
 35761
 35942
 36122
 36312
 36492
 36707
 36906
 37108
 37318
 37512
 37699
 37885
 38068
 38258
 38444
 38654
 38845
 39065
 39276
 39479
 39674
 39875
 40071
 40255
 40448
 40638
 40841
 41046
 41238
 41428
 41626
 41845
 42052
 42246
 42445
 42640
 42820
 43018
 43209
 43406
 43631
 43848
 44054
 44250
 44443
 44637
 44826
 45019
 45219
 45416
 45607
 45804
 45986
 46187
 46356
 46541
 46717
 46928
 47114
 47312
 47515
 47684
 47869
 48056
 48247
 48409
 48552
 48701
 48862
 49007
 49188
 49360
 49478
 49628
 49814
 50018
 50217
 50443
 50681
 50884
 51092
 51267
 51428
 51595
 51755
 51908
 52017
 52126
 52235
 52344
 52453
 52562
 52671
 52780
 52889
 53042
 53199
 53392
 53620
 53837
 53992
 65775
 70736
 70736
 70740
 70729
 70746
 70750
 70735
 70732
 70737
 70742
 70736
 70744
 70735
 70742
 70753
 70759
 70762
 70779
 70792
 70801
 70808
 70818
 70824
 70832
 70839
 70848
 70847
 70862
 70851
 70843
 70838
 70830
 70821
 70810
 70806
 70798
 70793
 70782
 70782
 70782
 70781
 70782
 70777
 70775
 70792
 70784
 70776
 70783
 70775
     0
