So, 16.02.25    10:52:12
650 Eltz-3
3		
48.280
0.000
0.000


 14135
 14175
 14219
 14259
 14321
 14383
 14451
 14514
 14577
 14645
 14690
 14740
 14800
 14864
 14918
 14982
 15051
 15122
 15177
 15246
 15329
 15408
 15512
 15593
 15690
 15754
 15825
 15901
 15997
 16071
 16157
 16236
 16313
 16403
 16493
 16566
 16654
 16740
 16856
 16958
 17068
 17199
 17306
 17414
 17516
 17613
 17718
 17821
 17938
 18046
 18154
 18274
 18384
 18503
 18617
 18744
 18879
 19025
 19160
 19275
 19372
 19481
 19590
 19716
 19838
 19965
 20081
 20218
 20336
 20475
 20613
 20750
 20887
 21027
 21153
 21271
 21388
 21516
 21655
 21798
 21945
 22084
 22248
 22397
 22545
 22696
 22841
 23005
 23146
 23278
 23403
 23555
 23699
 23854
 23998
 24133
 24272
 24453
 24611
 24777
 24937
 25079
 25236
 25375
 25531
 25677
 25838
 25991
 26152
 26309
 26471
 26645
 26819
 26982
 27133
 27289
 27441
 27606
 27746
 27933
 28103
 28259
 28450
 28636
 28807
 28971
 29138
 29300
 29451
 29611
 29779
 29966
 30117
 30303
 30476
 30680
 30852
 31013
 31184
 31326
 31465
 31639
 31813
 31981
 32179
 32352
 32547
 32736
 32923
 33101
 33260
 33418
 33593
 33759
 33939
 34123
 34302
 34487
 34668
 34863
 35069
 35253
 35431
 35594
 35766
 35937
 36117
 36287
 36454
 36636
 36841
 37040
 37239
 37422
 37603
 37771
 37930
 38112
 38287
 38481
 38678
 38866
 39057
 39243
 39424
 39596
 39764
 39939
 40134
 40326
 40494
 40692
 40903
 41107
 41291
 41469
 41649
 41829
 42013
 42191
 42386
 42568
 42757
 42948
 43140
 43334
 43515
 43691
 43878
 44061
 44238
 44426
 44616
 44807
 45026
 45240
 45431
 45626
 45807
 45998
 46178
 46357
 46539
 46716
 46905
 47080
 47273
 47459
 47626
 47789
 47967
 48141
 48307
 48463
 48639
 48804
 48984
 49163
 49332
 49505
 49676
 49845
 50003
 50186
 50344
 50485
 50641
 50795
 50950
 51108
 51262
 51404
 51560
 51697
 51854
 52015
 52156
 52296
 52442
 52577
 52728
 52863
 53007
 53154
 53287
 53418
 53562
 53690
 53803
 53931
 54059
 54172
 54300
 54421
 54547
 54687
 54803
 54915
 55044
 55165
 55285
 55383
 55502
 55618
 55734
 55851
 55946
 54915
 48766
 48398
 48808
 52760
 56562
 56677
 56778
 56898
 56977
 57069
 57168
 57246
 57334
 57426
 57532
 57623
 57717
 57811
 57944
 58085
 58135
 58181
 58282
 58369
 58452
 58528
 58604
 58665
 58688
 58766
 58844
 58924
 58999
 59067
 59141
 59217
 59283
 59351
 59426
 59487
 59542
 59615
 59682
 59757
 59846
 59916
 59983
 60046
 60111
 60174
 60243
 60304
 60362
 60410
 60466
 60530
 60567
 60628
 60672
 60731
 60772
 60840
 60894
 60965
 61029
 61097
 61154
 61224
 61248
 61291
 61328
 61367
