So, 16.02.25    11:03:10
115 Yamah-3
3		
48.280
0.000
0.000


 13744
 13744
 13745
 13760
 13774
 13776
 13800
 13821
 13861
 13876
 13889
 13939
 13956
 13997
 14094
 14120
 14190
 14247
 14302
 14355
 14424
 14495
 14556
 14619
 14661
 14708
 14745
 14807
 14885
 14948
 15025
 15112
 15167
 15196
 15313
 15383
 15490
 15577
 15645
 15743
 15856
 15957
 16037
 16094
 16183
 16283
 16385
 16462
 16562
 16667
 16766
 16862
 16945
 17060
 17181
 17292
 17383
 17490
 17605
 17723
 17853
 17960
 18083
 18198
 18308
 18426
 18571
 18697
 18825
 18938
 19051
 19170
 19297
 19465
 19598
 19723
 19851
 19966
 20080
 20197
 20325
 20470
 20598
 20737
 20859
 21013
 21174
 21302
 21434
 21567
 21698
 21848
 21990
 22134
 22264
 22415
 22567
 22705
 22851
 23039
 23212
 23355
 23481
 23631
 23756
 23900
 24058
 24209
 24367
 24543
 24715
 24864
 25048
 25206
 25359
 25492
 25648
 25808
 25945
 26095
 26240
 26402
 26561
 26738
 26931
 27117
 27286
 27426
 27587
 27734
 27883
 28039
 28203
 28359
 28541
 28748
 28902
 29089
 29250
 29410
 29577
 29732
 29896
 30055
 30227
 30394
 30568
 30746
 30940
 31140
 31327
 31484
 31650
 31808
 31985
 32152
 32318
 32494
 32676
 32849
 33021
 33214
 33387
 33576
 33745
 33914
 34081
 34248
 34409
 34579
 34758
 34933
 35131
 35331
 35537
 35739
 35912
 36071
 36237
 36385
 36549
 36731
 36910
 37116
 37308
 37502
 37692
 37875
 38053
 38214
 38389
 38558
 38731
 38921
 39091
 39292
 39465
 39668
 39897
 40103
 40274
 40437
 40623
 40795
 40957
 41127
 41304
 41493
 41688
 41883
 42089
 42282
 42472
 42650
 42819
 42995
 43164
 43331
 43527
 43724
 43922
 44128
 44353
 44560
 44747
 44936
 45122
 45293
 45460
 45652
 45835
 46021
 46208
 46382
 46595
 46804
 46979
 47186
 47372
 47553
 47737
 47911
 48066
 48208
 48338
 48494
 48658
 48818
 48986
 49127
 49285
 49442
 49625
 49782
 49989
 50188
 50430
 50658
 50862
 51953
 70202
 69682
 51604
 51657
 51809
 52055
 67420
 70211
 70212
 70164
 70209
 70212
 58174
 53053
 53199
 53220
 53340
 53482
 53651
 53865
 54068
 54246
 54479
 54700
 54957
 55242
 68268
 70688
 70711
 70724
 70732
 70732
 70737
 70731
 70720
 70712
 70714
 70701
 55589
 48006
 48034
 48067
 48091
 48102
 48102
 67148
 70193
 70071
 69993
 69962
 69949
 69950
 70026
 70099
 70219
 70467
 70543
 70513
 70645
 70713
 70640
 70578
 70506
 70366
 70206
 70158
 70081
 70049
 70055
 69982
 69900
 69798
 69719
 69680
 69633
 69609
 69585
 69556
 69519
 69489
 69455
 69446
 69436
 69428
 69435
 69434
 69428
 69424
 69423
 69427
 69434
 69424
 69422
 69426
 69422
