So, 16.02.25    10:31:09
23 Osazee-1
1		
48.280
0.000
0.000


  7218
  7293
  7374
  7501
  7629
  7753
  7898
  8020
  8125
  8265
  8376
  8483
  8599
  8722
  8809
  8897
  9015
  9140
  9246
  9358
  9510
  9650
  9773
  9894
 10032
 10146
 10268
 10379
 10508
 10620
 10733
 10841
 10977
 11104
 11230
 11361
 11513
 11695
 11851
 11993
 12135
 12284
 12434
 12561
 12684
 12820
 12970
 13099
 13276
 13422
 13584
 13750
 13920
 14071
 14203
 14357
 14509
 14641
 14774
 14928
 15098
 15245
 15408
 15584
 15760
 15915
 16101
 16239
 16400
 16531
 16701
 16845
 17002
 17168
 17329
 17496
 17663
 17831
 18018
 18190
 18380
 18552
 18715
 18889
 19043
 19198
 19361
 19541
 19711
 19874
 20083
 20269
 20446
 20629
 20800
 20954
 21123
 21281
 21432
 21608
 21793
 21966
 22154
 22329
 22529
 22708
 22895
 23070
 23247
 23411
 23594
 23768
 23942
 24115
 24297
 24489
 24683
 24890
 25096
 25286
 25469
 25652
 25826
 25987
 26157
 26333
 26503
 26693
 26892
 27073
 27278
 27473
 27678
 27856
 28032
 28210
 28389
 28573
 28756
 28942
 29128
 29342
 29535
 29751
 29947
 30157
 30342
 30525
 30711
 30894
 31071
 31255
 31429
 31618
 31818
 32029
 32224
 32428
 32629
 32810
 33004
 33179
 33371
 33567
 33757
 33938
 34136
 34328
 34535
 34748
 34956
 35176
 35371
 35551
 35739
 35916
 36106
 36281
 36475
 36668
 36864
 37065
 37261
 37462
 37654
 37838
 38040
 38227
 38409
 38588
 38785
 38980
 39184
 39393
 39590
 39823
 40018
 40226
 40406
 40589
 40774
 40956
 41148
 41339
 41525
 41752
 41940
 42157
 42362
 42541
 42736
 42911
 43104
 43289
 43486
 43697
 43906
 44112
 44312
 44522
 44713
 44912
 45103
 45294
 45476
 45676
 45879
 46074
 46268
 46443
 46629
 46811
 47002
 47202
 47384
 47578
 47770
 47944
 48130
 48321
 48504
 48696
 48838
 48987
 49167
 49327
 49480
 49661
 49827
 49977
 50127
 50370
 50591
 50777
 50972
 51163
 51356
 51506
 51685
 51825
 51976
 52070
 52118
 52217
 52333
 52477
 52631
 52785
 52955
 53128
 53346
 53599
 53786
 62338
 70805
 70816
 70823
 70822
 70838
 70842
 70837
 70831
 70819
 70817
 70813
 70808
 70780
 70768
 70752
 70748
 70751
 70737
 70752
 70740
 70727
 70729
 70718
 70713
 70715
 70711
 70702
 70704
 70706
 70692
 70688
 70697
 70685
 70681
 70676
 70675
 70683
 70689
 70682
 70680
 70681
 70681
 70675
 70678
 70675
 70668
 70688
 70679
 70676
