So, 16.02.25    10:03:09
355 Karsten-1
1		
48.280
0.000
0.000


  6597
  6588
  6596
  6613
  6608
  6615
  6635
  6634
  6625
  6641
  6651
  6638
  6666
  6668
  6661
  6672
  6672
  6683
  6692
  6698
  6725
  6730
  6741
  6762
  6789
  6775
  6773
  6779
  6767
  6766
  6763
  6748
  6768
  6745
  6731
  6724
  6714
  6705
  6692
  6708
  6711
  6728
  6773
  6847
  6981
  7862
  8854
  7766
  7798
  7422
  7056
  7076
  6685
  6203
  5831
  5502
  5248
  5036
  4883
  4770
  4760
  4783
  4800
  4831
  4869
  4906
  4929
  4986
  5105
  5238
  5400
  5591
  5768
  5960
  6201
  6408
  6624
  6911
  7136
  7106
  7033
  7075
  7077
  7088
  7132
  7190
  7024
  6941
  6907
  6897
  6872
  6868
  6888
  6916
  6932
  6919
  6916
  6936
  6966
  6964
  6973
  6997
  7018
  7062
  7051
  7085
  7180
  7334
  7440
  7392
  7538
  7490
  7502
  7454
 31933
 47898
 47886
 47782
 70691
 70690
 70679
 70796
 75310
 72804
 73119
 73532
 74067
 73687
 75050
 75444
 75562
 75679
 75818
 76569
 76822
 76401
 76458
 76549
 76672
 79382
 80139
 80149
 80139
 80128
 80098
 80023
 80112
 80552
 80467
 80455
 80549
 80777
 80958
 81145
 81263
 81323
 81244
 81183
 81236
 81225
 81184
 81170
 81179
 81125
 81077
 81050
 80992
 80968
