So, 16.02.25    10:44:59
729 Limberg-2
2		
48.280
0.000
0.000


 13164
 13288
 13393
 13491
 13579
 13655
 13758
 13847
 13940
 14055
 14152
 14265
 14358
 14465
 14567
 14675
 14775
 14917
 15048
 15157
 15257
 15361
 15465
 15568
 15676
 15782
 15880
 15992
 16121
 16221
 16322
 16445
 16575
 16710
 16844
 16980
 17109
 17231
 17368
 17488
 17612
 17730
 17876
 18005
 18129
 18263
 18398
 18537
 18677
 18822
 18973
 19126
 19272
 19405
 19535
 19670
 19794
 19928
 20085
 20216
 20362
 20497
 20653
 20789
 20934
 21074
 21222
 21381
 21517
 21680
 21821
 21978
 22127
 22294
 22442
 22581
 22698
 22851
 23011
 23173
 23341
 23507
 23656
 23817
 23958
 24111
 24261
 24421
 24574
 24723
 24892
 25032
 25187
 25338
 25493
 25651
 25813
 25979
 26140
 26290
 26422
 26572
 26737
 26904
 27076
 27230
 27435
 27600
 27756
 27915
 28064
 28225
 28373
 28554
 28726
 28896
 29062
 29230
 29379
 29555
 29719
 29889
 30061
 30236
 30401
 30553
 30712
 30879
 31044
 31206
 31371
 31533
 31722
 31890
 32080
 32262
 32449
 32605
 32770
 32929
 33092
 33255
 33449
 33624
 33798
 33956
 34113
 34289
 34466
 34636
 34800
 34971
 35147
 35340
 35507
 35680
 35839
 36036
 36214
 36374
 36560
 36752
 36938
 37114
 37277
 37448
 37613
 37796
 37969
 38164
 38325
 38507
 38694
 38855
 39044
 39224
 39409
 39592
 39757
 39941
 40112
 40307
 40476
 40662
 40840
 41021
 41214
 41406
 41598
 41789
 41967
 42132
 42305
 42472
 42658
 42827
 43002
 43190
 43393
 43570
 43736
 43938
 44129
 44299
 44484
 44673
 44850
 45032
 45222
 45406
 45585
 45765
 45960
 46169
 46361
 46562
 46761
 46940
 47123
 47301
 47474
 47656
 47828
 47992
 48152
 48317
 48470
 48666
 48859
 49036
 49205
 49357
 49517
 49690
 49868
 50064
 49995
 50058
 50304
 50555
 50758
 51021
 51305
 51495
 51631
 51782
 51931
 52072
 52210
 52352
 52467
 52579
 52694
 52797
 52937
 53068
 53218
 53405
 53565
 53813
 65374
 70846
 70832
 70836
 70824
 70837
 70838
 70819
 70832
 70829
 70830
 70826
 70833
 70819
 70834
 70830
 70814
 70831
 70817
 70808
 70815
 70821
 70807
 70815
 70819
 70816
 70827
 70821
 70813
 70820
 70826
 70823
 70822
 70814
 70826
 70816
 70815
 70811
 70817
 70826
 70824
 70808
 70821
 70831
 70826
 70816
 70821
 70825
 70823
 70822
