So, 16.02.25    11:36:42
448 Schulze-6
6		
48.280
0.000
0.000


  2564
  2587
  2611
  2652
  2686
  2755
  2813
  2846
  2879
  2929
  3003
  3092
  3176
  3250
  3358
  3442
  3516
  3597
  3676
  3738
  3802
  3879
  3982
  4061
  4160
  4191
  4303
  4388
  4491
  4583
  4676
  4782
  4880
  4968
  5073
  5157
  5255
  5331
  5435
  5529
  5625
  5737
  5852
  5966
  6076
  6190
  6269
  6349
  6469
  6593
  6716
  6822
  6951
  7096
  7233
  7328
  7452
  7561
  7719
  7862
  8019
  8196
  8356
  8511
  8653
  8771
  8899
  9024
  9130
  9281
  9403
  9573
  9737
  9888
  9985
 10082
 10165
 10327
 10457
 10590
 10751
 10902
 11037
 11197
 11337
 11474
 11645
 11800
 11972
 12123
 12290
 12441
 12591
 12736
 12893
 13037
 13197
 13343
 13513
 13701
 13857
 14027
 14216
 14387
 14541
 14707
 14867
 15027
 15200
 15342
 15496
 15649
 15818
 15976
 16146
 16311
 16465
 16636
 16798
 16967
 17117
 17282
 17432
 17583
 17754
 17934
 18097
 18282
 18470
 18658
 18833
 19022
 19204
 19354
 19515
 19690
 19857
 20035
 20228
 20379
 20579
 20753
 20919
 21085
 21240
 21401
 21579
 21758
 21934
 22116
 22300
 22453
 22651
 22828
 23031
 23190
 23377
 23567
 23740
 23909
 24079
 24267
 24460
 24654
 24844
 25024
 25206
 25395
 25579
 25752
 25920
 26100
 26274
 26442
 26621
 26795
 26975
 27172
 27355
 27552
 27738
 27942
 28145
 28329
 28516
 28713
 28902
 29096
 29283
 29460
 29645
 29838
 30035
 30246
 30427
 30603
 30803
 30963
 31134
 31300
 31457
 31653
 31862
 32065
 32268
 32477
 32684
 32875
 33043
 33219
 33396
 33588
 33775
 33967
 34150
 34339
 34534
 34740
 34935
 35135
 35333
 35501
 35695
 35881
 36072
 36253
 36448
 36634
 36858
 37046
 37244
 37463
 37644
 37817
 37996
 38169
 38350
 38541
 38740
 38940
 39137
 39332
 39540
 39731
 39914
 40104
 40290
 40475
 40672
 40859
 41052
 41254
 41453
 41666
 41884
 42087
 42287
 42467
 42654
 42840
 43035
 43234
 43430
 43642
 43839
 44053
 44248
 44439
 44635
 44829
 45029
 45237
 45418
 45623
 45827
 46043
 46260
 46468
 46685
 46885
 47073
 47286
 47480
 47642
 47811
 47990
 48151
 48313
 48476
 48654
 48842
 49043
 49254
 49313
 49406
 49872
 50061
 50237
 50268
 50382
 53897
 70775
 70767
 70760
 70766
 70765
 70774
 70763
 70767
 70757
 53957
 52409
 52521
 52631
 52738
 52879
 53027
 53165
 53350
 53554
 53728
 53932
 54846
 70797
 70771
 70778
 70787
 70779
 70772
 70784
 70780
 70782
 70785
 70791
 70772
 70777
 70774
 70783
 70772
 70788
 70783
 70775
 70768
 70774
 70776
 70774
 70772
 70777
 70772
 70783
 70772
 70781
 70780
 70803
 70820
 70820
 70842
 70857
 70873
 70892
 70926
 70927
 70935
 70940
 70935
 70919
 70906
 70923
 70911
 70919
 70926
 70926
 70924
