So, 16.02.25    11:31:23
650 Eltz-6
6		
48.280
0.000
0.000


 14012
 14032
 14058
 14099
 14132
 14158
 14234
 14272
 14339
 14406
 14458
 14531
 14580
 14657
 14720
 14761
 14832
 14875
 14941
 15008
 15086
 15154
 15225
 15291
 15373
 15453
 15569
 15659
 15734
 15828
 15912
 15997
 16085
 16174
 16247
 16320
 16407
 16490
 16594
 16679
 16767
 16857
 16962
 17075
 17201
 17314
 17431
 17535
 17645
 17737
 17856
 17951
 18060
 18194
 18294
 18423
 18548
 18669
 18782
 18925
 19066
 19209
 19332
 19452
 19567
 19695
 19811
 19936
 20053
 20185
 20305
 20415
 20546
 20691
 20821
 20952
 21119
 21238
 21368
 21499
 21632
 21762
 21893
 22044
 22190
 22334
 22467
 22622
 22777
 22941
 23113
 23251
 23388
 23528
 23692
 23848
 23977
 24124
 24255
 24423
 24578
 24742
 24909
 25079
 25241
 25389
 25533
 25685
 25826
 25975
 26141
 26303
 26445
 26611
 26771
 26955
 27141
 27305
 27458
 27624
 27776
 27921
 28097
 28251
 28423
 28575
 28751
 28955
 29140
 29309
 29469
 29637
 29781
 29953
 30124
 30283
 30454
 30629
 30810
 30977
 31163
 31344
 31498
 31666
 31830
 31999
 32171
 32334
 32511
 32686
 32857
 33050
 33254
 33428
 33618
 33789
 33958
 34128
 34291
 34470
 34638
 34824
 35021
 35214
 35401
 35587
 35784
 35947
 36110
 36281
 36445
 36617
 36796
 36981
 37174
 37373
 37579
 37771
 37952
 38131
 38302
 38467
 38661
 38840
 39027
 39213
 39392
 39587
 39797
 39988
 40185
 40371
 40547
 40728
 40900
 41084
 41259
 41442
 41620
 41827
 42045
 42243
 42439
 42613
 42784
 42980
 43162
 43340
 43534
 43734
 43929
 44121
 44312
 44505
 44687
 44876
 45064
 45267
 45429
 45614
 45805
 45990
 46192
 46381
 46591
 46781
 46974
 47171
 47364
 47528
 47705
 47852
 48033
 48213
 48372
 48530
 48670
 48840
 49021
 49244
 49420
 49507
 49096
 52934
 70407
 50770
 50655
     0
     0
  9777
  9792
  9854
  9847
  9859
  9863
  9847
  9736
  9680
  9758
  9780
  9776
  9742
  9748
  9746
  9741
  9736
  9716
  9713
  9708
  9712
  9716
  9698
  9703
  9692
  9674
  9667
  9658
  9643
  9632
  9620
  9601
  9588
  9578
  9563
  9556
  9536
  9516
  9510
  9494
  9485
  9480
  9464
  9451
  9436
  9429
  9420
  9416
  9413
  9402
  9399
  9393
  9389
  9380
  9384
  9388
  9383
  9383
  9386
  9384
  9373
  9371
  9368
  9368
  9350
  9357
  9346
  9353
  9344
  9342
  9341
  9330
  9323
  9314
  9313
  9304
  9317
  9317
  9296
  9302
  9314
  9304
  9303
  9297
  9283
  9281
  9288
  9268
  9290
  9272
  9280
  9297
  9293
  9272
  9295
  9279
  9275
  9275
  9263
  9236
  9260
  9247
  9225
  9222
  9219
  9229
  9227
  9219
  9214
  9194
  9201
  9185
  9189
  9166
  9174
  9174
  9152
  9176
  9155
  9150
  9153
  9111
  9088
  9072
  9060
  9050
  9025
  9009
  8998
  8978
  8975
  8965
  8957
  8952
  8946
  8934
  8916
  8906
  8898
  8886
  8877
  8867
  8857
  8855
  8853
  8868
  8858
  8864
  8846
  8822
  8840
  8842
  8850
  8863
  8855
  8750
  9089
  8929
  8842
  8787
  8760
  8685
  8785
 30904
 74605
 75612
 76150
 75986
 76225
     0
 80071
 80170
 80601
 81072
 80906
 80500
 80175
 79714
 79367
 78939
 78609
 78246
 77939
 77649
 77346
 77072
 76780
 76495
 76238
 76062
 75887
 75709
 75527
 75390
 75276
 75206
 75149
 75125
 75075
 75088
 75107
 75120
 75192
 75236
 75260
 75311
 75327
 75359
 75374
 75413
 75405
 75476
 75445
 75457
