So, 16.02.25    10:20:11
448 Schulze-1
1		
48.280
0.000
0.000


  3577
  3600
  3613
  3629
  3654
  3676
  3700
  3709
  3722
  3751
  3781
  3798
  3809
  3841
  3855
  3862
  3948
  3997
  4017
  4028
  4085
  4142
  4232
  4316
  4378
  4453
  4536
  4626
  4688
  4758
  4807
  4857
  4954
  5011
  5092
  5150
  5247
  5355
  5443
  5530
  5624
  5718
  5808
  5912
  5998
  6065
  6169
  6226
  6322
  6406
  6481
  6593
  6693
  6832
  6927
  7023
  7183
  7321
  7447
  7567
  7674
  7788
  7901
  8025
  8124
  8255
  8391
  8534
  8663
  8818
  8964
  9114
  9221
  9359
  9476
  9601
  9716
  9857
  9986
 10138
 10228
 10354
 10511
 10662
 10811
 10958
 11108
 11241
 11378
 11520
 11654
 11794
 11947
 12107
 12278
 12439
 12610
 12770
 12907
 13049
 13186
 13344
 13492
 13647
 13788
 13959
 14105
 14284
 14452
 14625
 14803
 14974
 15139
 15297
 15448
 15601
 15769
 15931
 16102
 16260
 16411
 16586
 16748
 16925
 17091
 17237
 17414
 17576
 17724
 17909
 18083
 18230
 18419
 18608
 18805
 18988
 19175
 19346
 19513
 19683
 19841
 20024
 20189
 20380
 20536
 20710
 20896
 21060
 21252
 21408
 21576
 21751
 21928
 22107
 22287
 22476
 22651
 22824
 23006
 23204
 23391
 23592
 23766
 23937
 24117
 24297
 24481
 24663
 24841
 25034
 25229
 25426
 25607
 25795
 25964
 26130
 26294
 26465
 26650
 26838
 27022
 27216
 27407
 27616
 27815
 28022
 28188
 28379
 28575
 28759
 28940
 29123
 29322
 29500
 29698
 29903
 30099
 30296
 30458
 30637
 30807
 30985
 31164
 31338
 31543
 31736
 31937
 32160
 32375
 32566
 32758
 32933
 33123
 33311
 33496
 33692
 33897
 34097
 34301
 34497
 34697
 34884
 35077
 35272
 35446
 35627
 35823
 36017
 36205
 36407
 36602
 36821
 37024
 37221
 37411
 37594
 37783
 37963
 38151
 38366
 38566
 38772
 38983
 39181
 39378
 39562
 39752
 39952
 40137
 40347
 40539
 40737
 40937
 41148
 41364
 41567
 41768
 41966
 42169
 42358
 42545
 42756
 42946
 43161
 43353
 43566
 43790
 43994
 44174
 44365
 44555
 44745
 44949
 45146
 45357
 45545
 45766
 45987
 46219
 46411
 46629
 46828
 47038
 47249
 47422
 47600
 47766
 47929
 48106
 48293
 48440
 48634
 48825
 49023
 49237
 49136
 49242
 49811
 50029
 50198
 50372
 50543
 50713
 50869
 51025
 51174
 51326
 51477
 51629
 51763
 51919
 52051
 52168
 52313
 52454
 52605
 52775
 52953
 53099
 53291
 53477
 53688
 53977
 68263
 70821
 70821
 70829
 70816
 70814
 70816
 70819
 70820
 70817
 70813
 70825
 70811
 70819
 70813
 70812
 70807
 70785
 70784
 70777
 70786
 70775
 70773
 70771
 70769
 70772
 70761
 70770
 70767
 70768
 70755
 70754
 70753
 70763
 70756
 70740
 70749
 70755
 70753
 70753
 70749
 70749
 70755
 70757
 70741
 30127
 30046
 30036
 29967
 29872
 29867
 29881
 29922
 29970
 29990
 29999
 30007
 30009
 30021
 30048
 30058
 30080
 30108
 30137
 30153
 30182
 30221
 30236
 30263
 30254
 30230
 58293
 70757
 70751
 70754
 70759
 70755
 70753
 70755
 70751
 70758
 70759
 70753
 70759
 70760
 70761
 70748
 70763
 70766
 70758
 70750
 70761
 70754
 70750
 70757
 70752
 70770
 70755
 70758
 70767
 70768
 70760
 70770
 70764
 70758
 70776
 67501
 57350
 57272
 57215
 57178
 57288
 58001
 58108
 57867
 57661
 57554
 57538
 57593
 57853
 58177
 58299
 58371
 58431
 58463
 58468
 58399
 58352
 58291
 58242
 58213
 58178
 58152
 58143
 58178
 58190
 58213
 58232
 58222
 58196
 58190
 58127
 57982
 57816
 57808
 58004
 58193
 58326
 58399
 58408
 58414
 58461
 58526
 58610
 58263
 57722
 57719
 62486
 70749
 70759
 70744
 70751
 70735
 70747
 70755
 70737
 70744
 70748
 70748
 70750
 70748
 70761
 70752
 70768
 70762
 70753
 70756
 70748
 70753
 70746
 70750
 70761
 70751
 70751
 70747
 70749
 70756
 70752
 70759
 70759
 70754
 70761
 70759
 70749
 70759
 70754
 70754
 70758
 70754
 70756
 70758
 70757
 70759
 70752
 70764
 70760
 70761
