So, 16.02.25    10:41:36
185 Maurer-2
2		
48.280
0.000
0.000


  4664
  4701
  4714
  4740
  4751
  4778
  4813
  4855
  4891
  4941
  4979
  5033
  5051
  5079
  5122
  5157
  5185
  5219
  5249
  5290
  5317
  5352
  5406
  5446
  5504
  5574
  5668
  5734
  5795
  5870
  5954
  6022
  6086
  6174
  6268
  6352
  6455
  6524
  6595
  6682
  6773
  6853
  6915
  6976
  7052
  7130
  7232
  7349
  7461
  7566
  7705
  7811
  7914
  8005
  8078
  8156
  8276
  8381
  8505
  8611
  8722
  8832
  8955
  9069
  9178
  9301
  9443
  9557
  9666
  9797
  9906
 10017
 10154
 10269
 10374
 10493
 10628
 10740
 10859
 10983
 11068
 11181
 11296
 11405
 11523
 11670
 11827
 11964
 12090
 12227
 12369
 12502
 12635
 12768
 12903
 13024
 13154
 13288
 13427
 13560
 13699
 13842
 13981
 14131
 14294
 14443
 14603
 14746
 14862
 15012
 15148
 15299
 15427
 15571
 15693
 15846
 15980
 16108
 16238
 16359
 16504
 16669
 16824
 16999
 17151
 17285
 17434
 17574
 17703
 17831
 17970
 18123
 18265
 18422
 18586
 18753
 18919
 19086
 19242
 19417
 19585
 19751
 19901
 20042
 20184
 20321
 20469
 20620
 20772
 20906
 21071
 21201
 21354
 21523
 21717
 21898
 22085
 22258
 22411
 22566
 22717
 22866
 23006
 23151
 23296
 23451
 23642
 23810
 23986
 24162
 24343
 24527
 24698
 24869
 25027
 25206
 25355
 25516
 25679
 25831
 25995
 26163
 26334
 26507
 26706
 26913
 27079
 27253
 27403
 27571
 27731
 27881
 28038
 28212
 28387
 28576
 28754
 28945
 29142
 29320
 29503
 29675
 29853
 30023
 30198
 30371
 30529
 30702
 30890
 31073
 31265
 31462
 31667
 31857
 32038
 32215
 32379
 32545
 32721
 32881
 33062
 33248
 33437
 33631
 33833
 34036
 34227
 34420
 34597
 34777
 34972
 35155
 35338
 35511
 35709
 35890
 36095
 36298
 36487
 36687
 36880
 37059
 37242
 37419
 37591
 37761
 37933
 38127
 38313
 38516
 38723
 38926
 39141
 39340
 39528
 39718
 39903
 40104
 40287
 40488
 40684
 40887
 41084
 41279
 41463
 41693
 41890
 42085
 42256
 42437
 42608
 42774
 42958
 43136
 43328
 43526
 43728
 43943
 44157
 44355
 44549
 44736
 44937
 45131
 45318
 45504
 45696
 45879
 46074
 46273
 46482
 46689
 46917
 47117
 47303
 47482
 47666
 47841
 48012
 48188
 48372
 48572
 48767
 48945
 49117
 49293
 49483
 49689
 49880
 49785
 49961
 50422
 50687
 50786
 50987
 51175
 51321
 51476
 51621
 51769
 51915
 52046
 52201
 52351
 52500
 52661
 52811
 52964
 53120
 53283
 53477
 53689
 53935
 54168
 54407
 54604
 49494
 48034
 47876
 47889
 47848
 67015
 70748
 70744
 70740
 70737
 70727
 70750
 70733
 70749
 70748
 70749
 70752
 70775
 70792
 70802
 70838
 70865
 70871
 70898
 70909
 70916
 70912
 70909
 70896
 70871
 70862
 70862
 70860
 70860
 70862
 70859
 70855
 70853
 70852
 70849
 70853
 70855
 70839
 70833
 70828
 70842
 70836
 70833
 70821
 70834
 70822
 70840
 70841
 70834
 70841
