So, 16.02.25    11:00:29
215 Ziegler-3
3		
48.280
0.000
0.000


  6834
  6881
  6934
  6990
  7067
  7106
  7170
  7226
  7257
  7300
  7354
  7413
  7472
  7545
  7600
  7677
  7783
  7860
  7936
  8032
  8122
  8202
  8273
  8336
  8405
  8470
  8558
  8636
  8747
  8825
  8914
  9005
  9089
  9194
  9253
  9365
  9480
  9600
  9700
  9811
  9907
 10021
 10121
 10208
 10304
 10377
 10463
 10588
 10719
 10831
 10928
 11032
 11140
 11225
 11357
 11492
 11624
 11730
 11853
 11971
 12076
 12174
 12305
 12397
 12509
 12629
 12759
 12895
 13019
 13131
 13267
 13421
 13572
 13701
 13835
 13979
 14106
 14235
 14355
 14469
 14604
 14720
 14870
 15017
 15179
 15310
 15423
 15581
 15713
 15871
 16028
 16134
 16251
 16364
 16501
 16619
 16763
 16906
 17057
 17207
 17366
 17524
 17688
 17828
 17989
 18127
 18268
 18417
 18547
 18681
 18819
 18965
 19090
 19260
 19429
 19606
 19776
 19909
 20082
 20242
 20397
 20545
 20690
 20835
 20973
 21137
 21273
 21417
 21583
 21744
 21914
 22099
 22291
 22447
 22605
 22749
 22884
 23029
 23173
 23328
 23478
 23653
 23824
 24014
 24190
 24366
 24539
 24715
 24884
 25039
 25197
 25357
 25518
 25682
 25851
 26002
 26183
 26352
 26542
 26722
 26892
 27046
 27213
 27375
 27529
 27681
 27838
 28020
 28189
 28383
 28570
 28762
 28950
 29135
 29307
 29464
 29637
 29810
 29985
 30157
 30335
 30489
 30681
 30882
 31063
 31248
 31424
 31589
 31764
 31927
 32083
 32256
 32439
 32619
 32796
 32995
 33192
 33373
 33561
 33750
 33933
 34104
 34279
 34451
 34637
 34807
 34981
 35171
 35376
 35565
 35766
 35962
 36133
 36306
 36466
 36632
 36810
 36980
 37177
 37371
 37559
 37755
 37952
 38139
 38311
 38499
 38670
 38859
 39032
 39221
 39397
 39604
 39806
 40010
 40214
 40368
 40540
 40723
 40885
 41065
 41255
 41448
 41648
 41853
 42060
 42253
 42434
 42604
 42779
 42957
 43141
 43328
 43524
 43724
 43919
 44125
 44326
 44516
 44700
 44883
 45053
 45243
 45413
 45619
 45822
 46003
 46204
 46395
 46599
 46802
 46984
 47184
 47358
 21352
  7326
  7212
  7191
  7192
  7181
  7164
  7162
  7146
  7137
  7131
  7118
  7132
  7150
  7145
  7121
  7081
  7006
  6935
  6874
  6853
  6783
  7327
 26925
 51626
 51729
 51824
 51938
 52053
 52206
 52347
 52496
 52657
 52836
 53009
 53148
 53315
 53552
 53839
 54211
 54397
 54519
 60714
 70845
 70835
 70839
 70840
 70836
 70835
 70835
 70831
 70832
 70833
 70833
 70845
 70832
 70836
 70830
 70836
 70840
 70827
 70835
 70838
 70824
 70836
 70829
 70833
 70836
 70831
 70834
 70830
 70839
 70830
 70836
 70831
 70834
 70832
 70840
 70834
 70832
 70829
 70836
 70836
 70832
 70839
 70845
 70837
 70835
 70845
 70836
 70840
 70844
