So, 16.02.25    11:15:34
355 Karsten-4
4		
48.280
0.000
0.000


 17140
 17198
 17271
 17314
 17410
 17500
 17558
 17641
 17717
 17821
 17918
 18014
 18115
 18197
 18308
 18440
 18544
 18649
 18725
 18835
 18922
 19008
 19115
 19210
 19314
 19413
 19503
 19597
 19695
 19798
 19916
 20005
 20118
 20240
 20337
 20449
 20549
 20656
 20779
 20885
 20985
 21107
 21208
 21336
 21452
 21574
 21713
 21850
 21957
 22073
 22193
 22319
 22455
 22574
 22702
 22828
 22944
 23081
 23209
 23339
 23475
 23615
 23753
 23897
 24037
 24164
 24298
 24426
 24566
 24702
 24837
 24983
 25141
 25288
 25445
 25597
 25756
 25906
 26046
 26181
 26319
 26448
 26576
 26737
 26887
 27038
 27184
 27348
 27499
 27669
 27814
 27982
 28139
 28283
 28423
 28590
 28751
 28904
 29052
 29199
 29355
 29520
 29686
 29882
 30058
 30251
 30405
 30568
 30710
 30857
 31019
 31172
 31322
 31486
 31661
 31823
 32006
 32169
 32368
 32530
 32697
 32856
 33019
 33172
 33335
 33498
 33679
 33842
 34018
 34196
 34385
 34579
 34761
 34949
 35111
 35282
 35452
 35609
 35794
 35967
 36138
 36310
 36486
 36676
 36864
 37053
 37248
 37433
 37605
 37776
 37948
 38128
 38294
 38458
 38628
 38812
 39004
 39206
 39412
 39615
 39812
 39993
 40169
 40343
 40501
 40683
 40858
 41043
 41239
 41414
 41608
 41811
 42010
 42208
 42380
 42568
 42737
 42918
 43088
 43271
 43450
 43635
 43838
 44033
 44232
 44445
 44643
 44843
 45008
 45180
 45332
 45520
 45734
 45923
 46126
 46303
 46487
 46701
 46900
 47081
 47274
 47450
 47620
 47792
 47965
 48134
 48311
 48514
 48729
 48912
 49092
 49218
 49365
 49513
 49653
 49805
 49977
 50108
 50210
 50494
 50679
 50877
 50962
 51115
 51316
 51485
 51645
 51816
 52000
 52192
 52348
 52499
 52638
 52796
 52971
 53159
 53374
 53577
 54357
 70834
 70833
 70826
 70830
 70829
 70835
 70834
 70831
 70830
 70837
 70837
 70852
 70840
 70853
 70860
 70870
 70884
 70906
 70906
 70914
 70926
 70925
 70932
 70937
 70934
 70931
 70899
 70888
 70880
 70882
 70884
 70879
 70861
 70855
 70858
 70854
 70850
 70850
 70850
 70839
 70839
 70855
 70854
 70850
 70853
 70847
 70848
 70851
 70847
 70856
