So, 16.02.25    11:36:01
310 Schade-6
6		
48.280
0.000
0.000


  9537
  9574
  9570
  9602
  9629
  9677
  9721
  9774
  9835
  9876
  9901
  9970
 10014
 10077
 10117
 10191
 10241
 10282
 10333
 10398
 10437
 10494
 10555
 10634
 10708
 10791
 10880
 10919
 10999
 11070
 11153
 11227
 11309
 11411
 11516
 11618
 11700
 11787
 11942
 12038
 12156
 12298
 12397
 12505
 12605
 12700
 12791
 12874
 12970
 13061
 13165
 13303
 13425
 13593
 13716
 13819
 13943
 14058
 14172
 14288
 14390
 14530
 14659
 14769
 14887
 15036
 15152
 15305
 15452
 15570
 15692
 15815
 15923
 16046
 16167
 16282
 16416
 16539
 16705
 16867
 17031
 17183
 17329
 17477
 17609
 17715
 17848
 17989
 18138
 18295
 18445
 18615
 18780
 18953
 19115
 19251
 19406
 19554
 19688
 19827
 19980
 20132
 20278
 20421
 20582
 20771
 20941
 21087
 21221
 21362
 21504
 21666
 21826
 22002
 22170
 22341
 22520
 22681
 22859
 23019
 23181
 23336
 23484
 23634
 23800
 23963
 24128
 24296
 24474
 24667
 24852
 25020
 25172
 25344
 25485
 25650
 25817
 25961
 26143
 26333
 26508
 26705
 26898
 27076
 27246
 27412
 27568
 27739
 27887
 28065
 28234
 28404
 28586
 28780
 29000
 29175
 29341
 29513
 29677
 29844
 30017
 30199
 30378
 30568
 30759
 30958
 31157
 31329
 31484
 31653
 31818
 31992
 32172
 32338
 32515
 32697
 32888
 33113
 33304
 33495
 33667
 33853
 34024
 34202
 34365
 34543
 34723
 34936
 35174
 35376
 35555
 35726
 35899
 36078
 36256
 36414
 36592
 36778
 36970
 37184
 37394
 37614
 37802
 37977
 38150
 38316
 38502
 38676
 38897
 39099
 39290
 39491
 39700
 39911
 40097
 40273
 40453
 40631
 40812
 40992
 41193
 41375
 41573
 41798
 42010
 42209
 42380
 42557
 42733
 42913
 43096
 43294
 43514
 43719
 43935
 44149
 44360
 44542
 44730
 44902
 45093
 45270
 45455
 45652
 45844
 46044
 46247
 46479
 46708
 46904
 47113
 47300
 47488
 47671
 47839
 47994
 48158
 48303
 48463
 48654
 48800
 48925
 49050
 49175
 49300
 49425
 49550
 49675
 49800
 49925
 50050
 50175
 50300
 50425
 50504
 58031
 70758
 70756
 70754
 70756
 70758
 70750
 67947
 52309
 52488
 52679
 53179
 53395
 53599
 53780
 53884
 53993
 54127
 54190
 54301
 68499
 70714
 70722
 70719
 70706
 70708
 70702
 70699
 70699
 70694
 70662
 69829
 68223
 67667
 67327
 67114
 66970
 66847
 66798
 66784
 66767
 66759
 66766
 66803
 66868
 66900
 67017
 67331
 67641
 67770
 67884
 68013
 68176
 68388
 68711
 69560
 70649
 70744
 70746
 70747
 70753
 70738
 70747
 70754
 70738
 70745
 70748
 70742
 70735
 70743
     0
