So, 16.02.25    10:21:44
154 Kremling-1
1		
48.280
0.000
0.000


 13584
 13645
 13722
 13816
 13890
 13945
 14022
 14084
 14161
 14219
 14309
 14394
 14468
 14558
 14642
 14717
 14804
 14903
 14994
 15106
 15204
 15281
 15358
 15434
 15516
 15621
 15704
 15806
 15887
 16008
 16100
 16206
 16307
 16432
 16540
 16624
 16734
 16850
 16973
 17074
 17197
 17310
 17423
 17533
 17647
 17785
 17923
 18067
 18199
 18317
 18438
 18521
 18635
 18753
 18880
 19024
 19163
 19265
 19405
 19548
 19700
 19857
 19989
 20119
 20241
 20354
 20489
 20613
 20741
 20870
 21018
 21162
 21312
 21436
 21600
 21755
 21932
 22081
 22220
 22372
 22512
 22653
 22778
 22911
 23055
 23195
 23339
 23489
 23647
 23804
 23982
 24148
 24301
 24451
 24572
 24715
 24862
 25014
 25153
 25316
 25484
 25660
 25835
 26004
 26181
 26338
 26504
 26648
 26810
 26970
 27125
 27274
 27441
 27597
 27761
 27935
 28100
 28279
 28459
 28626
 28795
 28961
 29114
 29267
 29425
 29589
 29763
 29949
 30132
 30322
 30483
 30684
 30846
 31024
 31181
 31339
 31492
 31655
 31824
 31990
 32168
 32357
 32540
 32721
 32904
 33073
 33228
 33381
 33560
 33729
 33891
 34076
 34256
 34439
 34624
 34813
 35010
 35201
 35390
 35554
 35732
 35900
 36067
 36231
 36393
 36567
 36756
 36959
 37166
 37367
 37541
 37719
 37876
 38056
 38224
 38396
 38583
 38778
 38972
 39167
 39348
 39561
 39743
 39928
 40116
 40300
 40468
 40644
 40817
 41000
 41193
 41374
 41575
 41778
 41982
 42171
 42357
 42534
 42705
 42884
 43073
 43250
 43434
 43616
 43818
 43998
 44194
 44388
 44564
 44764
 44943
 45138
 45315
 45479
 45659
 45844
 46034
 46210
 46400
 46595
 46797
 47006
 47197
 47384
 47567
 47738
 47901
 48060
 48232
 48381
 48565
 48740
 48847
 48926
 49200
 49436
 49667
 49877
 50020
 50163
 50314
 50527
 50696
 50849
 50980
 51112
 51245
 51390
 51514
 51620
 51725
 51830
 51984
 52139
 52316
 52471
 52590
 52747
 52931
 53099
 53273
 53435
 53623
 53971
 65936
 70804
 70799
 70812
 70801
 70809
 70806
 70801
 70810
 70818
 70813
 70811
 70806
 70808
 70802
 70810
 70813
 70817
 70811
 70807
 70815
 70813
 70802
 70812
 70804
 70813
 70798
 70797
 70804
 70814
 70797
 70803
 70811
 70794
 70801
 70803
 70802
 70785
 70784
 70760
 70760
 70730
 70685
 69003
 66914
 66234
 66150
 66643
 66931
 67171
