So, 16.02.25    10:38:26
602 Stütz-2
2		
48.280
0.000
0.000


 10153
 10163
 10165
 10185
 10199
 10205
 10226
 10238
 10237
 10245
 10228
 10236
 10263
 10267
 10279
 10355
 10404
 10456
 10505
 10549
 10592
 10591
 10651
 10710
 10760
 10801
 10844
 10887
 10920
 10946
 11008
 11080
 11166
 11220
 11286
 11336
 11402
 11477
 11535
 11607
 11667
 11729
 11794
 11872
 11984
 12085
 12209
 12299
 12376
 12486
 12589
 12670
 12754
 12829
 12908
 12996
 13101
 13198
 13315
 13439
 13532
 13619
 13701
 13800
 13887
 13971
 14091
 14198
 14361
 14481
 14565
 14647
 14784
 14866
 14989
 15101
 15230
 15354
 15492
 15600
 15710
 15812
 15903
 16021
 16125
 16219
 16354
 16486
 16623
 16749
 16887
 17010
 17134
 17260
 17369
 17494
 17601
 17731
 17860
 17996
 18134
 18241
 18378
 18514
 18654
 18812
 18958
 19094
 19245
 19370
 19489
 19610
 19742
 19873
 20005
 20141
 20306
 20455
 20599
 20745
 20889
 21009
 21151
 21284
 21410
 21549
 21703
 21860
 22009
 22141
 22284
 22455
 22626
 22786
 22948
 23084
 23227
 23365
 23518
 23656
 23817
 23970
 24124
 24292
 24470
 24618
 24778
 24929
 25082
 25237
 25372
 25515
 25689
 25850
 26029
 26179
 26338
 26505
 26653
 26829
 26979
 27121
 27273
 27437
 27627
 27813
 27955
 28127
 28305
 28499
 28671
 28844
 29009
 29157
 29315
 29468
 29644
 29800
 29992
 30150
 30338
 30493
 30684
 30854
 31022
 31182
 31343
 31491
 31656
 31839
 32012
 32201
 32384
 32584
 32752
 32931
 33093
 33253
 33414
 33589
 33758
 33940
 34115
 34282
 34450
 34661
 34852
 35033
 35215
 35384
 35551
 35720
 35891
 36065
 36245
 36431
 36627
 36824
 37021
 37196
 37373
 37540
 37712
 37880
 38060
 38237
 38414
 38597
 38781
 38984
 39164
 39354
 39518
 39672
 39859
 40056
 40245
 40434
 40625
 40817
 41006
 41207
 41382
 41545
 41716
 41892
 42079
 42270
 42466
 42642
 42810
 43012
 43212
 43372
 43570
 43747
 43931
 44118
 44315
 44490
 44700
 44907
 45108
 45300
 45473
 45646
 45816
 45996
 46149
 46327
 46512
 46687
 46879
 47065
 47235
 47415
 47596
 47776
 47942
 48116
 48281
 48465
 48663
 48834
 48967
 49093
 49239
 49394
 49581
 49756
 49920
 50098
 50254
 50368
 50600
 50888
 51222
 51440
 51592
 51674
 51668
 51714
 51812
 51943
 52080
 52225
 52378
 52520
 52642
 52793
 52964
 53135
 53288
 53454
 53769
 54045
 54208
 54361
 54431
 62813
 70772
 70763
 70764
 70770
 70772
 70775
 70772
 70770
 70773
 70769
 70781
 70785
 70776
 70779
 70781
 70782
 70788
 70780
 70780
 70790
 70803
 70799
 70809
 70802
 70810
 70820
 70839
 70852
 70867
 70902
 70918
 70943
 70949
 70956
 70971
 70971
 70973
 70971
 70970
 70966
 70956
 70936
 70946
 70942
 70942
 70952
 70945
 70945
 70929
