So, 16.02.25    11:11:07
513 Jäckel-4
4		
48.280
0.000
0.000


 10300
 10383
 10424
 10477
 10536
 10604
 10647
 10720
 10776
 10851
 10901
 10968
 11037
 11098
 11174
 11235
 11307
 11344
 11462
 11444
 11500
 11552
 11618
 11688
 11747
 11811
 11931
 12038
 12019
 12142
 12239
 12307
 12403
 12484
 12575
 12658
 12743
 12847
 12946
 13023
 13109
 13186
 13272
 13364
 13451
 13550
 13638
 13743
 13859
 13973
 14101
 14220
 14312
 14415
 14508
 14611
 14715
 14820
 14913
 15042
 15165
 15268
 15367
 15483
 15603
 15729
 15868
 16000
 16112
 16204
 16309
 16420
 16546
 16656
 16774
 16884
 17010
 17134
 17250
 17391
 17532
 17683
 17837
 17968
 18087
 18213
 18323
 18458
 18593
 18726
 18864
 19000
 19130
 19273
 19415
 19572
 19712
 19874
 20013
 20142
 20283
 20400
 20522
 20669
 20791
 20926
 21077
 21221
 21372
 21545
 21713
 21853
 22014
 22138
 22290
 22426
 22571
 22710
 22848
 22997
 23153
 23292
 23469
 23637
 23809
 23959
 24112
 24245
 24378
 24522
 24670
 24833
 24983
 25141
 25315
 25473
 25657
 25844
 25997
 26138
 26292
 26417
 26571
 26725
 26881
 27037
 27211
 27374
 27540
 27709
 27882
 28045
 28197
 28351
 28506
 28666
 28815
 28986
 29154
 29321
 29491
 29674
 29866
 30059
 30225
 30399
 30539
 30698
 30861
 31025
 31187
 31348
 31514
 31696
 31870
 32051
 32239
 32409
 32573
 32737
 32885
 33041
 33200
 33367
 33558
 33737
 33922
 34120
 34312
 34500
 34677
 34843
 35006
 35191
 35360
 35520
 35699
 35873
 36043
 36227
 36391
 36585
 36760
 36935
 37094
 37276
 37434
 37607
 37772
 37941
 38140
 38341
 38542
 38724
 38896
 39083
 39254
 39425
 39624
 39800
 39990
 40183
 40359
 40550
 40726
 40902
 41077
 41251
 41408
 41575
 41728
 41915
 42124
 42345
 42545
 42737
 42911
 43079
 43262
 43428
 43630
 43832
 44000
 44195
 44385
 44567
 44745
 44931
 45123
 45293
 45454
 45629
 45802
 45993
 46210
 46420
 46644
 46841
 47044
 47225
 47384
 47553
 47723
 47877
 48044
 48205
 48343
 48502
 48671
 48846
 53337
 70874
 63026
 48882
 56874
 70866
 70861
 70857
 70853
 70848
 70843
 67701
 50697
 50860
 50994
 51230
 51475
 51653
 51961
 52152
 52335
 52458
 52518
 52501
 52603
 52721
 52862
 53045
 53191
 53344
 53509
 53695
 53901
 54233
 54446
 54468
 70759
 70756
 70754
 70751
 70757
 70761
 70756
 70754
 70755
 70755
 70750
 70760
 70754
 70757
 70748
 70750
 70769
 70758
 70764
 70753
 70760
 70770
 70763
 70771
 70767
 70767
 70773
 70767
 70775
 70776
 70761
 70769
 70763
 70777
 70773
 70769
 70767
 70774
 70779
 70770
 70775
 70764
 70777
 70783
 68523
 56595
 56711
 57247
 56921
 56757
 56740
 56742
 56727
 56743
 56752
 56760
 56785
 56793
 56820
 56847
 56888
 56919
 56953
 56974
 57004
 57020
 57042
 57064
 57113
 57233
 57394
 57505
 57514
 57495
 57456
 57389
 57381
 57392
 57397
 57412
 57430
 57461
 57472
 57591
 57774
 57961
 58139
 58330
 58269
 57570
 66446
 70559
 70535
 70520
 70520
 70507
 70509
 70500
 70488
 70503
 70492
 70485
 70494
 70488
 70478
 70481
 70478
 70465
 60968
 57937
 58022
 58960
 58886
 58755
 58695
 58700
 58708
 58675
 58572
 58455
 58309
 58225
 58195
 58235
 58251
 58256
 58260
 58268
 58284
 58293
 58311
 58335
 58358
 58399
 58535
 58674
 58832
 58944
 58979
 58813
 58768
 64778
 70478
 70506
 71681
 72678
 72762
 72735
 72740
 72712
 72708
 72698
 72705
 72713
 72832
 73129
 73132
 72846
 72994
 73311
 73544
 73576
 73608
 73633
 73685
 73730
 73811
 73880
 73887
 73942
 74003
 74018
 74034
 73805
 73023
 73083
 73971
 74025
