So, 16.02.25    10:25:40
185 Maurer-1
1		
48.280
0.000
0.000


  6840
  6916
  6975
  7090
  7163
  7271
  7399
  7544
  7653
  7747
  7834
  7944
  8040
  8137
  8241
  8355
  8473
  8585
  8687
  8796
  8919
  9044
  9151
  9261
  9398
  9526
  9641
  9763
  9888
  9998
 10129
 10277
 10391
 10496
 10615
 10733
 10845
 10960
 11062
 11166
 11258
 11375
 11505
 11644
 11794
 11920
 12063
 12201
 12315
 12452
 12579
 12696
 12814
 12940
 13083
 13217
 13348
 13490
 13653
 13778
 13902
 14063
 14207
 14363
 14513
 14632
 14767
 14913
 15057
 15194
 15324
 15461
 15618
 15747
 15876
 16005
 16148
 16263
 16405
 16555
 16729
 16897
 17064
 17197
 17355
 17483
 17621
 17765
 17910
 18076
 18217
 18350
 18501
 18679
 18862
 19018
 19178
 19362
 19518
 19667
 19821
 19988
 20132
 20273
 20428
 20585
 20725
 20874
 21030
 21192
 21360
 21545
 21722
 21883
 22036
 22183
 22345
 22508
 22659
 22797
 22956
 23129
 23303
 23465
 23638
 23839
 24036
 24214
 24379
 24527
 24709
 24864
 25040
 25201
 25361
 25526
 25688
 25871
 26058
 26272
 26424
 26605
 26759
 26916
 27094
 27256
 27415
 27572
 27741
 27910
 28094
 28306
 28504
 28711
 28895
 29069
 29243
 29404
 29576
 29742
 29921
 30097
 30281
 30465
 30658
 30837
 31062
 31241
 31408
 31576
 31745
 31917
 32093
 32275
 32449
 32640
 32834
 33031
 33235
 33425
 33634
 33829
 34013
 34181
 34349
 34544
 34739
 34916
 35110
 35313
 35496
 35717
 35933
 36138
 36292
 36470
 36646
 36826
 37008
 37193
 37394
 37597
 37792
 37990
 38189
 38394
 38618
 38816
 38998
 39192
 39378
 39572
 39760
 39954
 40148
 40359
 40553
 40778
 40983
 41187
 41360
 41546
 41722
 41903
 42100
 42280
 42462
 42669
 42842
 43045
 43260
 43481
 43697
 43882
 44078
 44256
 44455
 44643
 44833
 45019
 45217
 45418
 45620
 45803
 46012
 46230
 46431
 46641
 46826
 47015
 47193
 47386
 47560
 47721
 47885
 48052
 48229
 48406
 48583
 48758
 48956
 49161
 49384
 49576
 49295
 49518
 50182
 50365
 50529
 50659
 50811
 50904
 50749
 51127
 51327
 51502
 51654
 51725
 51981
 52149
 52310
 52456
 52617
 52733
 52824
 53039
 53291
 53572
 53762
 53897
 54258
 54516
 54499
 68232
 70764
 70775
 70766
 70759
 70762
 70746
 70762
 70769
 70770
 70765
 70767
 70779
 70779
 70771
 70772
 70789
 70787
 70811
 70824
 70825
 70834
 70831
 70840
 70835
 70840
 70831
 70831
 70814
 70793
 70780
 70759
 70768
 70769
 70766
 70761
 70755
 70754
 70756
 70754
 70772
 70761
 70758
 70759
 70749
 70754
 70738
 70751
 70741
 70749
