So, 16.02.25    10:50:19
310 Schade-3
3		
48.280
0.000
0.000


  9603
  9600
  9590
  9593
  9600
  9595
  9604
  9597
  9604
  9589
  9589
  9594
  9595
  9604
  9605
  9593
  9599
  9599
  9601
  9599
  9604
  9603
  9604
  9603
  9611
  9611
  9620
  9631
  9627
  9632
  9640
  9655
  9663
  9668
  9689
  9690
  9699
  9697
  9691
  9696
  9699
  9707
  9720
  9725
  9756
  9791
  9826
  9849
  9885
  9929
  9963
 10015
 10075
 10133
 10140
 10174
 10216
 10268
 10327
 10369
 10430
 10487
 10531
 10597
 10644
 10713
 10814
 10911
 10999
 11078
 11161
 11235
 11301
 11385
 11460
 11556
 11634
 11720
 11825
 11924
 12010
 12152
 12271
 12399
 12518
 12611
 12730
 12827
 12921
 13012
 13090
 13192
 13316
 13432
 13519
 13651
 13779
 13937
 14073
 14192
 14313
 14429
 14529
 14630
 14745
 14868
 14995
 15121
 15243
 15368
 15505
 15646
 15798
 15908
 16043
 16165
 16285
 16412
 16549
 16670
 16796
 16941
 17076
 17196
 17356
 17514
 17685
 17834
 17974
 18095
 18237
 18357
 18494
 18629
 18803
 18949
 19096
 19252
 19427
 19587
 19738
 19899
 20023
 20195
 20332
 20465
 20605
 20752
 20883
 21034
 21191
 21347
 21535
 21706
 21855
 22015
 22166
 22322
 22471
 22619
 22768
 22936
 23097
 23268
 23442
 23629
 23809
 23974
 24134
 24302
 24451
 24596
 24753
 24895
 25065
 25230
 25409
 25608
 25784
 25964
 26118
 26287
 26434
 26584
 26745
 26907
 27085
 27268
 27447
 27640
 27810
 27996
 28174
 28338
 28498
 28654
 28823
 28974
 29130
 29305
 29507
 29699
 29891
 30085
 30265
 30437
 30595
 30760
 30931
 31101
 31271
 31451
 31637
 31832
 32019
 32215
 32399
 32574
 32733
 32901
 33060
 33210
 33366
 33556
 33752
 33966
 34164
 34371
 34561
 34721
 34891
 35060
 35243
 35413
 35590
 35773
 35966
 36162
 36345
 36543
 36729
 36905
 37079
 37243
 37409
 37583
 37770
 37968
 38168
 38358
 38581
 38768
 38947
 39122
 39297
 39476
 39664
 39865
 40065
 40261
 40462
 40660
 40861
 41032
 41211
 41369
 41541
 41711
 41907
 42092
 42299
 42506
 42724
 42901
 43077
 43261
 43441
 43632
 43820
 44026
 44230
 44420
 44614
 44814
 45016
 45207
 45390
 45560
 45733
 45929
 46121
 46304
 46502
 46716
 46941
 47131
 47323
 47504
 47695
 47854
 48029
 48194
 48364
 48508
 48674
 48854
 49015
 49167
 49330
 49696
 49601
 49974
 50251
 50384
 50560
 50635
 50868
 50818
 51038
 51167
 51194
 51092
 51136
 51297
 51526
 51772
 52220
 52510
 52647
 52756
 53591
 70792
 70785
 70779
 67636
 57581
 70769
 70780
 70763
 70770
 70773
 70764
 70761
 70768
 70763
 70770
 70765
 70775
 70763
 70775
 70770
 70787
 70797
 70797
 70823
 70812
 43098
 28897
 28826
 28751
 28670
 28616
 28588
 28596
 28640
 28735
 28776
 28783
 28794
 28807
 28808
 28816
 28836
 28860
 28905
 28927
 28949
 28984
 29027
 29091
 29139
 29185
 29195
 29178
 29215
 29304
 51370
 70850
 70841
 70843
 70837
 70845
 70844
 70839
 70847
 70841
 70850
 70846
 70842
 70845
 70845
 70852
 70843
 70832
 70840
 70847
 70835
 70841
 70840
 70845
 70843
 70850
 70841
 70835
 70830
 70839
 70848
 70854
 70843
 70834
 70855
 70842
 70833
 70837
 70831
 67480
 61946
 61673
 61486
 61427
 61388
 61335
 61296
 61283
 61275
 61280
 61290
