So, 16.02.25    11:16:26
23 Osazee-4
4		
48.280
0.000
0.000


  5832
  5863
  5899
  5921
  5968
  6013
  6065
  6132
  6227
  6289
  6372
  6446
  6524
  6598
  6672
  6771
  6840
  6917
  6969
  7059
  7143
  7223
  7308
  7451
  7540
  7684
  7824
  7916
  8039
  8149
  8236
  8355
  8468
  8558
  8649
  8763
  8888
  9028
  9118
  9251
  9389
  9507
  9643
  9763
  9882
 10005
 10125
 10223
 10322
 10450
 10568
 10678
 10828
 10957
 11081
 11239
 11395
 11548
 11677
 11805
 11945
 12084
 12223
 12360
 12502
 12637
 12777
 12951
 13099
 13239
 13401
 13576
 13722
 13868
 14022
 14150
 14297
 14437
 14590
 14750
 14921
 15086
 15236
 15406
 15573
 15734
 15895
 16042
 16178
 16311
 16467
 16617
 16776
 16947
 17118
 17288
 17461
 17630
 17798
 17977
 18141
 18300
 18456
 18623
 18784
 18949
 19115
 19284
 19472
 19646
 19831
 20026
 20204
 20381
 20541
 20693
 20855
 21015
 21182
 21332
 21517
 21699
 21884
 22073
 22257
 22450
 22629
 22804
 22978
 23138
 23300
 23485
 23663
 23844
 24043
 24229
 24419
 24623
 24816
 24997
 25190
 25350
 25518
 25705
 25872
 26053
 26243
 26412
 26606
 26795
 26982
 27193
 27395
 27570
 27753
 27925
 28111
 28286
 28460
 28659
 28864
 29069
 29270
 29480
 29683
 29875
 30073
 30261
 30424
 30613
 30804
 30983
 31186
 31371
 31574
 31768
 31971
 32168
 32363
 32552
 32731
 32923
 33112
 33292
 33488
 33679
 33886
 34090
 34298
 34507
 34712
 34914
 35120
 35305
 35478
 35690
 35872
 36068
 36263
 36455
 36648
 36851
 37058
 37247
 37444
 37641
 37825
 38017
 38202
 38404
 38593
 38797
 38997
 39222
 39427
 39637
 39839
 40050
 40254
 40438
 40626
 40830
 41015
 41228
 41403
 41596
 41793
 41983
 42178
 42394
 42589
 42767
 42963
 43159
 43381
 43591
 43797
 44004
 44229
 44428
 44637
 44833
 45036
 45240
 45434
 45639
 45835
 46050
 46229
 46409
 46615
 46784
 46998
 47188
 47401
 47592
 47766
 47946
 48114
 48280
 48483
 48684
 48868
 49052
 49225
 49380
 49526
 49709
 49882
 50055
 50213
 50390
 50560
 50743
 50929
 51105
 51271
 51409
 51545
 51661
 51774
 51887
 52028
 52183
 52340
 52485
 52653
 52830
 52996
 53133
 53327
 53534
 53763
 54067
 68492
 70716
 70723
 70707
 70712
 70717
 70719
 70705
 70708
 70704
 70710
 70695
 70709
 70714
 70709
 70718
 70714
 70699
 70714
 70704
 70712
 70712
 70707
 70704
 70707
 70704
 70717
 70727
 70722
 70738
 70750
 70754
 70774
 70793
 70811
 70821
 70829
 70842
 70839
 70827
 70836
 70823
 70820
 70802
 70797
 70784
 70768
 70771
 70776
 70765
