So, 16.02.25    10:57:14
602 Stütz-3
3		
48.280
0.000
0.000


 15665
 15779
 15877
 15997
 16090
 16222
 16363
 16456
 16595
 16719
 16855
 16966
 17088
 17197
 17321
 17441
 17579
 17692
 17830
 17981
 18131
 18258
 18358
 18487
 18653
 18803
 18913
 19054
 19184
 19316
 19447
 19593
 19734
 19883
 20015
 20174
 20346
 20485
 20632
 20756
 20887
 21026
 21168
 21302
 21422
 21580
 21725
 21899
 22052
 22186
 22344
 22534
 22666
 22796
 22944
 23097
 23247
 23375
 23522
 23673
 23829
 24016
 24197
 24373
 24531
 24675
 24822
 24975
 25120
 25287
 25433
 25598
 25770
 25908
 26051
 26213
 26400
 26563
 26737
 26901
 27052
 27203
 27364
 27526
 27692
 27845
 28012
 28202
 28371
 28551
 28721
 28870
 29022
 29189
 29354
 29512
 29698
 29862
 30031
 30211
 30397
 30566
 30742
 30902
 31062
 31222
 31372
 31534
 31719
 31890
 32086
 32276
 32455
 32635
 32803
 32972
 33130
 33299
 33472
 33659
 33836
 34008
 34179
 34363
 34549
 34730
 34909
 35091
 35263
 35422
 35599
 35767
 35956
 36134
 36336
 36511
 36697
 36878
 37057
 37235
 37406
 37579
 37754
 37933
 38114
 38290
 38466
 38652
 38847
 39024
 39187
 39344
 39538
 39734
 39902
 40106
 40295
 40494
 40685
 40889
 41070
 41243
 41400
 41568
 41748
 41943
 42116
 42312
 42505
 42686
 42864
 43059
 43239
 43417
 43591
 43807
 44004
 44171
 44372
 44560
 44769
 44957
 45162
 45330
 45502
 45676
 45841
 46011
 46184
 46359
 46544
 46728
 46914
 47096
 47298
 47456
 47640
 47807
 47974
 48138
 48313
 48486
 48695
 48856
 48993
 49115
 49285
 49460
 49644
 49734
 49824
 49985
 50128
 50316
 50665
 50908
 51144
 51270
 51415
 51548
 51676
 51791
 51920
 52047
 52192
 52331
 52483
 52662
 52789
 52935
 53062
 53197
 53386
 53625
 53872
 54113
 54324
 70745
 70726
 70743
 70744
 70748
 70762
 70753
 70758
 70755
 70761
 70770
 70782
 70779
 70791
 70795
 70789
 70799
 70791
 70800
 70811
 70806
 70810
 70803
 70798
 70796
 70789
 70764
 70748
 70742
 70740
 70728
 70735
 70731
 70729
 70730
 70724
 70725
 70723
 70715
 70720
 70715
 70725
 70706
 70715
 70707
 70703
 70716
 70704
 70693
 70698
