So, 16.02.25    10:51:26
681 Hüttner-3
3		
48.280
0.000
0.000


  7183
  7228
  7283
  7349
  7408
  7465
  7527
  7582
  7641
  7702
  7761
  7812
  7895
  7975
  8080
  8187
  8280
  8355
  8426
  8487
  8562
  8628
  8719
  8797
  8883
  8953
  9027
  9104
  9177
  9272
  9386
  9473
  9593
  9691
  9783
  9881
  9975
 10082
 10188
 10284
 10373
 10454
 10562
 10688
 10776
 10875
 10989
 11093
 11217
 11316
 11438
 11559
 11654
 11775
 11893
 12011
 12124
 12242
 12355
 12456
 12574
 12699
 12809
 12924
 13055
 13187
 13323
 13459
 13593
 13722
 13845
 13973
 14100
 14215
 14320
 14454
 14570
 14709
 14844
 14990
 15118
 15260
 15409
 15556
 15681
 15819
 15936
 16078
 16200
 16312
 16431
 16568
 16694
 16825
 16970
 17104
 17231
 17393
 17540
 17695
 17854
 18016
 18156
 18299
 18444
 18580
 18722
 18864
 19005
 19156
 19306
 19454
 19608
 19778
 19935
 20087
 20252
 20398
 20555
 20693
 20837
 20967
 21123
 21262
 21419
 21589
 21754
 21927
 22113
 22277
 22451
 22603
 22740
 22880
 23043
 23205
 23348
 23532
 23734
 23917
 24071
 24237
 24408
 24589
 24759
 24912
 25061
 25226
 25368
 25520
 25681
 25854
 26033
 26202
 26380
 26578
 26747
 26910
 27071
 27248
 27408
 27580
 27752
 27936
 28115
 28280
 28474
 28676
 28855
 29038
 29210
 29366
 29026
  6074
  5975
  5962
  5958
  5973
  5984
  5971
  5966
  5890
  5801
  5851
  5915
  5937
  5850
  5683
  5892
 32068
 32818
 32997
 33187
 33363
 33554
 33733
 33905
 34088
 34255
 34427
 34627
 34819
 35027
 35232
 35444
 35614
 35818
 35973
 36154
 36327
 36518
 36706
 36914
 37113
 37308
 37520
 37701
 37887
 38058
 38243
 38409
 11350
  6865
  6950
  6930
  6909
  6963
  7022
  7045
  7042
  7045
  7044
  7046
  7093
  7145
  7261
  7377
  7437
  7481
 36536
 42341
 42529
 42706
 42895
 43081
 43274
 43480
 43699
 43917
 44121
 44321
 44515
 44695
 44887
 45077
 45260
 45454
 45655
 45850
 46054
 46260
 46433
 46648
 46852
 47051
 47238
 47439
 47616
 47785
 47939
 48102
 48260
 48424
 48593
 48752
 48926
 49100
 49266
 49454
 49609
 49754
 49899
 50055
 50254
 50442
 50616
 50786
 50953
 51089
 51233
 51446
 51705
 51943
 52135
 52302
 52427
 52727
 52576
 52650
 52748
 52877
 53007
 53152
 53325
 53528
 53701
 53891
 56796
 70870
 70866
 70868
 70865
 70866
 70867
 70870
 70870
 70882
 70868
 70871
 70874
 70878
 70878
 70876
 70878
 70881
 70872
 70875
 70312
 69230
 69263
 69308
 70223
 69717
 70874
 70890
 70917
 70899
 70916
 70931
 70939
 70935
 70927
 70919
 70911
 70919
 70899
 70879
 70861
 70869
 70862
 70866
 70861
 70865
 70866
 70867
 70875
 70888
 70896
