So, 16.02.25    10:29:11
161 Gawron-1
1		
48.280
0.000
0.000


 10487
 10512
 10537
 10575
 10609
 10646
 10678
 10726
 10756
 10805
 10833
 10868
 10912
 10950
 10989
 11017
 11067
 11121
 11158
 11192
 11264
 11343
 11425
 11529
 11626
 11713
 11804
 11885
 11963
 12044
 12104
 12182
 12252
 12333
 12423
 12499
 12576
 12672
 12758
 12861
 12961
 13056
 13158
 13256
 13364
 13467
 13557
 13654
 13744
 13844
 13934
 14035
 14136
 14237
 14347
 14457
 14561
 14694
 14811
 14960
 15076
 15206
 15315
 15428
 15534
 15639
 15751
 15867
 15983
 16098
 16216
 16332
 16464
 16592
 16741
 16877
 17029
 17160
 17295
 17440
 17561
 17689
 17804
 17951
 18062
 18204
 18336
 18489
 18638
 18799
 18975
 19117
 19272
 19400
 19533
 19670
 19814
 19958
 20101
 20238
 20383
 20521
 20677
 20837
 21003
 21143
 21301
 21448
 21594
 21748
 21890
 22047
 22197
 22348
 22498
 22659
 22832
 23001
 23169
 23333
 23481
 23642
 23797
 23955
 24126
 24266
 24433
 24590
 24745
 24930
 25091
 25272
 25451
 25622
 25793
 25940
 26100
 26263
 26409
 26562
 26739
 26908
 27074
 27263
 27454
 27644
 27809
 27974
 28133
 28294
 28472
 28646
 28827
 29000
 29172
 29333
 29499
 29687
 29874
 30058
 30238
 30411
 30577
 30761
 30931
 31099
 31248
 31392
 31581
 31759
 31949
 32140
 32337
 32514
 32696
 32854
 33027
 33204
 33377
 33540
 33723
 33904
 34091
 34268
 34455
 34648
 34823
 35005
 35198
 35377
 35554
 35742
 35906
 36058
 36238
 36417
 36590
 36799
 36996
 37190
 37375
 37549
 37728
 37895
 38068
 38242
 38409
 38614
 38790
 38988
 39184
 39378
 39551
 39730
 39920
 40100
 40287
 40469
 40637
 40814
 41001
 41197
 41384
 41582
 41782
 41981
 42162
 42349
 42529
 42710
 42879
 43064
 43244
 43427
 43617
 43817
 44011
 44186
 44378
 44568
 44756
 44945
 45135
 45313
 45489
 45681
 45888
 46080
 46295
 46467
 46670
 46863
 47062
 47240
 47426
 47603
 47746
 47906
 48082
 48250
 48431
 48597
 48764
 48893
 49061
 49234
 49420
 49619
 49837
 50033
 50204
 50361
 50515
 50685
 50828
 50970
 51098
 51222
 51378
 51525
 51709
 51882
 52051
 52224
 52386
 52583
 52697
 52794
 52980
 53134
 53281
 53566
 65797
 70752
 70749
 70742
 70747
 70741
 70722
 70731
 70736
 70734
 70746
 70757
 70780
 70798
 70820
 70843
 70863
 70880
 70863
 70859
 70860
 70829
 70816
 70795
 70784
 70766
 70761
 70743
 70746
 70737
 70740
 70739
 70731
 70731
 70734
 70732
 70739
 70727
 70736
 70720
 70730
 70723
 70721
 70717
 70709
 70726
 70708
 70718
 70713
 70726
