So, 16.02.25    10:27:17
215 Ziegler-1
1		
48.280
0.000
0.000


  7366
  7385
  7442
  7491
  7556
  7612
  7660
  7719
  7773
  7830
  7896
  7996
  8070
  8166
  8255
  8339
  8445
  8520
  8616
  8677
  8729
  8810
  8886
  8969
  9059
  9127
  9210
  9283
  9374
  9496
  9596
  9680
  9809
  9920
 10026
 10110
 10231
 10308
 10422
 10533
 10624
 10719
 10811
 10907
 11021
 11130
 11236
 11369
 11501
 11635
 11744
 11887
 11988
 12099
 12208
 12321
 12437
 12547
 12665
 12778
 12928
 13046
 13162
 13295
 13450
 13588
 13738
 13892
 14037
 14154
 14275
 14404
 14498
 14640
 14761
 14896
 15039
 15186
 15317
 15471
 15628
 15754
 15903
 16081
 16229
 16344
 16480
 16606
 16755
 16881
 17030
 17174
 17314
 17456
 17590
 17741
 17871
 18052
 18214
 18380
 18539
 18682
  7696
  5292
  5318
  5333
  5317
  5329
  5301
  5275
  5270
  5266
  5261
  5272
  5312
  5369
  5385
  5396
  5372
  5326
  5275
 14175
 21872
 22027
 22183
 22353
 22529
 22711
 22894
 23050
 23183
 23333
 23483
 23622
 23777
 23929
 24107
 24272
 24438
 24596
 12667
  6313
  6303
  6277
  6284
  6289
  6312
  6323
  6342
  6334
  6312
  6305
  6261
  6200
  6140
  6135
  6127
  6135
  6108
  6097
  6096
  6110
  6180
  6232
  6240
  6247
  6252
  6265
  6264
  6249
  6211
  6127
  5980
  5938
 14597
 30754
 30923
 31107
 31283
 31444
 31645
 31834
 32039
 32217
 32398
 32550
 32711
 32870
 33032
 33201
 33375
 33573
 33773
 33972
 34160
 34344
 34523
 34711
 34887
 35071
 35250
 35421
 35596
 35791
 35966
 36158
 36349
 36527
 36724
 36902
 37076
 37250
 37417
 37596
 37770
 37956
 38140
 38339
 38529
 38732
 38915
 39098
 39287
 39462
 39643
 39834
 40032
 40223
 40415
 40616
 40809
 41001
 41171
 41341
 41513
 41692
 41877
 42084
 42289
 42484
 42662
 42847
 43036
 43220
 43386
 43581
 43771
 43957
 44146
 44353
 44545
 44752
 44936
 45126
 45308
 45495
 45675
 45848
 46036
 46236
 46401
 46600
 46790
 46984
 47185
 47365
 47556
 47741
 47904
 48073
 48251
 48414
 48580
 48735
 48870
 49041
 49226
 49409
 49600
 49796
 49977
 50164
 50365
 50562
 50775
 50911
 51028
 51128
 51231
 51352
 51445
 51562
 51696
 51841
 51981
 52126
 52273
 52421
 52543
 52648
 52832
 53008
 53237
 53483
 53808
 54160
 59873
 70812
 70790
 70810
 70800
 70801
 70801
 70806
 70792
 70797
 70803
 70806
 70811
 70805
 70799
 70797
 70263
 48080
 48037
 60021
 70788
 70814
 70803
 70806
 70806
 70802
 70803
 70796
 70793
 70813
 70815
 70810
 70820
 70823
 70828
 70824
 70823
 70816
 70815
 70824
 70833
 70824
 70816
 70796
 70800
 70807
 70802
 70807
 70801
 70810
 70789
 70783
 70785
 70784
 70776
 70777
 70763
 70764
 70771
 70770
 70771
 70771
 70784
 70762
 70767
 70779
 70776
 70770
 70777
