So, 16.02.25    10:59:36
298 Ahiandjipe-3
3		
48.280
0.000
0.000


 14359
 14408
 14453
 14497
 14554
 14602
 14647
 14698
 14757
 14799
 14831
 14864
 14928
 14994
 15030
 15102
 15152
 15204
 15267
 15341
 15461
 15511
 15571
 15658
 15743
 15834
 15912
 15997
 16077
 16119
 16201
 16285
 16353
 16439
 16543
 16637
 16717
 16805
 16901
 16974
 17059
 17135
 17217
 17291
 17357
 17467
 17556
 17651
 17782
 17889
 17979
 18085
 18213
 18319
 18430
 18533
 18643
 18753
 18876
 18997
 19098
 19209
 19319
 19427
 19529
 19642
 19750
 19851
 19951
 20075
 20163
 20273
 20381
 20504
 20629
 20750
 20859
 21006
 21136
 21277
 21398
 21529
 21647
 21772
 21899
 22043
 22187
 22301
 22446
 22591
 22711
 22829
 22963
 23095
 23211
 23358
 23487
 23635
 23762
 23883
 24017
 24179
 24314
 24463
 24594
 24733
 24837
 24981
 25136
 25275
 25410
 25537
 25700
 25845
 25986
 26145
 26314
 26460
 26609
 26753
 26907
 27046
 27213
 27354
 27498
 27656
 27807
 27984
 28151
 28286
 28438
 28574
 28722
 28869
 29031
 29199
 29376
 29519
 29676
 29838
 30012
 30182
 30336
 30482
 30640
 30804
 30959
 31110
 31272
 31415
 31592
 31776
 31964
 32123
 32269
 32416
 32579
 32728
 32887
 33058
 33248
 33404
 33585
 33754
 33926
 34090
 34240
 34408
 34568
 34740
 34907
 35074
 35258
 35436
 35618
 35800
 35964
 36130
 36284
 36447
 36604
 36788
 36970
 37139
 37315
 37497
 37673
 37826
 37996
 38172
 38327
 38493
 38666
 38846
 39012
 39190
 39359
 39539
 39704
 39876
 40048
 40233
 40401
 40577
 40759
 40924
 41097
 41269
 41419
 41592
 41767
 41945
 42137
 42324
 42509
 42679
 42833
 43013
 43174
 43347
 43513
 43700
 43891
 44064
 44232
 44403
 44581
 44765
 44948
 45140
 45326
 45501
 45681
 45851
 46004
 46165
 46343
 46512
 46687
 46873
 47059
 47247
 47432
 47600
 47774
 47942
 48104
 48247
 48411
 48578
 48753
 48885
 49033
 49176
 49331
 49490
 49676
 49849
 50009
 50186
 50368
 50511
 50730
 51040
 51265
 51649
 60740
 70850
 70852
 61669
 52028
 52180
 52332
 52469
 52605
 52783
 52916
 53067
 53216
 53362
 53430
 54861
 54068
 53877
 65241
 70841
 70838
 70844
 70820
 70816
 70820
 70803
 56060
 48064
 48040
 48042
 48042
 48041
 48009
 63791
 70777
 70782
 70786
 70787
 70795
 70797
 70826
 70834
 70859
 70879
 70881
 70907
 70928
 70941
 70957
 70964
 70955
 70966
 70964
 70948
 70956
 70949
 70949
 70944
 70940
 70939
 70941
 70952
 70943
 70944
 70948
 70946
 70949
 70943
 70947
 70947
 70954
 70951
 70947
 70953
 70941
 70945
 70944
 70938
 70935
 70941
 70936
 70940
 70934
