So, 16.02.25    10:45:37
161 Gawron-2
2		
48.280
0.000
0.000


 10816
 10865
 10891
 10932
 10980
 11022
 11080
 11137
 11177
 11227
 11283
 11367
 11471
 11567
 11652
 11763
 11839
 11914
 11998
 12067
 12138
 12233
 12312
 12393
 12480
 12563
 12657
 12747
 12832
 12933
 13047
 13145
 13256
 13370
 13486
 13586
 13671
 13765
 13861
 13953
 14058
 14169
 14259
 14371
 14494
 14604
 14718
 14861
 15003
 15143
 15261
 15375
 15492
 15604
 15728
 15823
 15952
 16069
 16187
 16299
 16410
 16549
 16681
 16844
 16988
 17129
 17280
 17410
 17542
 17650
 17781
 17907
 18043
 18157
 18299
 18446
 18585
 18737
 18911
 19063
 19222
 19359
 19498
 19634
 19778
 19924
 20067
 20207
 20349
 20485
 20631
 20773
 20931
 21099
 21241
 21399
 21546
 21693
 21844
 21996
 22127
 22292
 22453
 22584
 22733
 22894
 23071
 23232
 23397
 23572
 23737
 23887
 24033
 24197
 24353
 24508
 24668
 24823
 24991
 25165
 25332
 25509
 25682
 25853
 26013
 26175
 26328
 26473
 26648
 26798
 26958
 27130
 27296
 27472
 27651
 27826
 28008
 28179
 28340
 28505
 28690
 28870
 29030
 29186
 29340
 29505
 29678
 29857
 30037
 30228
 30413
 30589
 30751
 30930
 31104
 31284
 31440
 31602
 31750
 31920
 32099
 32279
 32464
 32647
 32829
 33011
 33180
 33351
 33515
 33706
 33871
 34044
 34223
 34389
 34563
 34740
 34938
 35123
 35313
 35481
 35664
 35839
 36010
 36192
 36353
 36522
 36693
 36875
 37061
 37246
 37450
 37649
 37827
 38008
 38181
 38343
 38528
 38698
 38882
 39051
 39227
 39400
 39597
 39788
 39982
 40177
 40351
 40536
 40714
 40903
 41085
 41254
 41408
 41600
 41795
 41997
 42202
 42399
 42580
 42750
 42927
 43103
 43270
 43464
 43637
 43830
 44022
 44203
 44398
 44575
 44760
 44955
 45144
 45327
 45506
 45675
 45859
 46050
 46257
 46437
 46645
 46844
 47036
 47232
 47411
 47591
 47756
 47908
 48056
 48217
 48385
 48560
 48745
 48891
 49040
 49194
 49372
 49587
 49811
 50020
 50209
 50371
 50551
 50714
 50850
 50991
 51111
 51224
 51375
 51551
 51656
 51767
 51862
 51990
 52133
 52274
 52428
 52567
 52720
 52891
 53121
 53336
 53533
 54149
 70844
 70826
 70840
 70829
 70837
 70843
 70835
 70849
 70850
 70872
 70899
 70916
 70928
 70916
 70935
 70940
 70932
 70936
 70927
 70926
 70923
 70925
 70925
 70933
 70935
 70926
 70924
 70924
 70921
 70919
 70918
 70931
 70921
 70916
 70912
 70914
 70896
 70908
 70917
 70905
 70902
 70902
 70914
 70901
 70913
 70912
 70902
 70908
 70908
 70906
