So, 16.02.25    10:47:50
355 Karsten-3
3		
48.280
0.000
0.000


 16624
 16678
 16736
 16790
 16850
 16913
 16961
 17026
 17090
 17151
 17227
 17300
 17376
 17468
 17571
 17635
 17684
 17763
 17875
 17961
 18073
 18166
 18255
 18343
 18446
 18551
 18632
 18729
 18822
 18926
 19024
 19113
 19203
 19300
 19397
 19508
 19617
 19719
 19832
 19934
 20037
 20151
 20257
 20355
 20446
 20556
 20666
 20772
 20898
 21000
 21111
 21245
 21357
 21490
 21614
 21738
 21854
 21975
 22100
 22222
 22356
 22483
 22610
 22735
 22863
 23003
 23119
 23257
 23393
 23530
 23684
 23805
 23939
 24074
 24207
 24340
 24467
 24600
 24740
 24885
 25040
 25214
 25369
 25514
 25667
 25816
 25943
 26072
 26216
 26349
 26492
 26637
 26794
 26957
 27106
 27263
 27414
 27586
 27737
 27883
 28048
 28190
 28346
 28494
 28652
 28801
 28954
 29116
 29276
 29424
 29615
 29782
 29965
 30136
 30295
 30436
 30590
 30753
 30897
 31063
 31225
 31379
 31556
 31734
 31903
 32079
 32256
 32434
 32587
 32755
 32910
 33071
 33230
 33394
 33565
 33743
 33927
 34121
 34303
 34496
 34670
 34839
 35024
 35180
 35354
 35508
 35676
 35856
 36035
 36224
 36388
 36576
 36766
 36949
 37128
 37309
 37478
 37654
 37817
 37997
 38167
 38344
 38529
 38721
 38926
 39115
 39314
 39495
 39678
 39846
 40021
 40197
 40364
 40550
 40748
 40934
 41116
 41310
 41494
 41686
 41890
 42082
 42267
 42457
 42636
 42807
 42980
 43150
 43330
 43516
 43722
 43914
 44123
 44322
 44518
 44700
 44870
 45042
 45226
 45391
 45607
 45810
 45994
 46152
 46331
 46593
 46797
 46998
 47170
 47365
 47524
 47684
 47853
 48018
 48216
 48374
 48533
 48731
 48928
 49087
 49228
 49370
 49518
 49670
 49834
 50005
 50172
 50324
 50484
 50647
 50820
 50991
 51159
 51299
 51476
 51635
 51801
 51968
 52124
 52298
 52471
 52622
 52781
 52974
 53172
 53385
 53591
 53932
 63396
 70802
 70798
 70809
 70806
 70808
 70796
 70815
 70792
 70802
 70795
 70798
 70800
 70809
 70811
 70807
 70807
 70803
 70815
 70814
 70823
 70820
 70831
 70830
 70831
 70833
 70845
 70871
 70874
 70883
 70899
 70911
 70922
 70931
 70927
 70936
 70938
 70948
 70947
 70951
 70945
 70934
 70917
 70922
 70924
 70922
 70932
 70909
 70919
 70911
