So, 16.02.25    11:37:31
680 Ferber-6
6		
48.280
0.000
0.000


  4066
  4129
  4186
  4244
  4283
  4337
  4392
  4445
  4474
  4517
  4573
  4603
  4663
  4714
  4768
  4830
  4900
  4943
  5007
  5062
  5124
  5197
  5289
  5360
  5432
  5539
  5628
  5707
  5829
  5911
  6005
  6095
  6204
  6277
  6379
  6461
  6540
  6619
  6704
  6792
  6888
  6980
  7068
  7180
  7289
  7409
  7536
  7642
  7747
  7859
  7992
  8116
  8231
  8330
  8448
  8558
  8677
  8814
  8928
  9054
  9144
  9263
  9358
  9469
  9613
  9743
  9882
 10002
 10125
 10225
 10355
 10466
 10580
 10700
 10821
 10930
 11055
 11161
 11261
 11396
 11531
 11679
 11833
 11991
 12152
 12293
 12437
 12553
 12684
 12823
 12955
 13092
 13216
 13357
 13484
 13644
 13768
 13913
 14056
 14218
 14365
 14523
 14654
 14798
 14935
 15085
 15222
 15352
 15479
 15624
 15754
 15885
 16039
 16187
 16349
 16517
 16674
 16835
 16980
 17119
 17292
 17437
 17597
 17737
 17873
 18037
 18175
 18344
 18516
 18694
 18853
 19015
 19174
 19313
 19465
 19622
 19780
 19935
 20083
 20241
 20368
 20533
 20703
 20871
 21070
 21237
 21400
 21554
 21727
 21896
 22056
 22224
 22390
 22557
 22723
 22876
 23050
 23223
 23412
 23605
 23758
 23927
 24099
 24253
 24413
 24572
 24730
 24892
 25063
 25247
 25420
 25623
 25801
 25982
 26155
 26322
 26480
 26636
 26812
 26986
 27159
 27339
 27520
 27696
 27884
 28072
 28241
 28407
 28590
 28761
 28944
 29099
 29273
 29425
 29615
 29806
 29991
 30200
 30405
 30597
 30776
 30950
 31116
 31309
 31463
 31655
 31817
 32004
 32194
 32400
 32583
 32778
 32964
 33142
 33309
 33488
 33659
 33834
 34016
 34195
 34369
 34584
 34780
 34994
 35201
 35383
 35562
 35734
 35924
 36098
 36282
 36450
 36638
 36829
 37038
 37251
 37451
 37638
 37813
 37989
 38177
 38349
 38516
 38706
 38896
 39098
 39300
 39502
 39722
 39917
 40101
 40308
 40477
 40668
 40851
 41036
 41231
 41409
 41612
 41825
 42037
 42231
 42423
 42614
 42783
 42968
 43152
 43331
 43515
 43716
 43937
 44143
 44345
 44548
 44736
 44928
 45124
 45324
 45506
 45691
 45899
 46090
 46286
 46484
 46693
 46883
 47062
 47250
 47435
 47614
 47811
 47986
 48168
 48340
 48497
 48637
 48806
 48973
 49147
 49313
 49513
 49699
 49898
 50090
 50256
 50373
 50497
 50770
 51040
 51245
 51440
 51654
 51826
 51990
 52101
 52168
 52178
 52230
 52323
 52454
 52600
 52736
 52888
 53094
 53247
 53441
 53618
 53776
 54022
 54474
 54637
 66052
 70811
 70819
 70825
 70848
 70851
 70876
 70880
 70892
 70918
 70938
 70952
 70967
 70999
 71015
 71032
 71069
 71087
 71124
 71138
 71163
 71187
 71209
 71213
 67233
 64823
 64780
 65113
 65455
 65680
 65536
 71176
 71170
 71192
 71209
 71210
 71210
 71211
 71202
 71203
 71210
 71211
 71209
 71212
 71215
 71219
 71204
 71212
 71209
 71216
