So, 16.02.25    10:36:40
680 Ferber-2
2		
48.280
0.000
0.000


  4935
  4993
  5044
  5123
  5187
  5248
  5326
  5400
  5475
  5547
  5644
  5741
  5810
  5899
  6010
  6096
  6185
  6283
  6385
  6471
  6564
  6658
  6728
  6833
  6913
  7004
  7099
  7186
  7285
  7420
  7513
  7641
  7778
  7884
  7991
  8080
  8198
  8293
  8421
  8542
  8643
  8757
  8874
  8977
  9100
  9213
  9328
  9452
  9545
  9657
  9773
  9887
 10004
 10143
 10260
 10378
 10497
 10605
 10701
 10822
 10945
 11069
 11178
 11297
 11403
 11523
 11648
 11771
 11914
 12044
 12188
 12327
 12478
 12620
 12761
 12893
 13018
 13144
 13289
 13408
 13540
 13669
 13816
 13959
 14095
 14224
 14349
 14479
 14635
 14780
 14933
 15087
 15225
 15369
 15485
 15633
 15765
 15893
 16014
 16161
 16287
 16428
 16583
 16747
 16912
 17090
 17255
 17402
 17542
 17688
 17834
 17986
 18125
 18291
 18444
 18600
 18754
 18915
 19091
 19238
 19411
 19582
 19724
 19877
 20029
 20169
 20315
 20490
 20651
 20802
 20971
 21118
 21247
 21409
 21595
 21772
 21944
 22107
 22253
 22403
 22571
 22730
 22882
 23040
 23194
 23363
 23529
 23691
 23875
 24070
 24235
 24396
 24560
 24740
 24909
 25041
 25199
 25374
 25532
 25705
 25904
 26081
 26264
 26440
 26599
 26760
 26929
 27097
 27272
 27433
 27613
 27788
 27961
 28148
 28332
 28516
 28699
 28874
 29043
 29216
 29382
 29541
 29711
 29890
 30084
 30275
 30463
 30669
 30863
 31034
 31216
 31379
 31546
 31715
 31895
 32077
 32259
 32453
 32631
 32813
 33009
 33189
 33369
 33543
 33726
 33900
 34077
 34250
 34437
 34628
 34822
 35040
 35254
 35434
 35624
 35808
 35977
 36156
 36339
 36505
 36695
 36889
 37083
 37296
 37488
 37691
 37864
 38031
 38218
 38390
 38575
 38758
 38949
 39147
 39352
 39570
 39776
 39975
 40177
 40364
 40553
 40726
 40905
 41092
 41279
 41464
 41667
 41878
 42083
 42281
 42482
 42668
 42842
 43029
 43208
 43397
 43591
 43788
 44000
 44220
 44421
 44615
 44825
 44993
 45194
 45376
 45551
 45741
 45934
 46135
 46315
 46512
 46705
 46897
 47079
 47280
 47456
 47642
 47826
 47998
 48184
 48364
 48551
 48706
 48842
 48995
 49156
 49346
 49521
 49713
 49891
 50073
 50236
 50377
 50602
 50935
 51096
 51265
 51444
 51614
 51780
 51868
 51883
 51942
 52045
 52162
 52305
 52440
 52588
 52722
 52917
 53094
 53245
 53408
 53584
 53817
 54060
 54475
 54699
 70747
 70738
 70745
 70742
 70757
 70761
 70782
 70785
 70792
 70786
 70791
 70782
 70781
 70781
 70792
 70782
 70798
 70790
 70784
 70786
 70780
 70785
 70784
 70788
 70776
 70765
 70762
 70764
 70756
 70750
 70751
 70740
 70749
 70746
 70737
 70737
 70741
 70726
 70729
 70727
 70732
 70729
 70726
 70715
 70726
 70716
 70715
 70719
 70714
 70707
