So, 16.02.25    10:17:28
681 Hüttner-1
1		
48.280
0.000
0.000


  6439
  6447
  6468
  6474
  6493
  6517
  6540
  6562
  6576
  6591
  6620
  6643
  6660
  6673
  6691
  6728
  6737
  6755
  6775
  6799
  6821
  6835
  6855
  6900
  6931
  6950
  6980
  7015
  7047
  7082
  7135
  7176
  7242
  7272
  7320
  7376
  7425
  7500
  7554
  7601
  7657
  7722
  7779
  7834
  7890
  7980
  8023
  8104
  8209
  8282
  8360
  8443
  8522
  8589
  8683
  8753
  8828
  8914
  8985
  9065
  9144
  9221
  9322
  9433
  9554
  9657
  9755
  9848
  9945
 10038
 10140
 10220
 10302
 10396
 10518
 10621
 10741
 10821
 10941
 11060
 11179
 11307
 11425
 11539
 11645
 11739
 11854
 11966
 12086
 12196
 12315
 12431
 12554
 12676
 12786
 12901
 13031
 13175
 13308
 13441
 13591
 13726
 13847
 13981
 14096
 14216
 14323
 14443
 14569
 14703
 14853
 15019
 15188
 15312
 15449
 15591
 15749
 15892
 16016
 16135
 16263
 16375
 16500
 16633
 16757
 16890
 17056
 17199
 17347
 17501
 17659
 17821
 18006
 18157
 18286
 18423
 18564
 18705
 18843
 18979
 19129
 19298
 19460
 19619
 19782
 19942
 20112
 20290
 20430
 20564
 20711
 20837
 20981
 21118
 21276
 21421
 21581
 21742
 21906
 22103
 22276
 22454
 22625
 22765
 22911
 23054
 23197
 23350
 23512
 23675
 23860
 24044
 24246
 24399
 24565
 24744
 24906
 25055
 25199
 25361
 25505
 25653
 25829
 26007
 26185
 26353
 26532
 26718
 26897
 27077
 27235
 27397
 27562
 27730
 27899
 28073
 28242
 28424
 28600
 28799
 18027
  6222
  6231
  6251
  6256
  6258
  6247
  6243
  6264
  6274
  6181
  6077
  6392
 27492
 31446
 31607
 31775
 31948
 32130
 32312
 32496
 32684
 32866
 33049
 33237
 33412
 33606
 33783
 33965
 34138
 34300
 34473
 34646
 34822
 35018
 35217
 35410
 35611
 35826
 35997
 36167
 36336
 36506
 36685
 36883
 37085
 37278
 37474
 37668
 37856
 38043
 38221
 38384
 38568
 38746
 38925
 39116
 39308
 39499
 39712
 39923
 40150
 40339
 40505
 40679
 40862
 41054
 41243
 41440
 41628
 41824
 42035
 42235
 42439
 42611
 42793
 42967
 43150
 43334
 43527
 43734
 43930
 44149
 44350
 44556
 44746
 44919
 45100
 45290
 45461
 45666
 45864
 46077
 46272
 46445
 46648
 46843
 47050
 47241
 47428
 47623
 47798
 47940
 48095
 48265
 48410
 48588
 48760
 48935
 49096
 49265
 49441
 49629
 49798
 49926
 50064
 50245
 50436
 50616
 50801
 50979
 51074
 51159
 51336
 51566
 51811
 52036
 52199
 52307
 52396
 52502
 52602
 52731
 52867
 53023
 53193
 53346
 53534
 53707
 53951
 62596
 70844
 70839
 70834
 70852
 70844
 70838
 70846
 70841
 70839
 70831
 70832
 70835
 70838
 70838
 70842
 70846
 70869
 70876
 70882
 70900
 70903
 70929
 70924
 70919
 70919
 70911
 70915
 70914
 70898
 70882
 70871
 70869
 70861
 70865
 70862
 70853
 70861
 70851
 70856
 70849
 70851
 70859
 70855
 70853
 70850
 70853
 70855
 70850
 70853
