So, 16.02.25    10:58:42
185 Maurer-3
3		
48.280
0.000
0.000


  4133
  4160
  4171
  4211
  4243
  4276
  4292
  4327
  4357
  4388
  4432
  4460
  4504
  4534
  4571
  4597
  4638
  4676
  4710
  4753
  4777
  4831
  4865
  4930
  4997
  5061
  5121
  5202
  5296
  5376
  5428
  5504
  5599
  5687
  5769
  5868
  5960
  6051
  6121
  6195
  6260
  6321
  6384
  6463
  6562
  6635
  6732
  6815
  6920
  7059
  7172
  7292
  7387
  7464
  7535
  7630
  7753
  7861
  7978
  8087
  8182
  8288
  8427
  8545
  8660
  8794
  8943
  9065
  9174
  9286
  9395
  9514
  9630
  9747
  9881
  9994
 10121
 10248
 10359
 10464
 10593
 10712
 10826
 10935
 11076
 11197
 11307
 11453
 11596
 11708
 11844
 11973
 12102
 12233
 12369
 12502
 12649
 12772
 12905
 13033
 13170
 13334
 13481
 13634
 13769
 13929
 14080
 14218
 14348
 14494
 14622
 14772
 14906
 15047
 15199
 15327
 15460
 15607
 15744
 15883
 16044
 16203
 16342
 16482
 16625
 16771
 16900
 17055
 17202
 17351
 17497
 17645
 17792
 17942
 18106
 18280
 18450
 18625
 18811
 18983
 19140
 19276
 19435
 19578
 19736
 19888
 20044
 20193
 20333
 20494
 20655
 20837
 21024
 21197
 21347
 21507
 21647
 21796
 21953
 22105
 22262
 22422
 22581
 22754
 22947
 23121
 23296
 23482
 23679
 23857
 24019
 24185
 24341
 24509
 24662
 24815
 24984
 25161
 25343
 25521
 25718
 25916
 26090
 26258
 26401
 26560
 26723
 26890
 27058
 27231
 27411
 27602
 27791
 27974
 28176
 28366
 28553
 28733
 28899
 29065
 29236
 29405
 29562
 29742
 29924
 30125
 30332
 30528
 30733
 30908
 31070
 31247
 31398
 31574
 31755
 31941
 32128
 32320
 32534
 32717
 32917
 33122
 33313
 33481
 33668
 33857
 34053
 34220
 34400
 34586
 34783
 34995
 35195
 35414
 35619
 35808
 35980
 36157
 36330
 36502
 36690
 36876
 37077
 37277
 37473
 37676
 37875
 38078
 38275
 38450
 38652
 38837
 39036
 39220
 39416
 39609
 39812
 40023
 40248
 40443
 40657
 40855
 41045
 41238
 41405
 41586
 41777
 41968
 42163
 42372
 42578
 42766
 42955
 43183
 43379
 43579
 43769
 43960
 44148
 44333
 44513
 44734
 44933
 45138
 45314
 45522
 45733
 45959
 46162
 46347
 46542
 46732
 46913
 47100
 47278
 47457
 47633
 47804
 47983
 48167
 48339
 48514
 48690
 48869
 49065
 49274
 49488
 49171
 50094
 70840
 70831
 70820
 70813
 70814
 60884
 50647
 50925
 51167
 51335
 51369
 52689
 67371
 53146
 55734
 70776
 70773
 70767
 70762
 70751
 59490
 53550
 65760
 70745
 70741
 70742
 70744
 70742
 70747
 70757
 70762
 70784
 70813
 70837
 70871
 70883
 70931
 70959
 70962
 70971
 70983
 70964
 70959
 70963
 70962
 70948
 70962
 70953
 70962
 70954
 70954
 70951
 70953
 70953
 70953
 70952
 70945
 70947
 70932
 70935
 70933
 70947
 70932
 70935
 70930
 70930
 70915
 70932
 70926
 70926
 70932
 70930
