So, 16.02.25    11:02:26
161 Gawron-3
3		
48.280
0.000
0.000


 10089
 10102
 10111
 10118
 10132
 10126
 10150
 10157
 10169
 10189
 10201
 10222
 10242
 10266
 10299
 10334
 10365
 10392
 10435
 10474
 10516
 10554
 10588
 10629
 10660
 10701
 10738
 10758
 10796
 10825
 10895
 10938
 10958
 11023
 11101
 11146
 11204
 11321
 11403
 11477
 11566
 11644
 11731
 11813
 11898
 11962
 12039
 12118
 12206
 12289
 12386
 12477
 12547
 12637
 12733
 12816
 12935
 13037
 13146
 13256
 13356
 13470
 13558
 13661
 13767
 13858
 13949
 14038
 14146
 14252
 14355
 14455
 14594
 14706
 14857
 14995
 15143
 15256
 15371
 15477
 15585
 15699
 15809
 15920
 16045
 16161
 16263
 16380
 16505
 16642
 16798
 16948
 17097
 17242
 17365
 17505
 17640
 17748
 17882
 17996
 18131
 18256
 18393
 18525
 18684
 18848
 19005
 19154
 19308
 19450
 19591
 19742
 19869
 20014
 20163
 20289
 20407
 20564
 20701
 20848
 21008
 21153
 21298
 21457
 21609
 21754
 21916
 22046
 22206
 22357
 22517
 22660
 22798
 22959
 23134
 23304
 23465
 23642
 23813
 23970
 24105
 24270
 24433
 24575
 24731
 24890
 25056
 25215
 25381
 25557
 25740
 25913
 26079
 26236
 26382
 26536
 26701
 26867
 27018
 27188
 27359
 27527
 27698
 27879
 28060
 28236
 28400
 28569
 28743
 28912
 29090
 29241
 29409
 29575
 29737
 29918
 30111
 30295
 30459
 30647
 30819
 30977
 31144
 31312
 31468
 31628
 31792
 31959
 32140
 32321
 32510
 32699
 32885
 33059
 33225
 33403
 33584
 33747
 33928
 34088
 34266
 34434
 34612
 34790
 34972
 35161
 35360
 35519
 35698
 35868
 36046
 36220
 36365
 36537
 36715
 36902
 37095
 37293
 37495
 37671
 37856
 38017
 38201
 38367
 38549
 38733
 38904
 39084
 39259
 39448
  8031
  5455
  5501
  5526
  5519
  5520
  5507
  5507
  5520
  5466
  5421
  5374
  5284
  5241
  5200
  5165
  5129
  5111
  5091
  5068
  5047
  5032
  5000
  4982
  4968
  4972
  4946
  4924
  4916
  4912
  4901
  4873
  4857
  4817
  4822
  4817
  4817
  4813
  4775
  4755
  4728
  4676
  4717
  4787
  4729
  4686
  4639
  4602
  4552
  4527
  4491
  4451
  4418
  4458
  4174
 34816
 49728
 49915
 50129
 50299
 50467
 50623
 50763
 50897
 51007
 51143
 51258
 51396
 51536
 51684
 51834
 51996
 52140
 52288
 52442
 52604
 52753
 52952
 53133
 53404
 53681
 54616
 70845
 70837
 70835
 70835
 70832
 70842
 70844
 70832
 70837
 70832
 70847
 70833
 70849
 70850
 70841
 70857
 70858
 70858
 70851
 70858
 70857
 70840
 70847
 70843
 70835
 70825
 70842
 70841
 70830
 70842
 70848
 70867
 70875
 70879
 70882
 70875
 62869
 63373
 70878
 70882
 70877
 70875
 70867
 70864
 70867
 70874
 70873
 70876
 70861
 70870
