So, 16.02.25    10:24:54
513 Jäckel-1
1		
48.280
0.000
0.000


  8618
  8642
  8680
  8698
  8710
  8741
  8774
  8804
  8831
  8859
  8908
  8925
  8958
  8990
  9024
  9042
  9071
  9108
  9149
  9127
  9143
  9219
  9280
  9325
  9355
  9356
  9352
  9320
  9412
  9466
  9498
  9528
  9575
  9610
  9652
  9689
  9727
  9775
  9813
  9854
  9898
  9938
  9976
 10027
 10069
 10120
 10151
 10193
 10230
 10234
 10299
 10349
 10386
 10393
 10459
 10522
 10575
 10618
 10677
 10719
 10788
 10843
 10918
 10993
 11050
 11106
 11167
 11220
 11275
 11317
 11325
 11448
 11439
 11463
 11517
 11570
 11633
 11677
 11740
 11792
 11934
 11983
 11997
 12108
 12191
 12257
 12337
 12419
 12502
 12582
 12684
 12771
 12862
 12942
 13028
 13112
 13190
 13294
 13384
 13478
 13575
 13664
 13789
 13893
 14028
 14128
 14234
 14355
 14453
 14553
 14655
 14749
 14856
 14979
 15085
 15201
 15290
 15407
 15528
 15659
 15786
 15907
 16015
 16129
 16244
 16348
 16461
 16573
 16680
 16805
 16922
 17052
 17190
 17331
 17488
 17646
 17772
 17894
 18013
 18143
 18254
 18379
 18510
 18648
 18784
 18916
 19047
 19179
 19352
 19490
 19640
 19786
 19925
 20066
 20196
 20333
 20457
 20587
 20734
 20866
 21011
 21181
 21341
 21508
 21656
 21796
 21953
 22105
 22241
 22372
 22511
 22675
 22824
 22970
 23131
 23287
 23468
 23628
 23776
 23915
 24061
 24205
 24354
 24508
 24659
 24823
 24989
 25175
 25359
 25537
 25704
 25857
 25990
 26158
 26303
 26459
 26611
 26776
 26943
 27106
 27288
 27461
 27646
 27801
 27953
 28112
 28262
 28409
 28566
 28746
 28909
 29084
 29251
 29447
 29645
 29819
 29998
 30157
 30318
 30475
 30645
 30810
 30977
 31139
 31316
 31482
 31668
 31862
 32038
 32205
 32359
 32532
 32694
 32867
 33026
 33201
 33372
 33562
 33771
 33966
 34139
 34310
 34471
 34647
 34816
 34993
 35181
 35350
 35530
 35703
 35889
 36087
 36269
 36430
 36596
 36768
 36944
 37119
 37282
 37459
 37642
 37837
 38018
 38218
 38397
 38579
 38749
 38936
 39117
 39299
 39477
 39667
 39844
 40026
 40234
 40424
 40603
 40771
 40963
 41126
 41296
 41448
 41618
 41804
 42007
 42204
 42417
 42613
 42792
 42962
 43141
 43316
 43514
 43704
 43886
 44081
 44270
 44453
 44648
 44838
 45015
 45200
 45372
 45552
 45730
 45913
 46119
 46317
 46521
 46718
 46935
 47117
 22267
 22012
 22027
 22114
 22153
 22163
 22153
 22166
 22181
 22216
 22245
 22356
 22368
 22417
 31973
 70826
 70822
 70828
 70831
 70824
 70836
 70821
 50768
 61719
 70300
 68277
 67843
 70830
 70825
 70838
 70824
 70819
 70821
 70828
 70816
 55985
 53583
 53610
 53652
 56678
 70820
 70816
 70816
 70822
 70816
 70818
 70813
 70804
 70805
 70792
 70789
 70781
 70781
 70765
 70766
 70759
 70747
 70747
 70744
 70742
 70751
 70744
 70748
 70758
 70756
 70756
 70771
 70783
 70791
 70800
 70812
 70818
 70815
 70817
 70810
 70810
 70807
 70800
 70803
 70794
 70804
 70793
 70804
 70801
 70799
 70811
 70809
 70798
 70808
 65017
