So, 16.02.25    11:29:18
681 Hüttner-6
6		
48.280
0.000
0.000


  6611
  6655
  6704
  6733
  6800
  6848
  6892
  6952
  6997
  7045
  7106
  7165
  7203
  7264
  7349
  7409
  7504
  7580
  7660
  7737
  7824
  7906
  7988
  8074
  8157
  8220
  8307
  8369
  8459
  8532
  8626
  8722
  8834
  8949
  9059
  9168
  9273
  9370
  9461
  9549
  9659
  9744
  9865
  9950
 10085
 10195
 10293
 10375
 10470
 10578
 10689
 10802
 10914
 11040
 11153
 11243
 11338
 11442
 11560
 11692
 11800
 11907
 12032
 12141
 12240
 12390
 12506
 12635
 12755
 12864
 12994
 13123
 13254
 13398
 13534
 13650
 13781
 13906
 14028
 14143
 14251
 14367
 14491
 14623
 14757
 14890
 15019
 15165
 15310
 15466
 15609
 15753
 15864
 16001
 16128
 16242
 16357
 16492
 16631
 16766
 16909
 17043
 17197
 17343
 17496
 17664
 17823
 17985
 18115
 18253
 18390
 18530
 18686
 18835
 18996
 19158
 19288
 19464
 19626
 19781
 19969
 20112
 20255
 20398
 20525
 20672
 20812
 20959
 21107
 21247
 21396
 21565
 21744
 21925
 22121
 22291
 22455
 22583
 22733
 22873
 23024
 23194
 23359
 23529
 23701
 23890
 24076
 24258
 24415
 24568
 24718
 24869
 25019
 25194
 25354
 25519
 25706
 25886
 26064
 26251
 26433
 26583
 26754
 26915
 27071
 27234
 27420
 27609
 27770
 27947
 28145
 28324
 28527
 28710
 28879
 29045
 29203
 29358
 29521
 29686
 29875
 30053
 30269
 30463
 30658
 30860
 31034
 31200
 31360
 31533
 31712
 31897
 32099
 32295
 32498
 32688
 32881
 33077
 33252
 33415
 33593
 33771
 33955
 34124
 34305
 34510
 34707
 34917
 35146
 35358
 35529
 35695
 35869
 36049
 36228
 36403
 36607
 36817
 37012
 37211
 37427
 37618
 37791
 37963
 38131
 38304
 38491
 38678
 38887
 39091
 39301
 39520
 39727
 39900
 40099
 40274
 40475
 40671
 40868
 41069
 41264
 41455
 41672
 41880
 42080
 42257
 42456
 42633
 42803
 43000
 43197
 43392
 43621
 43837
 44048
 44263
 44453
 44640
 44828
 45020
 45212
 45402
 45600
 45798
 45994
 46204
 46389
 46598
 46811
 47013
 47215
 47397
 47584
 47754
 47892
 48052
 48204
 48366
 48548
 48722
 48895
 49057
 49243
 49425
 49603
 49784
 49960
 50155
 50340
 50551
 50721
 50896
 50997
 51081
 51316
 51555
 51761
 51988
 52259
 52455
 52614
 52698
 52683
 52674
 52774
 52895
 53031
 53171
 53351
 53537
 53747
 53916
 54072
 65334
 70824
 70816
 70821
 70818
 70829
 70828
 70821
 70817
 70820
 70822
 35087
 22201
 22251
 22245
 32262
 70837
 70873
 34783
 22445
 22440
 22459
 22445
 22436
 22432
 22458
 22489
 22523
 22557
 22616
 22642
 22688
 22717
 46509
 70708
 58892
 57659
 57710
 57911
 64096
 68720
 68792
 68811
 68870
 69170
 70040
 70256
 70242
 70211
 65209
 63008
 70029
 69971
 69950
 69970
 70013
 69993
 69980
 69946
 69934
 69937
 69933
 69570
 69940
 69926
 69915
 69932
 69924
 69947
 69924
 69908
 69894
 69912
 69913
 69891
 69768
 69519
 69416
 69552
 69786
 69877
 69880
 69878
 69889
 69864
 69869
 69867
 69866
 69861
