So, 16.02.25    10:15:28
355 Karsten-1
1		
48.280
0.000
0.000


 16749
 16792
 16855
 16925
 16982
 17043
 17104
 17154
 17232
 17305
 17395
 17494
 17605
 17683
 17746
 17841
 17950
 18062
 18164
 18269
 18361
 18458
 18556
 18650
 18756
 18852
 18953
 19052
 19140
 19249
 19349
 19442
 19547
 19641
 19746
 19862
 19967
 20059
 20155
 20267
 20350
 20446
 20551
 20663
 20777
 20878
 20999
 21125
 21266
 21392
 21499
 21619
 21747
 21880
 22006
 22124
 22267
 22410
 22562
 22696
 22825
 22955
 23106
 23254
 23396
 23540
 23672
 23793
 23943
 24090
 24223
 24350
 24487
 24627
 24761
 24921
 25093
 25236
 25398
 25530
 25676
 25802
 25942
 26085
 26233
 26380
 26506
 26663
 26829
 27001
 27158
 27332
 27491
 27650
 27803
 27946
 28098
 28258
 28411
 28563
 28712
 28868
 29040
 29223
 29403
 29590
 29763
 29923
 30075
 30229
 30386
 30535
 30704
 30868
 31028
 31183
 31358
 31525
 31701
 31890
 32061
 32240
 32409
 32565
 32729
 32882
 33043
 33196
 33343
 33524
 33718
 33919
 34108
 34293
 34477
 34644
 34805
 34973
 35150
 35326
 35490
 35675
 35854
 36036
 36225
 36400
 36579
 36765
 36940
 37113
 37302
 37487
 37663
 37830
 37994
 38174
 38372
 38556
 38754
 38954
 39157
 39338
 39522
 39686
 39853
 40029
 40219
 40394
 40571
 40765
 40956
 41138
 41331
 41521
 41715
 41889
 42076
 42266
 42442
 42625
 42798
 42969
 43163
 43341
 43545
 43753
 43956
 44167
 44349
 44524
 44682
 44851
 45040
 45234
 45428
 45618
 45825
 46023
 46213
 46413
 46593
 46775
 46956
 47139
 47324
 47487
 47660
 47823
 47994
 48163
 48338
 48526
 48717
 48928
 49103
 49241
 49375
 49515
 49692
 49844
 49993
 50159
 50319
 50493
 50669
 50822
 50991
 51177
 51331
 51499
 51665
 51823
 51980
 52137
 52311
 52485
 52677
 52872
 52986
 62701
 70752
 70764
 70750
 70762
 70760
 70763
 70761
 70767
 70770
 70771
 70783
 70776
 70772
 70777
 70787
 70792
 70796
 70790
 70796
 70793
 70797
 70804
 70799
 70818
 70818
 70831
 70845
 70855
 70866
 70866
 70881
 70877
 70878
 70891
 70885
 70895
 70870
 70864
 70863
 70864
 70850
 70851
 70847
 70842
 70843
 70833
 70843
 70835
 70836
