So, 16.02.25    11:23:39
448 Schulze-5
5		
48.280
0.000
0.000


  2871
  2875
  2880
  2890
  2901
  2913
  2930
  2949
  2958
  2981
  3003
  2996
  3019
  3033
  3052
  3084
  3092
  3117
  3144
  3151
  3185
  3212
  3285
  3337
  3351
  3389
  3431
  3487
  3560
  3634
  3712
  3804
  3875
  3936
  4019
  4077
  4130
  4202
  4271
  4360
  4413
  4503
  4597
  4684
  4782
  4874
  4954
  5067
  5176
  5271
  5366
  5456
  5544
  5648
  5729
  5812
  5896
  6004
  6088
  6183
  6257
  6352
  6484
  6605
  6706
  6824
  6951
  7094
  7217
  7324
  7467
  7576
  7684
  7804
  7942
  8081
  8184
  8310
  8446
  8612
  8754
  8912
  9028
  9166
  9282
  9399
  9525
  9656
  9769
  9897
 10043
 10185
 10298
 10456
 10602
 10751
 10896
 11045
 11136
 11277
 11435
 11571
 11725
 11890
 12037
 12180
 12333
 12477
 12640
 12782
 12946
 13100
 13242
 13412
 13576
 13723
 13866
 14017
 14170
 14327
 14459
 14622
 14778
 14947
 15124
 15287
 15470
 15659
 15787
 15933
 16087
 16227
 16375
 16544
 16681
 16871
 17042
 17220
 17389
 17545
 17698
 17861
 18010
 18180
 18336
 18517
 18684
 18852
 19014
 19197
 19358
 19546
 19734
 19909
 20078
 20251
 20416
 20581
 20742
 20905
 21105
 21266
 21432
 21619
 21821
 22008
 22180
 22341
 22517
 22684
 22842
 23010
 23175
 23358
 23529
 23709
 23908
 24101
 24304
 24485
 24661
 24847
 25033
 25213
 25392
 25560
 25743
 25911
 26101
 26291
 26469
 26651
 26831
 27021
 27210
 27381
 27562
 27728
 27908
 28106
 28275
 28479
 28687
 28884
 29085
 29268
 29445
 29631
 29804
 29997
 30194
 30379
 30554
 30744
 30949
 31142
 31329
 31506
 31686
 31862
 32050
 32228
 32407
 32607
 32794
 32974
 33180
 33387
 33594
 33795
 33986
 34166
 34355
 34542
 34721
 34917
 35115
 35321
 35494
 35706
 35903
 36094
 36282
 36463
 36631
 36814
 37008
 37205
 37396
 37602
 37812
 38022
 38222
 38428
 38627
 38810
 39001
 39192
 39379
 39575
 39777
 39975
 40185
 40391
 40592
 40787
 40974
 41161
 41325
 41517
 41710
 41909
 42109
 42325
 42543
 42749
 42948
 43138
 43324
 43521
 43713
 43913
 44111
 44302
 44507
 44706
 44914
 45131
 45318
 45505
 45696
 45881
 46077
 46287
 46471
 46679
 46901
 47121
 47338
 47548
 47739
 47931
 48118
 48291
 48468
 48656
 48836
 49011
 49183
 49356
 49524
 49733
 49958
 50115
 49969
 50331
 50707
 50787
 50894
 51192
 51442
 51601
 51747
 51926
 52063
 52249
 52357
 52497
 52613
 52717
 52855
 52997
 53126
 53273
 53413
 53579
 53758
 53975
 54165
 54360
 54604
 55771
 70877
 70832
 70826
 70812
 70820
 70815
 70804
 70802
 70810
 70800
 70804
 70806
 70797
 70792
 70802
 70792
 70804
 70804
 70792
 70798
 70791
 70800
 70810
 70812
 70834
 70850
 70853
 70855
 70854
 70854
 70855
 70847
 70848
 70848
 70828
 70815
 70798
 70808
 70815
 70802
 70791
 70798
 70795
 70800
 70801
 70790
 70799
 70792
 70786
 70794
