So, 16.02.25    11:03:51
23 Osazee-3
3		
48.280
0.000
0.000


  7357
  7405
  7485
  7589
  7682
  7801
  7940
  8072
  8150
  8323
  8506
  8621
  8725
  8820
  8920
  9021
  9169
  9278
  9389
  9488
  9610
  9714
  9835
 10002
 10156
 10324
 10414
 10517
 10618
 10753
 10872
 10981
 11124
 11232
 11355
 11491
 11637
 11825
 11984
 12159
 12296
 12427
 12578
 12722
 12856
 12997
 13176
 13326
 13460
 13617
 13781
 13934
 14126
 14288
 14426
 14565
 14699
 14839
 14993
 15139
 15277
 15473
 15644
 15813
 15992
 16157
 16322
 16490
 16665
 16801
 16971
 17107
 17276
 17427
 17596
 17762
 17945
 18117
 18301
 18476
 18662
 18841
 18998
 19166
 19321
 19486
 19646
 19814
 19988
 20153
 20341
 20547
 20726
 20914
 21075
 21230
 21395
 21576
 21736
 21915
 22084
 22270
 22458
 22628
 22821
 23008
 23191
 23378
 23550
 23730
 23901
 24063
 24239
 24422
 24605
 24806
 24985
 25223
 25404
 25602
 25779
 25954
 26134
 26277
 26442
 26628
 26822
 27038
 27223
 27413
 27626
 27814
 28002
 28188
 28372
 28558
 28739
 28919
 29111
 29281
 29473
 29668
 29877
 30092
 30291
 30492
 30681
 30860
 31036
 31222
 31384
 31569
 31769
 31960
 32166
 32373
 32576
 32756
 32954
 33142
 33324
 33512
 33708
 33887
 34078
 34267
 34461
 34667
 34873
 35092
 35292
 35483
 35684
 35868
 36052
 36242
 36411
 36613
 36812
 37012
 37217
 37426
 37623
 37814
 37499
 17075
 16835
 16879
 16995
 17039
 17054
 17046
 17104
 17238
 17240
 29145
 17501
 17323
 17320
 33807
 41158
 41336
 41533
 41731
 41943
 42145
 42351
 42537
 42731
 42910
 43109
 43292
 43488
 43698
 43900
 44120
 44326
 44525
 44716
 44913
 45115
 45317
 45509
 45703
 45899
 46087
 46267
 46454
 46653
 46849
 47027
 47211
 47408
 47599
 47782
 47972
 48157
 48343
 48535
 48705
 48843
 48989
 49147
 49312
 49483
 49497
 49637
 49867
 50096
 50299
 50554
 50832
 51009
 51179
 51344
 51488
 51591
 51706
 51819
 51936
 52069
 52228
 52371
 52523
 52677
 52862
 53003
 53196
 53402
 53614
 53797
 65269
 70698
 70706
 70706
 70706
 70707
 70701
 70712
 70703
 70706
 70708
 70706
 70696
 70704
 70700
 70704
 70709
 70715
 70716
 70718
 70730
 70762
 70774
 70798
 70818
 70848
 70872
 70899
 70930
 70939
 70942
 70938
 70940
 70933
 70932
 70926
 70930
 70927
 70923
 70922
 70922
 70916
 70919
 70929
 70924
 70924
 70919
 70934
 70921
 70913
