So, 16.02.25    11:25:39
355 Karsten-5
5		
48.280
0.000
0.000


 15921
 15991
 16050
 16112
 16159
 16216
 16271
 16323
 16376
 16422
 16487
 16556
 16600
 16654
 16702
 16755
 16825
 16891
 16942
 17004
 17072
 17123
 17193
 17258
 17332
 17409
 17506
 17589
 17641
 17733
 17827
 17943
 18046
 18154
 18257
 18356
 18469
 18571
 18662
 18758
 18857
 18962
 19063
 19160
 19263
 19354
 19447
 19547
 19654
 19762
 19872
 19987
 20097
 20203
 20307
 20406
 20506
 20608
 20744
 20863
 20968
 21078
 21217
 21342
 21475
 21607
 21731
 21834
 21961
 22071
 22209
 22333
 22457
 22599
 22719
 22849
 22980
 23110
 23253
 23387
 23537
 23672
 23810
 23936
 24080
 24219
 24353
 24483
 24626
 24784
 24922
 25076
 25228
 25378
 25551
 25709
 25833
 25971
 26113
 26251
 26382
 26513
 26673
 26819
 26988
 27152
 27304
 27479
 27627
 27793
 27940
 28086
 28230
 28379
 28535
 28702
 28863
 29018
 29189
 29350
 29529
 29713
 29891
 30061
 30223
 30365
 30521
 30675
 30837
 30979
 31149
 31321
 31484
 31664
 31840
 32024
 32210
 32382
 32550
 32708
 32869
 33037
 33197
 33359
 33520
 33686
 33877
 34072
 34274
 34469
 34649
 34833
 34993
 35148
 35319
 35482
 35646
 35830
 36015
 36199
 36378
 36554
 36757
 36935
 37120
 37292
 37474
 37647
 37820
 37992
 38178
 38344
 38523
 38697
 38893
 39088
 39272
 39444
 39623
 39806
 39992
 40190
 40374
 40559
 40751
 40948
 41140
 41336
 41530
 41722
 41919
 42104
 42282
 42479
 42657
 42840
 43017
 43194
 43374
 43573
 43790
 44021
 44220
 44413
 44600
 44777
 44959
 45150
 45331
 45508
 45716
 45924
 46120
 46310
 46515
 46720
 46918
 47110
 47307
 47481
 47670
 47851
 48014
 48176
 48332
 48487
 48662
 48833
 49005
 49150
 49324
 49476
 49646
 49832
 50006
 50200
 50426
 50649
 50922
 51111
 51201
 51503
 51836
 58511
 70832
 70830
 70838
 58853
 52473
 52582
 52792
 52930
 53028
 53160
 53328
 53516
 53719
 53947
 54639
 70827
 70827
 70830
 70831
 70835
 70831
 70839
 70837
 70830
 70824
 70832
 70834
 70829
 70820
 70829
 70822
 70833
 70829
 70831
 70836
 70837
 70829
 70820
 70838
 70836
 70841
 70847
 70842
 70855
 70854
 70885
 70910
 70934
 70956
 70971
 70977
 71022
 71056
 71058
 71056
 71064
 71017
 70999
 70998
 70981
 70983
 70990
 70997
 70998
 70976
