So, 16.02.25    11:22:20
310 Schade-5
5		
48.280
0.000
0.000


  9548
  9554
  9565
  9568
  9566
  9572
  9573
  9596
  9616
  9635
  9639
  9666
  9701
  9755
  9801
  9839
  9911
  9976
 10013
 10037
 10087
 10136
 10184
 10224
 10307
 10369
 10438
 10506
 10575
 10621
 10693
 10768
 10866
 10964
 11024
 11103
 11135
 11206
 11303
 11390
 11474
 11578
 11684
 11771
 11876
 11983
 12081
 12203
 12331
 12449
 12553
 12676
 12782
 12865
 12945
 13053
 13149
 13249
 13367
 13488
 13644
 13774
 13903
 14029
 14132
 14217
 14331
 14444
 14586
 14711
 14833
 14936
 15037
 15253
 15386
 15511
 15629
 15753
 15891
 16010
 16139
 16267
 16380
 16514
 16660
 16783
 16961
 17124
 17261
 17410
 17529
 17662
 17773
 17909
 18061
 18213
 18385
 18532
 18679
 18854
 19036
 19176
 19321
 19454
 19585
 19730
 19903
 20056
 20212
 20371
 20532
 20709
 20866
 21019
 21173
 21314
 21449
 21598
 21751
 21915
 22078
 22253
 22426
 22604
 22767
 22944
 23090
 23248
 23402
 23562
 23716
 23868
 24036
 24209
 24375
 24542
 24741
 24947
 25132
 25283
 25434
 25591
 25747
 25911
 26067
 26233
 26400
 26582
 26771
 26969
 27155
 27331
 27496
 27653
 27809
 27971
 28123
 28293
 28467
 28659
 28849
 29055
 29249
 29414
 29583
 29749
 29926
 30096
 30265
 30440
 30624
 30812
 30995
 31195
 31382
 31569
 31754
 31926
 32102
 32249
 32406
 32643
 32799
 32971
 33168
 33370
 33580
 33779
 33955
 34131
 34291
 34468
 34627
 34826
 35029
 35225
 35416
 35603
 35801
 35985
 36165
 36320
 36463
 36637
 36829
 37024
 37226
 37424
 37623
 37815
 38020
 38202
 38371
 38573
 38739
 38919
 39102
 39303
 39500
 39693
 39885
 40087
 40290
 40465
 40642
 40815
 40984
 41185
 41363
 41550
 41740
 41949
 42173
 42382
 42581
 42746
 42919
 43106
 43285
 43476
 43665
 43873
 44057
 44258
 44463
 44672
 44858
 45034
 45248
 45420
 45607
 45791
 45979
 46166
 46368
 46580
 46805
 46994
 47195
 47383
 47568
 47738
 47906
 48070
 48243
 48414
 48577
 48739
 48908
 49085
 49266
 49506
 49344
 49441
 50070
 50259
 50414
 50541
 50721
 50869
 51025
 51172
 51312
 51451
 51632
 51817
 52007
 52160
 52283
 52394
 52504
 52626
 52742
 52895
 53049
 53200
 53368
 53522
 53692
 53931
 54103
 55481
 70764
 70765
 70758
 70763
 70771
 70782
 70784
 70797
 70814
 70815
 70828
 70848
 70857
 70874
 70903
 70910
 70937
 70953
 70965
 70977
 71051
 71077
 71100
 71109
 71109
 71125
 71109
 71112
 71116
 71120
 71125
 71117
 71114
 71121
 71109
 71114
 71110
 71110
 71118
 71110
 71106
 71103
 71113
 71103
 71107
 71105
 71112
 71093
 71109
 71105
