So, 16.02.25    10:37:30
154 Kremling-2
2		
48.280
0.000
0.000


 14061
 14118
 14188
 14262
 14325
 14386
 14468
 14538
 14627
 14707
 14805
 14908
 14976
 15074
 15160
 15248
 15336
 15422
 15494
 15577
 15685
 15765
 15866
 15965
 16066
 16164
 16248
 16347
 16469
 16585
 16694
 16820
 16947
 17040
 17159
 17257
 17382
 17482
 17631
 17757
 17885
 18018
 18160
 18270
 18398
 18503
 18616
 18734
 18846
 18968
 19093
 19231
 19353
 19500
 19641
 19805
 19971
 20108
 20216
 20340
 20448
 20592
 20731
 20857
 20998
 21151
 21303
 21418
 21588
 21773
 21940
 22093
 22239
 22385
 22530
 22658
 22785
 22921
 23071
 23210
 23387
 23544
 23721
 23876
 24030
 24172
 24312
 24460
 24624
 24773
 24943
 25107
 25279
 25430
 25608
 25805
 25964
 26123
 26291
 26445
 26597
 26755
 26928
 27096
 27255
 27426
 27609
 27785
 27951
 28127
 28276
 28429
 28597
 28755
 28940
 29109
 29285
 29466
 29649
 29831
 30034
 30216
 30386
 30544
 30711
 30876
 31027
 31190
 31362
 31545
 31742
 31947
 32144
 32323
 32481
 32649
 32809
 32974
 33154
 33313
 33516
 33719
 33901
 34103
 34293
 34482
 34659
 34837
 35008
 35186
 35362
 35537
 35718
 35915
 36110
 36317
 36496
 36688
 36881
 37061
 37218
 37392
 37593
 37774
 37973
 38152
 38344
 38540
 38755
 38940
 39136
 39314
 39482
 39666
 39842
 40016
 40204
 40395
 40603
 40818
 41012
 41213
 41387
 41558
 41749
 41946
 42120
 42318
 42507
 42698
 42895
 43097
 43284
 43489
 43686
 43873
 44060
 44238
 44411
 44587
 44781
 44967
 45173
 45376
 45578
 45788
 45993
 46173
 46358
 46539
 46741
 46927
 47101
 47274
 47434
 47615
 47773
 47942
 48081
 48256
 48442
 48624
 48825
 48989
 48821
 48699
 48861
 49051
 49270
 49605
 49881
 50420
 50641
 50814
 50919
 51064
 51193
 51311
 51439
 51587
 51715
 51950
 52142
 52272
 52453
 52620
 52765
 52933
 53074
 53320
 53608
 53721
 59577
 70862
 70877
 70896
 70904
 70924
 70924
 70933
 70926
 70917
 70915
 63423
 55510
 55576
 55707
 61695
 70866
 68909
 60601
 56550
 56692
 56909
 57039
 57219
 57987
 57522
 57653
 68846
 70883
 70878
 70896
 70885
 70894
 70879
 70883
 70882
 70880
 70884
 70895
 70888
 70884
 70889
 70888
 70893
 70880
 70876
 70876
 70881
 70880
 70897
 70891
 70874
 70886
 70893
 70877
 70882
 70891
 70878
 70881
 70885
 70891
 70887
 70885
 70880
 70886
 70886
 70882
 70886
 70879
 63083
 48730
 48718
 48695
 64135
 70886
 70879
 70881
 70881
 70880
 70899
 70880
 70887
 70881
 70886
 70878
 70885
 70885
 70876
 70889
 70891
 70892
 70889
 70882
 70878
 70884
 70886
 70879
 70888
 70885
 70877
 70892
 70887
 70886
 70878
 70891
 70885
 70881
 70882
 70884
 70875
 70891
 70884
 50100
  7001
  6813
  6681
  6644
  6621
  6615
  6607
  6608
  6584
  6555
  6515
  6484
  6468
  6463
  6452
  6452
  6459
  6436
  6454
  6460
  6427
  6349
  6242
  6195
  6160
  5998
  6043
 29305
 70903
 70892
 70892
 70867
 70873
 70866
 70870
 70859
 70834
 70808
 59186
 52357
 72818
 73241
 73683
 74621
 75166
 75525
 75745
 77164
 78284
 79172
 79938
 79903
 79887
 80005
 79778
 79878
 79986
 80223
 80645
 80999
 81139
 81135
 81124
 81054
 81078
 81073
 81088
 81051
 20095
  7472
  7362
  7316
  7275
  7240
  7220
  7180
  7152
  7146
  7133
  7130
  7118
  7084
  7036
  7171
  7423
 46337
 81321
 81237
 81195
 81290
 81246
 81235
 81215
 81259
 81245
 81222
 81218
 81222
 81259
 81252
 81297
 81268
 81287
 81296
 81285
 81183
 81255
 81253
 81312
 81251
 81287
 81277
 81267
 81307
 81201
 81215
 81282
 81280
 81233
 81248
 81220
 81252
 81255
 81242
 81203
 81302
 81209
 81287
 81237
 81305
 81209
 81265
 81206
 81300
 81195
 81143
