So, 16.02.25    11:10:05
681 Hüttner-4
4		
48.280
0.000
0.000


  6969
  7004
  7041
  7073
  7118
  7162
  7207
  7253
  7304
  7362
  7421
  7473
  7527
  7580
  7636
  7676
  7706
  7743
  7814
  7886
  7992
  8094
  8168
  8247
  8325
  8408
  8465
  8558
  8637
  8701
  8778
  8878
  8963
  9030
  9101
  9181
  9293
  9381
  9494
  9620
  9732
  9812
  9898
 10001
 10096
 10197
 10290
 10384
 10480
 10580
 10682
 10791
 10888
 11005
 11103
 11239
 11361
 11457
 11567
 11676
 11796
 11910
 12037
 12163
 12283
 12390
 12522
 12658
 12779
 12899
 13013
 13155
 13273
 13424
 13558
 13684
 13816
 13939
 14055
 14187
 14295
 14413
 14545
 14683
 14842
 14986
 15100
 15245
 15393
 15534
 15683
 15820
 15949
 16063
 16191
 16326
 16441
 16568
 16722
 16858
 16994
 17138
 17289
 17425
 17570
 17709
 17874
 18038
 18204
 18347
 18490
 18636
 18762
 18896
 19038
 19194
 19349
 19501
 19661
 19823
 19995
 20145
 20311
 20460
 20598
 20733
 20897
 21040
 21177
 21323
 21477
 21621
 21791
 21952
 22108
 22275
 22447
 22626
 22796
 22949
 23106
 23248
 23391
 23544
 23705
 23864
 24030
 24196
 24368
 24544
 24721
 24901
 25077
 25245
 25388
 25533
 25702
 25852
 26000
 26163
 26326
 26489
 26665
 26846
 27047
 27234
 27409
 27575
 27727
 27873
 28029
 28192
 28374
 28535
 28727
 28915
 29101
 29277
 29466
 29647
 29812
 29975
 30144
 30321
 30476
 30647
 30826
 31015
 31189
 31368
 31565
 31763
 31949
 32108
 32282
 32458
 32630
 32798
 32980
 33162
 33354
 33553
 33741
 33938
 34125
 34296
 34475
 34642
 34812
 34991
 35185
 35379
 35554
 35746
 35957
 36164
 36347
 36521
 36693
 36865
 37051
 37225
 37426
 37624
 37809
 38001
 38198
 38367
 38565
 38738
 38930
 39110
 39289
 39462
 39649
 39854
 40062
 40287
 40492
 40682
 40840
 41017
 41198
 41378
 41562
 41772
 41977
 42184
 42384
 42583
 42768
 42951
 43126
 43312
 43505
 43709
 43898
 44097
 44308
 44507
 44695
 44891
 45064
 45245
 45430
 45621
 45826
 46024
 46216
 46393
 46591
 46800
 46992
 47198
 47384
 47566
 47733
 47875
 48028
 48182
 48324
 48485
 48639
 48808
 48949
 49121
 49290
 49403
 49540
 49749
 49981
 50194
 50412
 50598
 50783
 50901
 51061
 51331
 51426
 51406
 51515
 51686
 51849
 52033
 52249
 52457
 52620
 52750
 52817
 52845
 52911
 53007
 53141
 53257
 53419
 53644
 53846
 54046
 62576
 70856
 70850
 70844
 70849
 70838
 70842
 70852
 70847
 70838
 70844
 70841
 70846
 70840
 70847
 70849
 70836
 70846
 70847
 70852
 70845
 70849
 70845
 70843
 70852
 70852
 70850
 70838
 70839
 70845
 70849
 70840
 70855
 70864
 70868
 70887
 70907
 70916
 70935
 67750
 57250
 57232
 62794
 70970
 70962
 70950
 70963
 70947
 70948
 70950
 70949
 70947
 70952
 70952
 70944
 70951
 70940
 70944
 70943
 70935
 70941
 70931
 70944
 70939
 70926
 70927
 70931
 70927
 70918
 70920
 70909
 70915
 70918
 70911
 70900
 70893
 70892
 70894
 70876
 70890
 70893
 70878
 70870
 70868
 70848
 70849
 70860
 70845
 70839
 70834
 70814
 70803
