So, 16.02.25    11:20:51
513 Jäckel-5
5		
48.280
0.000
0.000


  7995
  8035
  8069
  8111
  8151
  8191
  8230
  8262
  8294
  8329
  8361
  8385
  8347
  8427
  8502
  8493
  8534
  8594
  8690
  8665
  8658
  8652
  8685
  8765
  8837
  8871
  8928
  8978
  9025
  9062
  9059
  9071
  9161
  9173
  9182
  9206
  9245
  9295
  9331
  9404
  9490
  9450
  9449
  9489
  9603
  9648
  9714
  9770
  9827
  9872
  9926
  9975
 10023
 10065
 10083
 10112
 10202
 10287
 10352
 10397
 10417
 10433
 10437
 10520
 10593
 10665
 10722
 10783
 10853
 10935
 11000
 11071
 11146
 11204
 11274
 11338
 11362
 11453
 11433
 11498
 11550
 11626
 11683
 11751
 11809
 11876
 11934
 12005
 12141
 12245
 12275
 12395
 12476
 12574
 12660
 12748
 12848
 12949
 13036
 13135
 13223
 13314
 13396
 13498
 13586
 13664
 13787
 13870
 13998
 14113
 14229
 14348
 14460
 14552
 14653
 14754
 14867
 14972
 15089
 15195
 15309
 15410
 15534
 15644
 15788
 15913
 16027
 16146
 16258
 16362
 16482
 16610
 16691
 16786
 16911
 17031
 17207
 17334
 17478
 17648
 17792
 17928
 18056
 18166
 18230
 18387
 18534
 18667
 18818
 18920
 19026
 19207
 19340
 19492
 19647
 19824
 19962
 20104
 20233
 20347
 20448
 20553
 20694
 20826
 20991
 21151
 21299
 21464
 21646
 21822
 21965
 22107
 22192
 22330
 22442
 22635
 22790
 22919
 23087
 23261
 23423
 23591
 23770
 23941
 24089
 24239
 24380
 24527
 24676
 24820
 24965
 25133
 25287
 25444
 25615
 25801
 25983
 26140
 26276
 26415
 26570
 26714
 26888
 27046
 27206
 27380
 27546
 27712
 27877
 28063
 28221
 28382
 28535
 28694
 28852
 29014
 29176
 29344
 29493
 29677
 29869
 30060
 30270
 30413
 30574
 30730
 30894
 31053
 31220
 31379
 31548
 31729
 31908
 32099
 32286
 32457
 32607
 32774
 32926
 33089
 33253
 33409
 33612
 33789
 33988
 34180
 34374
 34581
 34752
 34914
 35084
 35264
 35427
 35604
 35780
 35945
 36133
 36306
 36483
 36675
 36844
 37019
 37186
 37356
 37535
 37703
 37884
 38067
 38258
 38453
 38655
 38839
 39009
 39182
 39348
 39534
 39706
 39866
 40088
 40283
 40476
 40668
 40851
 41010
 41181
 41337
 41509
 41691
 41874
 42053
 42253
 42454
 42659
 42842
 43027
 43198
 43379
 43565
 43772
 43950
 44143
 44332
 44514
 44704
 44881
 45066
 45234
 45407
 45580
 45773
 45954
 46149
 46356
 46555
 46754
 46963
 47177
 47363
 47545
 47712
 47867
 48015
 48143
 48297
 48482
 48652
 48833
 67867
 70853
 70857
 51969
 49023
 49124
 70852
 70853
 70843
 64330
 50493
 50665
 50750
 50865
 51065
 51301
 51559
 55004
 70268
 51994
 52001
 52374
 52550
 52768
 52972
 52978
 52858
 52928
 53063
 53188
 53334
 53554
 53728
 53933
 54116
 54330
 54589
 54770
 63644
 70793
 70775
 70777
 70756
 70758
 70755
 70689
 70594
 70604
 70602
 70609
 70606
 70592
 70562
 70554
 70560
 70578
 70570
 70558
 70531
 70548
 70546
 70553
 70535
 70530
 70528
 70528
 70521
 70538
 70521
 70511
 70514
 70499
 70507
 70510
 70504
 70503
 70519
 56551
 56474
 56480
 56512
 56522
 56579
 56698
 56864
 56959
 57283
 57503
 57588
 57750
 57870
 57704
 70465
 70458
 70456
 70463
 70474
 70452
 70460
 70467
 70467
 70470
 70463
 70466
 70448
 70472
 70453
 70454
 70451
 70462
 70472
 70443
 70455
 70433
 70452
 70451
 70446
 70430
 70446
 70437
 70452
 70437
 70442
 70437
 70438
 70437
 70441
 70445
 70429
 70440
 70441
 70426
 70433
 70427
 70420
 70423
 70430
 70424
 70419
 70424
 70420
 70429
