So, 16.02.25    10:22:34
602 Stütz-1
1		
48.280
0.000
0.000


 10343
 10376
 10386
 10437
 10490
 10554
 10611
 10651
 10689
 10742
 10787
 10872
 10913
 10960
 10999
 11042
 11087
 11121
 11196
 11257
 11298
 11361
 11430
 11488
 11560
 11657
 11810
 11907
 11993
 12071
 12222
 12343
 12447
 12515
 12600
 12679
 12773
 12888
 12987
 13074
 13167
 13284
 13363
 13470
 13586
 13697
 13800
 13895
 13979
 14059
 14157
 14300
 14391
 14481
 14597
 14713
 14823
 14947
 15065
 15170
 15292
 15398
 15486
 15605
 15725
 15831
 15931
 16044
 16158
 16284
 16384
 16524
 16659
 16788
 16903
 17043
 17162
 17281
 17397
 17527
 17664
 17810
 17925
 18040
 18170
 18282
 18423
 18585
 18728
 18879
 19032
 19157
 19276
 19385
 19523
 19669
 19823
 19944
 20086
 20247
 20393
 20527
 20683
 20818
 20947
 21080
 21221
 21351
 21501
 21643
 21786
 21922
 22071
 22243
 22410
 22565
 22730
 22878
 23038
 23167
 23293
 23418
 23576
 23726
 23878
 24067
 24252
 24407
 24573
 24722
 24880
 25019
 25183
 25343
 25473
 25657
 25795
 25941
 26105
 26268
 26437
 26608
 26756
 26925
 27080
 27242
 27398
 27553
 27717
 27877
 28063
 28246
 28417
 28587
 28744
 28906
 29068
 29226
 29397
 29561
 29722
 29892
 30057
 30242
 30401
 30579
 30746
 30915
 31071
 31229
 31396
 31559
 31739
 31920
 32118
 32308
 32495
 32666
 32824
 32980
 33138
 33321
 33487
 33669
 33843
 34009
 34184
 34372
 34560
 34752
 34928
 35109
 35273
 35452
 35605
 35793
 35978
 36168
 36362
 36538
 36729
 36907
 37090
 37252
 37434
 37610
 37780
 37960
 38134
 38318
 38499
 38691
 38889
 39054
 39234
 39412
 39586
 39752
 39939
 40125
 40322
 40523
 40725
 40906
 41092
 41263
 41420
 41601
 41778
 41955
 42134
 42321
 42527
 42719
 42894
 43049
 43261
 43442
 43617
 43778
 43990
 44163
 44365
 44552
 44753
 44952
 45146
 45310
 45485
 45671
 45833
 45994
 46192
 46353
 46535
 46748
 46899
 47033
 47174
 47398
 47614
 47800
 47980
 48144
 48313
 48499
 48671
 48827
 48951
 49082
 49243
 49394
 49567
 49764
 49974
 50158
 50368
 50589
 50824
 51047
 51277
 51490
 51673
 51845
 51887
 51834
 51850
 51948
 52072
 52219
 52377
 52517
 52672
 52817
 52983
 53156
 53308
 53512
 53831
 57397
 70833
 70823
 70808
 70812
 70801
 70786
 70750
 70740
 70747
 70754
 70751
 70738
 70741
 70744
 70746
 70742
 70738
 70734
 70737
 70734
 70734
 70726
 70723
 70711
 70714
 70701
 70701
 70694
 70690
 70691
 70694
 70693
 70691
 70686
 70693
 70683
 70686
 70685
 70693
 70686
 70680
 70687
 70693
 70691
 70683
 70678
 70681
 70684
 70674
 70671
