So, 16.02.25    11:21:34
650 Eltz-5
5		
48.280
0.000
0.000


 13964
 13971
 13974
 13983
 13996
 14003
 14022
 14038
 14057
 14072
 14084
 14101
 14109
 14135
 14142
 14155
 14184
 14217
 14250
 14280
 14308
 14359
 14408
 14438
 14483
 14537
 14597
 14675
 14730
 14813
 14882
 14958
 15026
 15081
 15130
 15216
 15265
 15327
 15384
 15471
 15548
 15638
 15710
 15806
 15880
 15974
 16063
 16144
 16226
 16310
 16403
 16489
 16582
 16681
 16761
 16872
 16952
 17052
 17155
 17262
 17362
 17473
 17594
 17720
 17840
 17942
 18041
 18141
 18251
 18352
 18472
 18601
 18719
 18839
 18971
 19084
 19204
 19332
 19476
 19593
 19715
 19863
 20016
 20152
 20253
 20390
 20498
 20637
 20799
 20928
 21032
 21135
 21258
 21386
 21523
 21671
 21810
 21953
 22075
 22210
 22353
 22497
 22637
 22770
 22911
 23052
 23200
 23348
 23514
 23667
 23820
 23964
 24111
 24254
 24400
 24535
 24690
 24835
 24983
 25170
 25336
 25487
 25647
 25810
 25946
 26092
 26253
 26381
 26542
 26703
 26872
 27037
 27216
 27383
 27555
 27725
 27874
 28034
 28192
 28337
 28496
 28665
 28827
 28994
 29156
 29342
 29528
 29718
 29885
 30040
 30219
 30374
 30536
 30709
 30875
 31037
 31210
 31390
 31564
 31750
 31915
 32085
 32267
 32424
 32591
 32758
 32910
 33086
 33237
 33425
 33624
 33825
 34011
 34175
 34347
 34521
 34692
 34877
 35052
 35226
 35415
 35591
 35790
 35974
 36169
 36346
 36501
 36670
 36856
 37035
 37211
 37379
 37563
 37746
 37945
 38140
 38329
 38520
 38701
 38883
 39058
 39229
 39420
 39593
 39785
 39988
 40185
 40391
 40575
 40764
 40934
 41113
 41297
 41465
 41643
 41831
 42015
 42222
 42427
 42627
 42814
 43007
 43182
 43367
 43554
 43743
 43942
 44135
 44315
 44509
 44698
 44876
 45072
 45278
 45448
 45637
 45811
 45988
 46182
 46360
 46551
 46760
 46971
 47178
 47372
 47568
 47747
 47906
 48067
 48231
 48396
 48575
 48744
 48908
 49066
 49248
 49457
 49813
 49697
 49581
 49465
 49629
 49815
 49945
 50605
 51213
 51367
 51466
 51584
 51705
 51830
 51973
 52110
 52273
 52406
 52533
 52705
 52907
 53136
 53292
 53317
 53281
 53436
 53583
 53751
 52957
 48431
 47994
 48397
 53511
 54465
 68193
 70817
 70813
 70812
 70812
 70823
 70815
 70814
 70812
 70815
 70827
 70830
 70844
 70866
 70892
 70907
 70919
 70917
 70910
 70914
 70910
 70904
 70903
 70906
 70892
 70901
 70899
 70900
 70904
 70891
 70901
 70908
 70898
 70897
 70894
 70895
 70891
 70895
 70897
 70890
 70905
 70889
 70896
 70902
 70897
 70897
 70892
 70898
 70896
 70891
     0
