So, 16.02.25    10:26:27
298 Ahiandjipe-1
1		
48.280
0.000
0.000


 12343
 12349
 12355
 12366
 12381
 12401
 12426
 12441
 12480
 12506
 12529
 12550
 12578
 12587
 12612
 12629
 12655
 12686
 12718
 12752
 12794
 12869
 12904
 12921
 12989
 13068
 13110
 13169
 13251
 13322
 13395
 13455
 13532
 13570
 13633
 13696
 13771
 13824
 13885
 13930
 14002
 14048
 14129
 14194
 14264
 14322
 14399
 14450
 14530
 14607
 14679
 14799
 14919
 14997
 15083
 15195
 15296
 15389
 15483
 15586
 15656
 15745
 15839
 15941
 16037
 16104
 16198
 16305
 16405
 16528
 16638
 16737
 16831
 16955
 17087
 17195
 17283
 17367
 17474
 17581
 17696
 17831
 17955
 18071
 18177
 18280
 18378
 18502
 18621
 18732
 18880
 19025
 19147
 19286
 19421
 19557
 19690
 19808
 19936
 20054
 20179
 20295
 20413
 20556
 20691
 20842
 20985
 21131
 21250
 21366
 21497
 21631
 21781
 21928
 22085
 22212
 22377
 22520
 22668
 22802
 22936
 23095
 23240
 23383
 23536
 23689
 23842
 24004
 24173
 24325
 24476
 24637
 24783
 24928
 25067
 25228
 25385
 25550
 25737
 25894
 26062
 26222
 26387
 26544
 26709
 26865
 27046
 27207
 27366
 27535
 27705
 27888
 28063
 28219
 28383
 28547
 28701
 28872
 29043
 29227
 29394
 29584
 29749
 29940
 30127
 30304
 30468
 30641
 30812
 30985
 31163
 31325
 31490
 31675
 31860
 32063
 32224
 32378
 32540
 32715
 32890
 33079
 33263
 33462
 33641
 33823
 34008
 34182
 34356
 34536
 34720
 34899
 35073
 35259
 35459
 35656
 35851
 36045
 36227
 36389
 36564
 36747
 36932
 37114
 37326
 37514
 37698
 37877
 38077
 38241
 38418
 38609
 38805
 39005
 39176
 39375
 39558
 39758
 39969
 40148
 40343
 40517
 40702
 40896
 41079
 41283
 41459
 41652
 41855
 42048
 42240
 42422
 42613
 42784
 42962
 43156
 43341
 43548
 43751
 43951
 44150
 44331
 44504
 44701
 44862
 45062
 45271
 45463
 45659
 45843
 46041
 46229
 46390
 46567
 46762
 46953
 47137
 47306
 47469
 47636
 47805
 47963
 48108
 48259
 48427
 48600
 48776
 48863
 49136
 49408
 49481
 49621
 49907
 50021
 50176
 50281
 50435
 50668
 50968
 50957
 51089
 51454
 51814
 58547
 64847
 52215
 52330
 52423
 52572
 52708
 52820
 52978
 53094
 53286
 56182
 70864
 70876
 70889
 70894
 70899
 70900
 70912
 70918
 70921
 70945
 70938
 70932
 70921
 70905
 70902
 70904
 70912
 70902
 70909
 70898
 70890
 70895
 70887
 70879
 70890
 70865
 70866
 70864
 70866
 70867
 70871
 70866
 70859
 70858
 70841
 70858
 70859
 70856
 70850
 70856
 70850
 70842
 70848
 70852
 70847
 70856
 70842
 70840
 70851
 70834
