So, 16.02.25    11:14:41
680 Ferber-4
4		
48.280
0.000
0.000


  4519
  4571
  4609
  4652
  4683
  4743
  4802
  4847
  4900
  4963
  5023
  5088
  5147
  5219
  5272
  5365
  5426
  5529
  5620
  5710
  5808
  5896
  5986
  6054
  6145
  6235
  6318
  6406
  6520
  6597
  6680
  6776
  6871
  6967
  7080
  7169
  7238
  7355
  7481
  7609
  7731
  7826
  7944
  8055
  8135
  8243
  8360
  8466
  8601
  8703
  8835
  8941
  9063
  9166
  9268
  9382
  9491
  9599
  9717
  9836
  9946
 10076
 10214
 10331
 10454
 10565
 10667
 10784
 10897
 11009
 11142
 11257
 11368
 11480
 11603
 11729
 11867
 11977
 12117
 12257
 12424
 12569
 12700
 12840
 12964
 13099
 13221
 13355
 13485
 13629
 13756
 13891
 14029
 14148
 14292
 14425
 14576
 14723
 14882
 15036
 15176
 15314
 15441
 15599
 15728
 15855
 15995
 16125
 16242
 16369
 16507
 16653
 16808
 16981
 17166
 17321
 17476
 17622
 17769
 17905
 18062
 18189
 18333
 18488
 18660
 18798
 18964
 19127
 19293
 19452
 19630
 19781
 19924
 20088
 20245
 20385
 20533
 20685
 20825
 20980
 21128
 21280
 21455
 21640
 21815
 21986
 22159
 22309
 22464
 22618
 22779
 22929
 23083
 23239
 23404
 23575
 23743
 23926
 24119
 24292
 24461
 24622
 24786
 24954
 25116
 25285
 25431
 25593
 25760
 25935
 26110
 26299
 26474
 26649
 26802
 26987
 27143
 27310
 27477
 27636
 27808
 27983
 28149
 28320
 28523
 28710
 28888
 29066
 29234
 29405
 29575
 29746
 29926
 30098
 30264
 30438
 30634
 30835
 31023
 31221
 31376
 31551
 31731
 31896
 32078
 32257
 32439
 32613
 32786
 32968
 33160
 33344
 33517
 33708
 33884
 34058
 34231
 34413
 34582
 34762
 34959
 35153
 35356
 35542
 35744
 35925
 36104
 36276
 36432
 36624
 36795
 36997
 37172
 37372
 37575
 37746
 37955
 38131
 38314
 38491
 38688
 38875
 39049
 39213
 39405
 39593
 39792
 40013
 40223
 40410
 40600
 40771
 40956
 41134
 41299
 41489
 41672
 41874
 42068
 42279
 42468
 42661
 42838
 43022
 43195
 43366
 43543
 43745
 43940
 44147
 44344
 44547
 44745
 44933
 45132
 45308
 45493
 45677
 45857
 46057
 46251
 46428
 46645
 46832
 47031
 47208
 47385
 47577
 47747
 47914
 48084
 48249
 48442
 48630
 48780
 48913
 49061
 49236
 49410
 49593
 49782
 49965
 50132
 50282
 50391
 50505
 50772
 51094
 51284
 51443
 51598
 51781
 51868
 51917
 51983
 52087
 52187
 52321
 52457
 52608
 52749
 52907
 53115
 53256
 53427
 53605
 53810
 54117
 54509
 55372
 70740
 70736
 70726
 70733
 70736
 70722
 70712
 68107
 64029
 63687
 63393
 63163
 62996
 62901
 62834
 62757
 62728
 62696
 62675
 62680
 62666
 62668
 62672
 62686
 62704
 62692
 62711
 62740
 62813
 62866
 62876
 62933
 63033
 63114
 63143
 63149
 63158
 63207
 63282
 63327
 63319
 63274
 63292
 63285
 63289
 63309
 63299
 63287
 63291
 63285
