So, 16.02.25    10:21:05
680 Ferber-1
1		
48.280
0.000
0.000


  5832
  5906
  6008
  6109
  6201
  6281
  6356
  6432
  6526
  6596
  6709
  6793
  6909
  6974
  7084
  7195
  7309
  7443
  7582
  7695
  7746
  7851
  7980
  8107
  8224
  8332
  8441
  8541
  8656
  8777
  8895
  9021
  9134
  9227
  9351
  9467
  9588
  9700
  9820
  9958
 10088
 10187
 10310
 10411
 10546
 10662
 10775
 10894
 11016
 11105
 11239
 11355
 11467
 11611
 11766
 11926
 12056
 12188
 12335
 12487
 12624
 12736
 12884
 13011
 13148
 13271
 13412
 13567
 13703
 13814
 13949
 14098
 14245
 14383
 14539
 14681
 14822
 14970
 15119
 15255
 15389
 15517
 15660
 15789
 15926
 16075
 16234
 16378
 16548
 16719
 16865
 17016
 17166
 17301
 17455
 17602
 17744
 17895
 18051
 18199
 18364
 18536
 18714
 18887
 19048
 19206
 19357
 19515
 19677
 19833
 19985
 20138
 20294
 20435
 20621
 20790
 20963
 21144
 21294
 21448
 21590
 21762
 21926
 22086
 22254
 22426
 22596
 22758
 22934
 23114
 23290
 23451
 23634
 23798
 23971
 24137
 24288
 24447
 24608
 24773
 24951
 25137
 25341
 25520
 25705
 25879
 26049
 26197
 26366
 26517
 26696
 26876
 27050
 27239
 27424
 27613
 27798
 27979
 28137
 28313
 28481
 28662
 28824
 28996
 29176
 29352
 29537
 29733
 29948
 30138
 30330
 30494
 30667
 30838
 31011
 31199
 31360
 31539
 31725
 31922
 32134
 32335
 32513
 32693
 32862
 33031
 33209
 33377
 33557
 33739
 33952
 34141
 34338
 34538
 34735
 34918
 35117
 35294
 35472
 35653
 35833
 36023
 36211
 36395
 36588
 36808
 36994
 37186
 37368
 37553
 37730
 37899
 38076
 38258
 38452
 38671
 38878
 39088
 39297
 39473
 39656
 39850
 40039
 40236
 40422
 40600
 40793
 40997
 41200
 41391
 41595
 41792
 41980
 42173
 42348
 42538
 42721
 42900
 43092
 43288
 43503
 43716
 43921
 44131
 44324
 44502
 44699
 44886
 45080
 45288
 45470
 45666
 45866
 46065
 46269
 46454
 46644
 46839
 47021
 47204
 47394
 47581
 47752
 47914
 48093
 48259
 48422
 48594
 48724
 48882
 49068
 49252
 49428
 49600
 49730
 49877
 50066
 50095
 50324
 50672
 51039
 51165
 51343
 51547
 51633
 51692
 51738
 51816
 51942
 52067
 52220
 52377
 52523
 52715
 52872
 53051
 53236
 53406
 53611
 53955
 55043
 70780
 70611
 69969
 69625
 69513
 69561
 69669
 69735
 69718
 69709
 69693
 69652
 69614
 69591
 69530
 69474
 69444
 69445
 69469
 69540
 69565
 69600
 69569
 69549
 59429
 57519
 57755
 57641
 57616
 56909
 56813
 56975
 57209
 56942
 55726
 53718
 52032
 49860
 48119
 47129
 46300
 45213
 44129
 43231
 42311
 41387
 40500
 39700
 38882
 38074
 37391
 36763
 36149
 35608
 35030
 34457
 33844
 33329
 32829
 32331
 31908
 31478
 31026
 30496
 29960
 29480
 29084
 28671
 28318
 27966
 27640
 27307
 26959
 26614
 26257
 25943
 25556
 25170
 24826
 24492
 24184
 23909
 23653
 23405
 23146
 22917
 22650
 22385
 22135
 21844
 21577
 21308
 21055
 20820
 20601
 20388
 20188
 19981
 19777
 19539
 19301
 19071
 18835
 18586
 18351
 18120
 17884
 17662
 17487
 17256
 17058
 16842
 16638
 16439
 16229
 16061
 15863
 15696
 15539
 15354
 15192
 15031
 14855
 14681
 14491
 14331
 14134
 13958
 13798
 13606
 13442
 13274
 13103
 12931
 12765
 12609
 12435
 12301
 12159
 12032
 11893
 11785
 11664
 11571
 11518
 11541
 11579
 11622
 11670
 11679
 11736
 11810
 11926
 12129
 12409
 12807
 13311
 13840
 14433
 15080
 15745
 16533
 17611
 18905
 20281
 21806
 23600
 25781
 28164
 30970
 34034
 37497
 41744
 46668
 52684
 60235
 65253
 66046
 66663
 67153
 67467
 67597
 67625
 67569
 67503
 67423
 67365
 67291
 67181
 67052
 66933
 66793
 66671
 66480
 66209
 65862
 65380
 64666
 59703
 55136
 51844
 47993
 44951
 42212
 39678
 37511
 35709
 34044
 32522
 31256
 29890
 28745
 27721
 26804
 25888
 24983
 24165
 23523
 22897
 22313
 21668
 21106
 20630
 20192
 19763
 19307
 18903
 18580
 18519
 18637
 18737
 18919
 19132
 19429
 20187
 21510
 23467
 26249
 29876
 34485
 40893
 51081
 63871
 67296
 69762
 70433
 70378
 70883
 72840
 73353
 73902
 74498
 74909
 75341
 75574
 75583
 75524
 75526
 75516
 75503
 75509
 75536
 75553
 75580
 75581
 75613
 75616
 75632
 75693
 75719
 75756
 75772
 75807
 75811
 75838
 75896
 75932
 75968
 75963
 75963
 75969
 75953
 75954
 75945
 75931
 75894
 75877
 75831
 75802
 75764
 75705
 75701
