So, 16.02.25    10:46:20
115 Yamah-2
2		
48.280
0.000
0.000


 14099
 14110
 14128
 14150
 14163
 14208
 14245
 14300
 14377
 14466
 14526
 14592
 14661
 14705
 14764
 14800
 14855
 14903
 14976
 15045
 15101
 15156
 15218
 15289
 15345
 15413
 15505
 15595
 15680
 15759
 15840
 15923
 16025
 16103
 16178
 16256
 16350
 16453
 16544
 16667
 16786
 16883
 16968
 17057
 17162
 17281
 17420
 17510
 17608
 17693
 17826
 17953
 18074
 18198
 18320
 18462
 18568
 18674
 18794
 18922
 19053
 19153
 19275
 19404
 19555
 19737
 19849
 19979
 20094
 20204
 20324
 20487
 20621
 20751
 20865
 20996
 21151
 21299
 21436
 21599
 21723
 21858
 21998
 22148
 22298
 22441
 22584
 22709
 22854
 23027
 23218
 23370
 23507
 23633
 23776
 23917
 24066
 24228
 24383
 24549
 24703
 24862
 25027
 25207
 25357
 25492
 25645
 25789
 25943
 26094
 26244
 26390
 26551
 26724
 26925
 27106
 27278
 27427
 27577
 27741
 27885
 28035
 28192
 28362
 28548
 28730
 28908
 29094
 29266
 29424
 29582
 29749
 29914
 30087
 30253
 30425
 30587
 30769
 30960
 31157
 31338
 31500
 31657
 31823
 31982
 32156
 32330
 32514
 32686
 32854
 33029
 33214
 33387
 33578
 33764
 33931
 34100
 34281
 34454
 34610
 34804
 35001
 35199
 35390
 35580
 35772
 35957
 36132
 36300
 36457
 36640
 36814
 36994
 37185
 37359
 37542
 37726
 37896
 38070
 38248
 38422
 38601
 38783
 38960
 39150
 39337
 39534
 39724
 39935
 40138
 40337
 40512
 40700
 40875
 41040
 41226
 41402
 41572
 41746
 41948
 42136
 42324
 42520
 42686
 42868
 43054
 43213
 43408
 43600
 43802
 43998
 44204
 44402
 44605
 44801
 44991
 45178
 45362
 45542
 45730
 45919
 46095
 46290
 46456
 46635
 46817
 47015
 47202
 47385
 47576
 47749
 47929
 48114
 48281
 48459
 48623
 48790
 48905
 49018
 49175
 49343
 49519
 49660
 49819
 49963
 50193
 50437
 50692
 50788
 50808
 50999
 60491
 70807
 70813
 70797
 70803
 70804
 70788
 61185
 52531
 52581
 52671
 52764
 52880
 53015
 53150
 53293
 53472
 53672
 53903
 54106
 54385
 54732
 54890
 57936
 70769
 70725
 70736
 70736
 70745
 70736
 70734
 70728
 70740
 70745
 70756
 70787
 70803
 66480
 47967
 47984
 48014
 48019
 48035
 48037
 48006
 70835
 70828
 70828
 70831
 70845
 70831
 70829
 70828
 70823
 70820
 70811
 70819
 70804
 70812
 70817
 70811
 70805
 70805
 70792
 70785
 70781
 70784
 70787
 70787
 70789
 70784
 70780
 70774
 70791
 70781
 70786
 70794
 70781
 70787
 70784
 70783
 70787
 70775
 70790
 70784
 70775
 70796
 70792
 70796
 70782
 70788
 70785
 70794
 70787
 70778
