So, 16.02.25    10:30:31
115 Yamah-1
1		
48.280
0.000
0.000


 13965
 13966
 13964
 13958
 13966
 13962
 13974
 13970
 13973
 13987
 14003
 14001
 14010
 14010
 14020
 14028
 14043
 14043
 14055
 14054
 14052
 14070
 14072
 14090
 14125
 14167
 14179
 14207
 14243
 14269
 14332
 14402
 14450
 14520
 14600
 14644
 14721
 14781
 14814
 14869
 14910
 14976
 15028
 15084
 15162
 15235
 15296
 15379
 15465
 15539
 15622
 15705
 15781
 15867
 15939
 16014
 16079
 16139
 16220
 16318
 16417
 16526
 16643
 16749
 16864
 16970
 17066
 17175
 17280
 17388
 17505
 17608
 17731
 17865
 17962
 18078
 18237
 18348
 18443
 18536
 18669
 18794
 18903
 19015
 19140
 19242
 19378
 19527
 19683
 19847
 19996
 20106
 20230
 20357
 20492
 20631
 20805
 20943
 21063
 21188
 21319
 21466
 21605
 21757
 21891
 22027
 22172
 22307
 22447
 22578
 22713
 22869
 23040
 23184
 23361
 23505
 23633
 23751
 23902
 24043
 24215
 24359
 24509
 24682
 24848
 25001
 25175
 25337
 25483
 25633
 25790
 25928
 26083
 26235
 26370
 26536
 26705
 26894
 27054
 27247
 27417
 27559
 27711
 27856
 28014
 28164
 28335
 28509
 28683
 28860
 29019
 29194
 29367
 29525
 29682
 29843
 30000
 30169
 30328
 30487
 30671
 30854
 31054
 31250
 31411
 31572
 31733
 31876
 32041
 32211
 32381
 32557
 32735
 32913
 33089
 33271
 33450
 33630
 33788
 33972
 34134
 34309
 34482
 34656
 34835
 35031
 35224
 35429
 35630
 35805
 35979
 36136
 36290
 36447
 36626
 36793
 36993
 37188
 37377
 37559
 37738
 37926
 38109
 38272
 38446
 38616
 38787
 38969
 39153
 39320
 39528
 39744
 39962
 40161
 40349
 40529
 40714
 40875
 41055
 41226
 41400
 41573
 41762
 41956
 42148
 42338
 42534
 42710
 42890
 43057
 43222
 43402
 43599
 43773
 43989
 44201
 44393
 44586
 44780
 44981
 45161
 45337
 45502
 45686
 45858
 46055
 46244
 46412
 46599
 46797
 46990
 47171
 47356
 47529
 47700
 47868
 48033
 48196
 48361
 48524
 48684
 48829
 48992
 49173
 49367
 49536
 49722
 49846
 49888
 50062
 50134
 50279
 50558
 50798
 51092
 51353
 51482
 51630
 51796
 51931
 52082
 52167
 52216
 52325
 52455
 52593
 52735
 52872
 53029
 53176
 53361
 53593
 53820
 54097
 54303
 65506
 70869
 70863
 70876
 70888
 70912
 70911
 70923
 70914
 70904
 70912
 70911
 70896
 70896
 70884
 70864
 70862
 70866
 70859
 70848
 70861
 70860
 64444
 57800
 68804
 70840
 70853
 70830
 70830
 70844
 70832
 70835
 70832
 70825
 70821
 70836
 70832
 70826
 70818
 70811
 70795
 70799
 70791
 70788
 70804
 70806
 70815
 70823
 70819
 70808
 70808
 70809
 70812
 70810
 70819
 70821
 70823
 70814
 70818
 70819
 70816
 70819
 70821
 70824
 70819
 70813
 70819
 66021
 57268
 57988
 57953
 58060
 57277
 57203
 61159
 70408
 70811
 70818
 64797
 57445
 57365
 57296
 57280
 57321
 57280
 57857
 57834
 57721
 57096
 60921
 70814
 70823
 70824
 70812
 70825
 70822
 70820
 70827
 70815
 70822
 70818
 70823
 70818
 70817
 70829
 70820
 70812
 70815
 70822
 70817
 70823
 70820
 70819
 70816
 70819
 70818
 70808
 70799
 70803
 70783
 70768
 70754
 62977
 58434
 59192
 58903
 58531
 58352
 58358
 58519
 58937
 59138
 68643
 70497
 59139
 68419
 70433
 71048
 17235
  6243
  6248
  6197
  6079
  5995
  5947
  5909
  5877
  5862
  5804
  5796
  5753
  5732
  5734
  5732
  5731
  5708
  5698
  5695
  5693
  5663
  5608
  5562
  5510
  5427
  5391
  5394
  5361
  5374
  5307
  5176
  9784
 75133
 75138
 75316
 75298
 75342
 75483
 75847
 77244
 77084
 77037
 77175
 77941
 79874
 79829
 80188
 79861
 80983
 81074
 81142
 81226
 81173
 81292
 81104
 81036
 81062
 81057
 81073
 81042
 81044
 81023
 81008
 81005
 81016
 81020
 81028
 81025
 81052
 81046
 81024
 81037
 81013
 81017
 81042
 81041
 81014
 81027
 80999
 81017
 81034
 81026
