So, 16.02.25    11:18:05
681 Hüttner-5
5		
48.280
0.000
0.000


  7132
  7176
  7233
  7272
  7321
  7351
  7402
  7448
  7498
  7558
  7613
  7670
  7743
  7852
  7956
  8024
  8113
  8189
  8238
  8321
  8400
  8478
  8554
  8634
  8704
  8779
  8857
  8956
  9042
  9179
  9264
  9363
  9456
  9558
  9641
  9743
  9819
  9927
 10016
 10116
 10228
 10335
 10443
 10527
 10624
 10712
 10837
 10947
 11044
 11182
 11276
 11371
 11469
 11577
 11700
 11798
 11921
 12033
 12153
 12259
 12394
 12516
 12635
 12750
 12858
 13004
 13109
 13239
 13379
 13521
 13653
 13775
 13892
 14012
 14126
 14250
 14365
 14495
 14620
 14767
 14911
 15053
 15176
 15286
 15438
 15588
 15721
 15887
 16008
 16112
 16241
 16357
 16505
 16625
 16767
 16895
 17028
 17156
 17295
 17428
 17557
 17687
 17829
 18002
 18164
 18323
 18464
 18608
 18747
 18894
 19030
 19155
 19306
 19446
 19605
 19761
 19902
 20070
 20243
 20396
 20541
 20682
 20829
 20975
 21120
 21247
 21365
 21527
 21683
 21836
 22004
 22160
 22321
 22512
 22683
 22857
 23011
 23154
 23299
 23429
 23590
 23740
 23910
 24076
 24253
 24427
 24594
 24758
 24943
 25122
 25290
 25440
 25596
 25761
 25915
 26075
 26243
 26391
 26566
 26737
 26935
 27131
 27318
 27479
 27629
 27777
 27931
 28102
 28269
 28445
 28634
 28824
 28998
 29182
 29370
 29543
 29715
 29891
 30056
 30223
 30392
 30554
 30740
 30919
 31094
 31293
 31489
 31679
 31861
 32020
 32180
 32372
 32552
 32724
 32900
 33100
 33288
 33473
 33662
 33859
 34047
 34212
 34387
 34563
 34723
 34902
 35097
 35299
 35470
 35692
 35892
 36095
 36276
 36434
 36612
 36785
 36984
 37182
 37375
 37575
 37769
 37962
 38153
 38345
 38521
 38711
 38882
 39063
 39260
 39435
 39631
 39842
 40060
 40283
 40477
 40659
 40833
 41011
 41195
 41376
 41583
 41796
 41995
 42198
 42402
 42605
 42798
 42969
 43157
 43331
 43520
 43736
 43932
 44132
 44349
 44565
 44761
 44962
 45138
 45319
 45498
 45697
 45897
 46094
 46293
 46472
 46681
 46882
 47092
 47293
 47482
 47670
 47844
 47995
 48136
 48284
 48444
 48617
 48779
 48951
 49111
 49283
 49396
 49476
 49712
 49961
 50176
 50391
 50571
 55111
 70776
 70768
 61089
 51154
 51365
 51577
 51669
 55991
 59035
 58250
 65870
 62910
 52749
 52886
 52972
 53068
 53189
 53329
 53493
 53694
 53924
 54115
 60327
 70784
 70776
 70782
 70771
 70775
 70764
 70765
 70758
 70762
 70753
 70743
 70745
 70741
 70745
 70727
 70727
 70721
 70723
 70734
 70736
 70733
 70742
 70746
 70756
 70758
 70753
 70750
 70756
 70762
 70773
 70773
 70764
 68219
 57008
 57037
 57069
 57153
 57170
 62381
 70755
 70336
 68728
 70721
 70692
 68568
 61122
 57282
 58514
 67197
 70503
 70482
 70473
 70463
 70460
 70439
 70435
 70444
 70432
 70428
 70408
 70417
 70405
 70400
 70392
 70397
 70391
 70394
 70398
 70395
 70379
 70396
 70381
 70371
 70376
 70378
 70383
 70380
 70367
 70360
 70354
 70356
 70359
 70366
 70353
 70357
 70372
 70355
 70336
 70343
 70344
 70328
 70336
 70350
 70325
 70342
 70333
 70311
