So, 16.02.25    10:58:02
513 Jäckel-3
3		
48.280
0.000
0.000


 10238
 10285
 10320
 10359
 10392
 10442
 10496
 10534
 10601
 10668
 10730
 10769
 10845
 10919
 11009
 11079
 11152
 11230
 11295
 11366
 11429
 11463
 11497
 11543
 11603
 11659
 11703
 11782
 11848
 11900
 11970
 12040
 12147
 12271
 12270
 12411
 12480
 12556
 12627
 12720
 12813
 12916
 13013
 13098
 13179
 13281
 13365
 13451
 13543
 13644
 13750
 13838
 13956
 14080
 14200
 14320
 14423
 14519
 14623
 14720
 14835
 14930
 15034
 15130
 15263
 15387
 15487
 15607
 15714
 15823
 15943
 16081
 16193
 16294
 16408
 16512
 16644
 16760
 16867
 16994
 17111
 17230
 17378
 17513
 17663
 17813
 17968
 18093
 18212
 18328
 18449
 18569
 18698
 18798
 18896
 19103
 19233
 19388
 19543
 19666
 19822
 19986
 20122
 20252
 20370
 20503
 20639
 20772
 20903
 21036
 21189
 21316
 21474
 21630
 21820
 21993
 22157
 22288
 22424
 22564
 22699
 22837
 22975
 23121
 23264
 23424
 23576
 23746
 23918
 24099
 24242
 24391
 24535
 24686
 24851
 24992
 25130
 25290
 25445
 25612
 25783
 25962
 26135
 26306
 26432
 26577
 26725
 26891
 27038
 27205
 27365
 27526
 27693
 27852
 28030
 28203
 28382
 28539
 28710
 28863
 29030
 29169
 29328
 29503
 29665
 29828
 30026
 30218
 30403
 30576
 30748
 30893
 31052
 31203
 31353
 31522
 31698
 31867
 32039
 32223
 32396
 32583
 32768
 32931
 33099
 33250
 33407
 33573
 33750
 33942
 34122
 34308
 34505
 34688
 34879
 35061
 35221
 35398
 35551
 35731
 35900
 36076
 36259
 36408
 36588
 36777
 36979
 37164
 37329
 37509
 37654
 37825
 37995
 38179
 38349
 38549
 38757
 38967
 39152
 39322
 39485
 39667
 39842
 40038
 40224
 40401
 40587
 40776
 40957
 41145
 41316
 41472
 41656
 41815
 41990
 42185
 42374
 42570
 42754
 42957
 43159
 43323
 43503
 43705
 43909
 44096
 44279
 44460
 44640
 44834
 45015
 45199
 45378
 45543
 45724
 45887
 46084
 46278
 46483
 46723
 46943
 47161
 47365
 47525
 47673
 47838
 47991
 48190
 48347
 48459
 48611
 52530
 70854
 70861
 70849
 70320
 48998
 49089
 70828
 70831
 70806
 70804
 70808
 70798
 70797
 70792
 67676
 51019
 51108
 70786
 70780
 70779
 70786
 70775
 70769
 70768
 70767
 70778
 70776
 70332
 59497
 70760
 70759
 70763
 70746
 70750
 70740
 70752
 70752
 70738
 70746
 70753
 70752
 70761
 70768
 70764
 70777
 70780
 70794
 70819
 70829
 70840
 70852
 70857
 70860
 70855
 70856
 70839
 70831
 70827
 70822
 70827
 70822
 70829
 70815
 70822
 70830
 70826
 70828
