So, 16.02.25    11:11:58
650 Eltz-4
4		
48.280
0.000
0.000


 13901
 13905
 13921
 13928
 13941
 13938
 13964
 13991
 13992
 13995
 13999
 14000
 14012
 14028
 14058
 14095
 14105
 14138
 14189
 14226
 14263
 14325
 14392
 14444
 14493
 14543
 14618
 14687
 14746
 14801
 14855
 14914
 14968
 15019
 15084
 15137
 15215
 15285
 15341
 15426
 15515
 15594
 15690
 15772
 15849
 15938
 15999
 16074
 16166
 16243
 16317
 16418
 16518
 16596
 16688
 16784
 16875
 16974
 17098
 17223
 17353
 17469
 17565
 17666
 17749
 17852
 17949
 18066
 18183
 18305
 18430
 18552
 18677
 18794
 18920
 19068
 19188
 19344
 19457
 19546
 19666
 19774
 19903
 20018
 20157
 20286
 20389
 20512
 20658
 20797
 20926
 21091
 21217
 21332
 21458
 21603
 21721
 21857
 21997
 22140
 22288
 22438
 22591
 22743
 22884
 23043
 23195
 23323
 23464
 23611
 23761
 23909
 24049
 24193
 24342
 24496
 24646
 24817
 24999
 25171
 25314
 25458
 25592
 25742
 25888
 26042
 26207
 26367
 26527
 26683
 26850
 27034
 27199
 27371
 27514
 27671
 27817
 27979
 28137
 28293
 28454
 28641
 28829
 29026
 29197
 29366
 29527
 29677
 29835
 30007
 30173
 30338
 30508
 30678
 30857
 31031
 31223
 31379
 31549
 31717
 31891
 32047
 32218
 32382
 32545
 32722
 32892
 33091
 33285
 33455
 33641
 33805
 33975
 34136
 34307
 34487
 34663
 34841
 35028
 35219
 35413
 35601
 35786
 35956
 36123
 36288
 36451
 36614
 36784
 36988
 37187
 37387
 37591
 37781
 37963
 38129
 38293
 38476
 38641
 38838
 39014
 39194
 39384
 39575
 39769
 39963
 40162
 40347
 40509
 40697
 40875
 41058
 41232
 41403
 41595
 41804
 42018
 42227
 42423
 42600
 42782
 42961
 43137
 43317
 43504
 43700
 43888
 44080
 44275
 44463
 44650
 44843
 45018
 45201
 45379
 45561
 45748
 45921
 46125
 46317
 46519
 46730
 46927
 47109
 47287
 47471
 47635
 47791
 47943
 48124
 48271
 48419
 48592
 48751
 49000
 49463
 60526
 70340
 49082
 49178
 64849
 50658
 50680
 50768
 50846
 50935
 51015
 51093
 51252
 51456
 51641
 51869
 52048
 52178
 52254
 52520
 67942
 70806
 70809
 70792
 56170
 53050
 53138
 53300
 53458
 53671
 53746
 68054
 56607
 54330
 57112
 70779
 70773
 70771
 70774
 70770
 70775
 70772
 70767
 70757
 70751
 70745
 70747
 70744
 70747
 70734
 70736
 70735
 70726
 70739
 70716
 70721
 70726
 70723
 70720
 70719
 70726
 70719
 70725
 70721
 70718
 70722
 70719
 70729
 70716
 70720
 70728
 70734
 70740
 70748
 70772
 70765
 70786
 70786
 70803
 70808
 70818
 70832
 70834
 70826
 70832
