So, 16.02.25    11:24:47
680 Ferber-5
5		
48.280
0.000
0.000


  4734
  4801
  4882
  4935
  4997
  5071
  5133
  5195
  5251
  5311
  5372
  5464
  5560
  5655
  5771
  5854
  5921
  6020
  6116
  6197
  6287
  6388
  6495
  6587
  6675
  6762
  6849
  6930
  7025
  7106
  7213
  7295
  7394
  7507
  7625
  7764
  7875
  7973
  8099
  8218
  8336
  8452
  8591
  8696
  8821
  8933
  9041
  9185
  9266
  9376
  9486
  9582
  9705
  9817
  9932
 10066
 10210
 10327
 10438
 10554
 10671
 10793
 10895
 11016
 11129
 11244
 11350
 11483
 11616
 11725
 11872
 12012
 12171
 12322
 12468
 12612
 12733
 12866
 13016
 13128
 13267
 13388
 13534
 13674
 13817
 13951
 14072
 14215
 14359
 14485
 14643
 14801
 14950
 15114
 15247
 15386
 15520
 15657
 15785
 15923
 16062
 16190
 16325
 16460
 16616
 16766
 16944
 17110
 17263
 17426
 17590
 17719
 17863
 18014
 18148
 18296
 18445
 18583
 18760
 18908
 19083
 19230
 19400
 19555
 19723
 19881
 20028
 20180
 20329
 20484
 20625
 20772
 20905
 21073
 21215
 21371
 21555
 21757
 21935
 22098
 22262
 22415
 22581
 22742
 22900
 23051
 23214
 23380
 23555
 23733
 23917
 24088
 24268
 24438
 24599
 24771
 24921
 25074
 25241
 25391
 25557
 25723
 25887
 26075
 26269
 26456
 26635
 26803
 26963
 27137
 27305
 27482
 27647
 27809
 27981
 28172
 28345
 28546
 28727
 28922
 29103
 29264
 29425
 29587
 29759
 29933
 30100
 30274
 30450
 30648
 30861
 31063
 31238
 31406
 31588
 31757
 31934
 32116
 32303
 32504
 32673
 32848
 33042
 33232
 33428
 33615
 33786
 33971
 34146
 34314
 34480
 34672
 34835
 35035
 35227
 35435
 35653
 35854
 36030
 36211
 36388
 36559
 36749
 36940
 37130
 37312
 37510
 37704
 37894
 38093
 38266
 38458
 38642
 38818
 39000
 39170
 39350
 39538
 39733
 39950
 40176
 40384
 40563
 40741
 40936
 41109
 41302
 41475
 41658
 41855
 42057
 42275
 42479
 42669
 42830
 43033
 43218
 43385
 43569
 43760
 43942
 44145
 44362
 44576
 44783
 44983
 45173
 45366
 45550
 45735
 45913
 46108
 46286
 46483
 46687
 46904
 47098
 47290
 47464
 47658
 47830
 48014
 48172
 48327
 48493
 48656
 48814
 48967
 49146
 49318
 49499
 49678
 49872
 50072
 50263
 50438
 50610
 50738
 50905
 51135
 51384
 51602
 51781
 51991
 52169
 52327
 52429
 52557
 52528
 52550
 52645
 52769
 52904
 53057
 53218
 53430
 53608
 53793
 54011
 54253
 54672
 58282
 70848
 70847
 70864
 70868
 70858
 70862
 70868
 26407
  6637
  6301
  6456
  6484
  6498
  6483
  6484
  6472
  6480
  6545
  6610
  6661
  6677
  6687
  6703
  6731
  6753
  6736
  6746
  6663
 28362
 70854
 70852
 70842
 70840
 70837
 70840
 70842
 70845
 70833
 70827
 70831
 70828
 70824
 70812
 70824
 70819
 70816
 70812
 70825
 70818
 70801
 70802
 70811
 70800
 70801
 70802
 70796
 70804
 70802
 70792
 70789
 70790
 70796
 70791
 70786
 70797
 70788
 70794
 70789
 70780
 70783
 70794
 70777
 70774
 70775
 70790
 70780
 70792
 70783
 70767
