So, 16.02.25    11:30:04
513 Jäckel-6
6		
48.280
0.000
0.000


  7795
  7837
  7915
  8021
  7984
  7986
  8072
  8117
  8171
  8230
  8288
  8344
  8389
  8445
  8498
  8544
  8598
  8638
  8689
  8737
  8771
  8810
  8843
  8879
  8944
  8980
  9028
  9120
  9227
  9170
  9206
  9295
  9359
  9423
  9486
  9545
  9602
  9674
  9729
  9789
  9837
  9884
  9945
  9980
 10034
 10077
 10125
 10177
 10245
 10383
 10452
 10425
 10464
 10589
 10646
 10703
 10789
 10885
 10960
 11034
 11100
 11153
 11175
 11244
 11280
 11331
 11398
 11455
 11523
 11583
 11656
 11722
 11771
 11863
 12049
 12033
 12182
 12268
 12343
 12436
 12525
 12613
 12710
 12819
 12923
 13019
 13119
 13198
 13292
 13381
 13480
 13580
 13684
 13794
 13910
 14036
 14160
 14265
 14383
 14515
 14599
 14697
 14813
 14918
 15031
 15115
 15234
 15373
 15482
 15610
 15744
 15855
 15999
 16134
 16264
 16376
 16469
 16604
 16727
 16839
 16974
 17095
 17215
 17357
 17497
 17627
 17768
 17921
 18090
 18234
 18343
 18474
 18622
 18746
 18881
 19032
 19163
 19302
 19444
 19593
 19742
 19910
 20073
 20219
 20345
 20466
 20608
 20744
 20875
 21007
 21160
 21301
 21455
 21609
 21797
 21985
 22146
 22297
 22424
 22571
 22717
 22860
 23008
 23153
 23299
 23460
 23637
 23796
 23976
 24150
 24298
 24447
 24592
 24746
 24894
 25014
 25156
 25363
 25534
 25707
 25875
 26074
 26250
 26402
 26546
 26696
 26870
 27030
 27196
 27370
 27535
 27696
 27863
 28044
 28221
 28394
 28567
 28723
 28877
 29035
 29194
 29320
 29479
 29683
 29869
 30057
 30264
 30439
 30618
 30763
 30904
 31062
 31206
 31367
 31546
 31701
 31949
 32141
 32332
 32504
 32667
 32834
 32996
 33172
 33340
 33510
 33679
 33848
 34027
 34195
 34396
 34593
 34798
 34979
 35171
 35333
 35509
 35697
 35873
 36036
 36206
 36374
 36565
 36737
 36923
 37112
 37295
 37473
 37635
 37792
 37971
 38125
 38297
 38471
 38654
 38891
 39086
 39277
 39415
 39561
 39792
 39989
 40180
 40357
 40532
 40727
 40911
 41102
 41261
 41420
 41601
 41775
 41959
 42133
 42330
 42504
 42698
 42890
 43093
 43260
 43422
 43628
 43807
 43992
 44150
 44330
 44557
 44774
 44953
 45133
 45315
 45484
 45659
 45837
 46009
 46200
 46369
 46572
 46788
 46994
 47205
 47419
 47609
 47793
 47962
 48129
 48261
 48405
 48540
 48705
 48889
 49057
 70835
 70835
 59956
 49060
 64199
 70813
 70818
 70819
 70809
 57943
 50839
 50867
 50942
 51038
 51165
 51314
 51489
 51720
 51901
 52065
 52373
 52581
 52815
 53054
 53290
 53505
 62386
 53287
 53336
 53452
 53588
 53749
 53915
 54086
 54272
 54463
 54643
 54886
 68149
 70671
 70677
 70688
 70700
 70700
 70701
 70698
 70683
 70675
 70684
 70688
 70676
 70647
 70621
 70610
 70632
 70666
 70661
 70604
 70503
 70447
 70445
 70441
 70393
 70291
 70220
 70158
 70108
 70027
 70029
 70036
 70024
 69992
 69962
 60320
 56445
 56431
 56458
 56490
 56506
 56605
 56683
 56870
 57207
 57520
 57598
 57544
 57469
 57356
 57350
 57485
 57729
 57871
 57026
 57149
 69788
 69405
 57157
 57078
 60171
 69775
 69786
 69781
 69786
 69786
 69782
 69765
 69769
 69771
 69754
 69749
 69746
 69763
 69755
 69750
 69764
 69753
 69752
 69751
 69750
 69749
 69729
 69744
 69729
 69749
 69744
 69740
 69733
 69732
 69722
 69740
 69729
 69739
 69725
 69720
 69725
 69720
 49700
  8864
  8818
  8745
  8701
  8658
  8644
  8602
  8541
  8414
  8298
  8249
  8204
  8157
  8137
  8098
  8081
  8053
  8023
  8012
  7978
  7951
  7935
  7913
  7879
  7882
  7855
  7842
  7828
  7833
  7832
  7813
  7798
  7729
  7661
  7598
  7555
  7510
  7527
  7712
  7789
 22764
 48165
 48178
 48171
 48171
 48174
 48180
 48175
 48185
 48183
 48166
 48181
 48162
 48155
 48125
 48051
 63266
 70634
 70611
 70571
 70598
 70667
 72733
 73375
 73709
 73897
 74194
 75364
 75556
 75978
 78596
 77733
 79814
 80053
 80061
 80071
 80075
 80068
 80041
 80023
 80008
 80013
 80017
 80014
 80024
 80010
 80024
 80024
 80036
 80043
 80067
 80053
 80075
 80087
 80092
 80116
 80158
 80198
 80362
 80720
 81370
 81611
 81649
 81593
 81589
 81542
