So, 16.02.25    10:43:08
215 Ziegler-2
2		
48.280
0.000
0.000


  7371
  7401
  7455
  7509
  7574
  7616
  7665
  7733
  7805
  7892
  7947
  8045
  8154
  8242
  8305
  8380
  8461
  8551
  8605
  8672
  8778
  8836
  8913
  8990
  9064
  9182
  9283
  9358
  9458
  9565
  9671
  9772
  9866
  9964
 10069
 10175
 10259
 10367
 10448
 10536
 10622
 10701
 10808
 10911
 11014
 11156
 11241
 11361
 11509
 11593
 11708
 11873
 12010
 12129
 12224
 12334
 12449
 12552
 12665
 12780
 12900
 13017
 13142
 13273
 13392
 13531
 13670
 13817
 13952
 14102
 14238
 14377
 14498
 14612
 14749
 14880
 15012
 15125
 15265
 15373
 15494
 15638
 15790
 15925
 16049
 16175
 16342
 16508
 16644
 16757
 16897
 17040
 17178
 17315
 17450
 17591
 17733
 17849
 17988
 18135
 18285
 18455
 18635
 18804
 18953
 19102
 19243
 19371
 19506
 19642
 19784
 19921
 20070
 20235
 20373
 20524
 20702
 20844
 21014
 21179
 21319
 21455
 21610
 21747
 21901
 22051
 22202
 22352
 22519
 22671
 22833
 22996
 23184
 23363
 23527
 23692
 23831
 23984
 24133
 24288
 24432
 24576
 24746
 24906
 25087
 25260
 25414
 25584
 25759
 25929
 26091
 26251
 26389
 26551
 26712
 26865
 27035
 27206
 27389
 27562
 27736
 27902
 28094
 28286
 28441
 28602
 28748
 28903
 29061
 29211
 29385
 29550
 29727
 29924
 30095
 30283
 30455
 30628
 30805
 30963
 31124
 31294
 31450
 31618
 31791
 31976
 32161
 32353
 32545
 32745
 32927
 33093
 33243
 33398
 33562
 33739
 33904
 34100
 34287
 34488
 34671
 34847
 35036
 35229
 35401
 35570
 35750
 35918
 36112
 36289
 36458
 36631
 36828
 37025
 37225
 37415
 37575
 37736
 37896
 38079
 38253
 38423
 38617
 38825
 39008
 39196
 39381
 39552
 39736
 39925
 40117
 40324
 40488
 40685
 40867
 41056
 41235
 41407
 41585
 41754
 41932
 42111
 42297
 42491
 42670
 42849
 43042
 43222
 43387
 43572
 43771
 43945
 44138
 44322
 44495
 44705
 44899
 45086
 45271
 45435
 45617
 45803
 45971
 46158
 46330
 46523
 46701
 46897
 47076
 47257
 47429
 47616
 47794
 47961
 48130
 48277
 42368
  3762
  3639
  3615
  3708
  3725
  3702
  3676
  3698
  3734
  3766
  3770
  3782
  3795
  3803
  3809
  3821
  3845
  3845
  3857
  3866
  3889
  3885
  3898
  3918
  3923
  3931
  3941
  3969
  3956
  3985
  3977
  4008
  3995
  4011
  4019
  4023
  4035
  4046
  4045
  4060
  4078
  4097
  4114
  4133
  4125
  4158
  4150
  4170
  4165
  4192
  4134
  4190
  4183
  4188
  4214
  4226
  4217
  4218
  4232
  4267
  4249
  4261
  4294
  4329
  4284
  4334
  4339
  4346
  4384
  4398
  4407
  4423
  4424
  4441
  4447
  4466
  4480
  4500
  4544
  4551
  4568
  4599
  4628
  4654
  4667
  4680
  4676
  4679
  4691
  4714
  4729
  4751
  4751
  4758
  4774
  4794
  4781
  4792
  4817
  4814
  4832
  4837
  4849
  4846
  4861
  4874
  4892
  4906
  4910
  4924
  4935
  4951
  4968
  4963
  4978
  4992
  4995
  4993
  5012
  5012
  5021
  5039
  5042
  5055
  5059
  5055
  5060
  5071
  5080
  5079
  5086
  5093
  5108
  5113
  5127
  5130
  5145
  5153
  5173
  5183
  5193
  5199
  5219
  5220
  5232
  5236
  5249
  5252
  5275
  5301
  5301
  5322
  5342
  5355
  5361
  5358
  5378
  5406
  5412
  5420
  5417
  5407
  5397
  5433
  5405
  5311
 19497
 80762
 81051
 80763
 80331
 79922
 79551
 79219
 78904
 78657
 78449
 78284
 78109
 77979
 77889
 77775
 77709
 59500
  5241
  5280
  5251
  5242
  5213
  5224
  5216
  5164
  5124
  5157
  4511
     0
 78010
 77910
 77904
 77964
 77901
 77942
 77932
 77910
 77963
 77949
 77984
 77975
 77951
 77954
 77992
 77952
 77960
 77917
 77850
 77730
 77626
 77545
 77457
 77416
 77317
 77261
 77209
 77178
 77164
 77189
 77223
 77292
 77288
 77301
 77346
 77345
 77434
 77394
 77461
 77396
 77415
 77457
 77394
 77431
 77457
 77476
 77446
 77396
 77394
