So, 16.02.25    10:03:44
355 Karsten-1
1		
48.280
0.000
0.000


  8543
  8612
  8707
  8784
  8843
  8926
  9000
  9081
  9157
  9255
  9377
  9419
  9533
  9635
  9722
  9854
  9949
 10045
 10131
 10239
 10340
 10419
 10500
 10582
 10691
 10782
 10875
 11012
 11127
 11233
 11370
 11473
 11580
 11704
 11813
 11938
 12086
 12209
 12313
 12425
 12516
 12632
 12731
 12853
 12973
 13093
 13208
 13324
 13472
 13588
 13739
 13888
 14026
 14138
 14273
 14392
 14532
 14647
 14767
 14894
 15024
 15189
 15334
 15455
 15561
 15712
 15876
 15993
 16149
 16268
 16378
 16496
 16622
 16758
 16897
 17030
 17187
 17317
 17452
 17619
 17753
 17916
 18067
 18239
 18372
 18519
 18668
 18785
 18927
 19066
 19187
 19333
 19475
 19657
 19799
 19984
 20133
 20284
 20470
 20622
 20756
 20891
 21026
 21189
 21342
 21475
 21617
 21770
 21933
 22089
 22268
 22438
 22605
 22779
 22931
 23076
 23210
 23345
 23487
 23634
 23790
 23956
 24137
 24317
 24467
 24645
 24797
 24960
 25134
 25300
 25453
 25600
 25756
 25909
 26070
 26238
 26401
 26574
 26757
 26943
 27124
 27293
 27435
 27587
 27741
 27879
 28039
 28205
 28374
 24368
  5896
  5858
  5827
  5784
  5760
  5732
  5700
  5691
  5675
  5653
  5621
  5613
  5588
  5570
  5551
  5550
  5531
  5499
  5458
  5418
  5396
  5379
  5347
  5344
  5325
  5259
  5129
 24177
 33605
 33796
 33981
 34148
 34328
 34499
 34677
 34847
 35020
 35204
 35397
 35570
 35769
 35953
 36154
 36339
 36489
 36644
 36808
 36979
 37157
 37340
 37519
 37731
 37914
 38106
 38287
 38463
 38648
 38823
 39003
 39175
 39354
 39535
 39722
 39926
 40126
 40334
 40523
 40717
 40898
 41046
 41219
 41383
 41560
 41759
 41954
 42145
 42347
 42536
 42714
 42893
 43069
 43264
 43454
 43638
 43805
 44001
 44220
 44402
 44618
 44819
 45011
 45189
 45360
 45539
 45723
 45890
 46076
 46268
 46454
 46626
 46844
 47031
 47264
 47616
 47777
 47777
 47940
 48110
 48267
 48486
 48731
 48958
 48991
 49132
 49327
 49540
 49796
 50099
 50315
 50514
 50631
 50703
 50800
 50942
 51072
 51180
 51282
 51417
 51537
 51664
 51810
 51957
 52094
 52217
 52360
 52516
 52668
 52836
 53010
 53278
 54141
 54399
 61180
 63662
 63658
 63661
 63681
 63687
 63688
 63678
 63683
 63672
 63680
 63677
 63671
 63671
 63674
 63671
 63675
 63676
 63679
 63681
 63677
 63663
 63667
 63670
 63677
 63666
 63663
 63669
 63667
 63666
 63661
 63670
 63672
 63671
 63673
 63666
 63666
 63671
 63672
 63665
 63666
 63682
 63678
 63672
 63675
 63672
 63673
 63681
 63680
 63677
