So, 16.02.25    11:41:58
23 Osazee-6
6		
48.280
0.000
0.000


  6118
  6148
  6181
  6241
  6280
  6345
  6411
  6489
  6571
  6672
  6745
  6844
  6922
  7016
  7116
  7190
  7266
  7346
  7426
  7491
  7566
  7681
  7799
  7897
  8028
  8180
  8328
  8455
  8595
  8699
  8806
  8919
  9020
  9123
  9224
  9356
  9480
  9592
  9727
  9851
  9997
 10138
 10256
 10387
 10496
 10619
 10727
 10835
 10937
 11083
 11189
 11331
 11464
 11635
 11785
 11946
 12104
 12232
 12366
 12503
 12615
 12763
 12890
 13038
 13178
 13341
 13494
 13656
 13802
 13959
 14122
 14260
 14405
 14551
 14692
 14821
 14968
 15108
 15274
 15429
 15597
 15758
 15937
 16096
 16249
 16380
 16530
 16694
 16843
 16975
 17148
 17314
 17491
 17658
 17824
 18012
 18176
 18345
 18520
 18687
 18864
 19032
 19180
 19342
 19498
 19666
 19837
 20017
 20195
 20380
 20559
 20764
 20922
 21086
 21234
 21387
 21555
 21722
 21905
 22091
 22289
 22485
 22655
 22809
 22987
 23147
 23324
 23505
 23690
 23845
 24034
 24197
 24378
 24555
 24729
 24923
 25137
 25332
 25526
 25717
 25893
 26058
 26230
 26397
 26566
 26749
 26954
 27143
 27306
 27504
 27689
 27855
 28030
 28206
 28405
 28585
 28755
 28946
 29124
 29322
 29507
 29703
 29904
 30120
 30326
 30526
 30720
 30892
 31077
 31248
 31417
 31605
 31798
 32001
 32195
 32375
 32569
 32740
 32911
 33109
 33288
 33477
 33664
 33851
 34048
 34233
 34442
 34640
 34833
 35047
 35256
 35454
 35650
 35838
 36023
 36211
 36389
 36568
 36770
 36970
 37173
 37362
 37559
 37737
 37926
 38128
 38318
 38494
 38699
 38884
 39071
 39262
 39447
 39652
 39866
 40073
 40281
 40471
 40669
 40854
 41050
 41235
 41397
 41591
 41801
 41998
 42192
 42390
 42578
 42758
 42937
 43135
 43308
 43512
 43709
 43913
 44107
 44316
 44511
 44720
 44904
 45103
 45298
 45474
 45659
 45864
 46044
 46219
 46396
 46581
 46779
 46967
 47158
 47362
 47547
 47742
 47915
 48101
 48283
 48475
 48666
 48836
 48984
 49141
 49300
 49469
 49624
 49566
 49579
 49782
 50037
 50248
 50484
 50761
 50952
 51119
 51263
 51424
 51566
 51719
 51861
 52027
 52194
 52347
 52522
 52717
 52898
 53096
 53275
 53422
 53577
 53746
 53915
 54061
 54216
 54353
 54478
 54516
 54609
 54766
 55001
 55361
 55472
 56306
 70764
 70760
 66302
 56403
 56583
 56634
 56754
 56887
 56991
 70638
 70632
 61389
 57632
 57697
 57850
 58064
 58217
 58435
 61905
 70735
 70766
 70765
 70773
 70769
 70772
 70766
 70765
 70764
 70764
 70760
 70769
 70766
 70774
 70773
 70766
 70766
 70766
 70772
 70767
 70767
 70767
 70762
 70767
 70769
 70772
 70772
 70766
 70770
 70776
 70762
 70777
 70764
 70761
 70773
 70772
 70768
 70773
 70768
 70782
 70773
 70781
 70775
 70775
 70770
 70766
 70772
 70774
