So, 16.02.25    10:33:00
310 Schade-2
2		
48.280
0.000
0.000


  9826
  9839
  9890
  9923
  9959
 10025
 10082
 10117
 10165
 10223
 10273
 10341
 10411
 10455
 10507
 10581
 10635
 10692
 10755
 10820
 10901
 10996
 11086
 11140
 11214
 11273
 11334
 11422
 11509
 11601
 11712
 11836
 11940
 12037
 12117
 12251
 12397
 12516
 12642
 12735
 12833
 12932
 13031
 13107
 13212
 13322
 13432
 13547
 13660
 13777
 13956
 14076
 14204
 14306
 14387
 14504
 14626
 14748
 14882
 15020
 15149
 15279
 15384
 15510
 15682
 15813
 15958
 16081
 16191
 16305
 16416
 16539
 16676
 16824
 16966
 17114
 17257
 17439
 17577
 17733
 17884
 18020
 18129
 18272
 18405
 18570
 18725
 18873
 19030
 19184
 19340
 19498
 19662
 19809
 19962
 20105
 20244
 20384
 20538
 20676
 20835
 21016
 21156
 21337
 21503
 21676
 21819
 21975
 22126
 22280
 22444
 22594
 22749
 22905
 23085
 23253
 23435
 23633
 23788
 23955
 24103
 24264
 24413
 24569
 24737
 24900
 25080
 25252
 25439
 25622
 25803
 25959
 26125
 26269
 26405
 26583
 26757
 26916
 27105
 27295
 27482
 27674
 27874
 28037
 28196
 28362
 28524
 28692
 28846
 29028
 29206
 29396
 29581
 29781
 29967
 30154
 30330
 30477
 30644
 30820
 30979
 31169
 31345
 31528
 31719
 31916
 32115
 32298
 32469
 32641
 32812
 32970
 33137
 33311
 33505
 33695
 33911
 34110
 34308
 34494
 34663
 34832
 35001
 35188
 35375
 35545
 35744
 35939
 36120
 36323
 36501
 36690
 36873
 37059
 37240
 37416
 37591
 37782
 37957
 38151
 38365
 38581
 38773
 38960
 39126
 39310
 39484
 39667
 39860
 40062
 40266
 40442
 40646
 40853
 41029
 41209
 41377
 41539
 41725
 41925
 42111
 42322
 42529
 42731
 42925
 43099
 43274
 43459
 43648
 43844
 44044
 44234
 44425
 44634
 44828
 45020
 45223
 45403
 45568
 45758
 45951
 46138
 46330
 46528
 46751
 46959
 47151
 47339
 47544
 47713
 47892
 48070
 48230
 48380
 48548
 48715
 48858
 49027
 49201
 49398
 49507
 49322
 49802
 50177
 50333
 50460
 50486
 50746
 50914
 51048
 51183
 51335
 51512
 51756
 51948
 52089
 52218
 52333
 52464
 52611
 52762
 52922
 53015
 53057
 53493
 53952
 53909
 53985
 54072
 54228
 54416
 54570
 54686
 54819
 54979
 55137
 55291
 55475
 55629
 55737
 56240
 56580
 56019
 56136
 56254
 56422
 56531
 57288
 57398
 57205
 57299
 57398
 57336
 57346
 57444
 57548
 57651
 57750
 57876
 57987
 58101
 58217
 58313
 58426
 58537
 58652
 58765
 58875
 59000
 59113
 59231
 59337
 59430
 59525
 59634
 59734
 59841
 59948
 60066
 60174
 60288
 60386
 60509
 60624
 60732
 60837
 60938
 61031
 61124
 61202
 61272
 61359
 61452
 61552
 61635
 61732
 61823
 61931
 62037
 62147
 62246
 62351
 62454
 62560
 62639
 62724
 62800
 62889
 62960
 63043
 63134
 63217
