So, 16.02.25    10:42:16
298 Ahiandjipe-2
2		
48.280
0.000
0.000


 14086
 14136
 14167
 14215
 14254
 14321
 14360
 14400
 14433
 14461
 14511
 14586
 14611
 14680
 14729
 14791
 14864
 14951
 15043
 15149
 15168
 15232
 15330
 15413
 15491
 15574
 15648
 15716
 15793
 15864
 15942
 16028
 16099
 16175
 16243
 16327
 16407
 16464
 16549
 16610
 16684
 16758
 16835
 16939
 17036
 17143
 17273
 17349
 17450
 17551
 17668
 17782
 17893
 17980
 18096
 18194
 18309
 18416
 18522
 18657
 18773
 18893
 19000
 19103
 19224
 19336
 19452
 19572
 19684
 19794
 19918
 20042
 20163
 20302
 20436
 20538
 20653
 20770
 20898
 21029
 21169
 21282
 21406
 21527
 21695
 21853
 21977
 22115
 22257
 22397
 22541
 22685
 22823
 22967
 23099
 23225
 23376
 23548
 23701
 23854
 23985
 24119
 24250
 24393
 24546
 24694
 24864
 25019
 25163
 25344
 25509
 25699
 25838
 25976
 26115
 26249
 26422
 26582
 26729
 26879
 27040
 27198
 27368
 27541
 27690
 27821
 27980
 28134
 28287
 28451
 28631
 28812
 28977
 29153
 29317
 29492
 29661
 29828
 29987
 30163
 30325
 30502
 30660
 30808
 30989
 31152
 31316
 31491
 31678
 31843
 32004
 32159
 32327
 32498
 32676
 32867
 33046
 33219
 33401
 33577
 33754
 33913
 34086
 34264
 34430
 34608
 34796
 34993
 35198
 35393
 35570
 35728
 35882
 36052
 36243
 36407
 36597
 36788
 36978
 37168
 37365
 37539
 37707
 37888
 38069
 38242
 38418
 38601
 38801
 39002
 39189
 39365
 39535
 39725
 39900
 40096
 40308
 40497
 40684
 40884
 41057
 41246
 41423
 41611
 41806
 41979
 42158
 42364
 42585
 42754
 42936
 43115
 43289
 43472
 43675
 43871
 44062
 44258
 44455
 44627
 44826
 45012
 45208
 45404
 45598
 45791
 45981
 46176
 46345
 46534
 46719
 46902
 47092
 47277
 47455
 47632
 47821
 48006
 48202
 48398
 48572
 48750
 48927
 49096
 49238
 49389
 49564
 49712
 49877
 50049
 50201
 50342
 50544
 50721
 50925
 51032
 50930
 51203
 51467
 51636
 59006
 70765
 70753
 70770
 70750
 70756
 70763
 70759
 68106
 53535
 53746
 53606
 53166
 59619
 70749
 54760
 54513
 54596
 54720
 54861
 55053
 55444
 55851
 55560
 55565
 55797
 65962
 70754
 70758
 70754
 70744
 70755
 70745
 70740
 70736
 52216
 48108
 48089
 48133
 48140
 63903
 70767
 70757
 70766
 70773
 70778
 70762
 70769
 70777
 70783
 70763
 70766
 70762
 70752
 70756
 70756
 70755
 70753
 70750
 70748
 70749
 70746
 70753
 70759
 70751
 70743
 70744
 70745
 70748
 70745
 70750
 70759
 70767
 70766
 70776
 70791
 70802
 70804
 70805
 70812
 70804
 67387
 66425
 66204
 66123
 66113
 66254
 66517
 66954
 67863
