So, 16.02.25    10:18:14
650 Eltz-1
1		
48.280
0.000
0.000


 14476
 14536
 14573
 14611
 14642
 14680
 14729
 14793
 14844
 14911
 15000
 15081
 15175
 15268
 15348
 15421
 15508
 15579
 15667
 15734
 15818
 15910
 16009
 16116
 16181
 16251
 16334
 16411
 16494
 16589
 16713
 16817
 16918
 17043
 17170
 17272
 17357
 17469
 17570
 17680
 17775
 17878
 17997
 18110
 18231
 18336
 18467
 18605
 18740
 18856
 18982
 19096
 19201
 19306
 19421
 19536
 19665
 19781
 19904
 20030
 20170
 20274
 20412
 20554
 20688
 20800
 20929
 21051
 21174
 21303
 21428
 21553
 21716
 21852
 21984
 22138
 22294
 22454
 22598
 22752
 22909
 23053
 23141
 23271
 23425
 23578
 23723
 23869
 24001
 24152
 24333
 24479
 24632
 24774
 24924
 25081
 25233
 25377
 25510
 25670
 25822
 25980
 26150
 26307
 26461
 26643
 26793
 26943
 27101
 27268
 27421
 27572
 27725
 27878
 28046
 28216
 28397
 28579
 28757
 28913
 29069
 29218
 29381
 29534
 29689
 29868
 30034
 30217
 30399
 30558
 30748
 30925
 31080
 31246
 31393
 31549
 31710
 31875
 32060
 32236
 32416
 32597
 32792
 32975
 33152
 33301
 33474
 33636
 33809
 33985
 34153
 34317
 34502
 34696
 34873
 35075
 35264
 35434
 35591
 35763
 35935
 36106
 36281
 36441
 36613
 36791
 37009
 37204
 37406
 37585
 37755
 37924
 38097
 38256
 38430
 38620
 38806
 38994
 39185
 39375
 39570
 39754
 39932
 40123
 40294
 40474
 40642
 40822
 41009
 41202
 41393
 41602
 41796
 41983
 42179
 42352
 42529
 42714
 42877
 43063
 43240
 43430
 43624
 43815
 44013
 44204
 44378
 44567
 44744
 44928
 45117
 45288
 45479
 45670
 45855
 46076
 46271
 46464
 46656
 46848
 47031
 47205
 47376
 47553
 47722
 47879
 48052
 48227
 48369
 48541
 48715
 48932
 49180
 49562
 49066
 49153
 49981
 50326
 50471
 50514
 50429
 50721
 50905
 51144
 51272
 51398
 51546
 51777
 51881
 51943
 52013
 52109
 52232
 52386
 52571
 52744
 52903
 52965
 53127
 53445
 53591
 53578
 70855
 70847
 70852
 70849
 70856
 70856
 70847
 70853
 70854
 70859
 70854
 70862
 70842
 70833
 70824
 70809
 70817
 70815
 70810
 70820
 70813
 70814
 70812
 70820
 70808
 70812
 70801
 70805
 70816
 70806
 70805
 70813
 70806
 70812
 70807
 70812
 70802
 70805
 70805
 70807
 70801
 70805
 70808
 70800
 70805
 70806
 70807
 70801
 70815
 70812
