So, 16.02.25    10:34:09
681 Hüttner-2
2		
48.280
0.000
0.000


  6697
  6729
  6742
  6775
  6798
  6808
  6835
  6869
  6878
  6907
  6933
  6971
  7011
  7060
  7115
  7140
  7177
  7273
  7316
  7358
  7420
  7470
  7547
  7609
  7653
  7702
  7779
  7826
  7893
  7966
  8019
  8107
  8189
  8284
  8369
  8444
  8536
  8609
  8695
  8765
  8845
  8924
  9006
  9073
  9153
  9237
  9322
  9432
  9531
  9654
  9757
  9864
  9947
 10046
 10136
 10224
 10297
 10377
 10475
 10584
 10693
 10806
 10916
 11030
 11138
 11238
 11347
 11491
 11598
 11716
 11826
 11936
 12060
 12160
 12249
 12360
 12475
 12597
 12733
 12850
 12971
 13085
 13214
 13338
 13474
 13627
 13773
 13921
 14052
 14171
 14290
 14428
 14540
 14666
 14794
 14920
 15059
 15190
 15317
 15463
 15590
 15725
 15874
 16004
 16166
 16291
 16415
 16546
 16669
 16786
 16923
 17046
 17184
 17332
 17482
 17629
 17748
 17895
 18041
 18215
 18372
 18530
 18685
 18828
 18961
 19106
 19245
 19361
 19508
 19651
 19817
 20011
 20157
 20312
 20448
 20605
 20770
 20927
 21097
 21226
 21343
 21477
 21614
 21781
 21920
 22071
 22236
 22370
 22520
 22705
 22866
 23048
 23206
 23352
 23519
 23657
 23821
 23971
 24132
 24282
 24420
 24604
 24779
 24980
 25156
 25333
 25504
 25680
 25837
 25982
 26130
 26285
 26434
 26598
 26762
 26935
 27112
 27289
 27481
 27663
 27838
 27999
 28166
 28320
 28480
 28660
 28833
 29003
 29193
 29369
 29534
 29720
 29895
 30080
 30260
 30419
 30578
 30743
 30898
 31068
 31246
 31416
 31594
 31781
 31987
 32193
 32360
 32533
 32680
 32839
 33019
 33201
 33386
 33587
 33773
 33964
 34152
 34344
 34517
 34699
 34867
 35036
 35225
 35391
 35580
 35763
 35951
 36151
 36354
 36553
 36737
 36914
 37082
 37260
 37447
 37632
 37815
 38014
 38211
 38397
 38594
 38775
 38967
 39149
 39313
 39502
 39681
 39872
 40078
 40290
 40482
 40700
 40904
 41081
 41251
 41419
 41592
 41791
 41988
 42210
 42406
 42601
 42797
 42980
 43174
 43343
 43540
 43739
 43928
 44129
 44326
 44529
 44733
 44936
 45132
 45313
 45475
 45660
 45837
 46029
 46232
 46415
 46617
 46812
 47017
 47229
 47421
 47608
 47787
 47940
 48090
 48237
 48398
 48562
 48719
 48882
 49064
 49225
 49393
 49575
 49773
 49966
 50097
 50217
 50372
 50561
 50733
 50916
 51063
 51189
 51334
 51524
 51721
 51890
 52136
 52247
 52325
 52448
 52551
 52654
 52774
 52904
 53056
 53264
 53403
 53942
 59579
 70876
 70874
 70895
 70898
 70910
 70910
 70931
 70932
 70931
 70926
 70930
 70933
 70938
 70922
 70921
 70928
 70914
 70887
 70877
 70861
 70869
 70864
 70854
 70850
 70850
 70833
 70835
 70836
 70826
 70825
 70813
 70821
 70809
 70818
 70810
 70811
 70793
 70793
 70799
 70805
 70785
 70791
 70791
 70790
 70798
 70797
 70802
 70800
 70785
