So, 16.02.25    10:56:14
154 Kremling-3
3		
48.280
0.000
0.000


 12914
 12962
 13011
 13066
 13110
 13168
 13216
 13269
 13338
 13397
 13462
 13536
 13601
 13659
 13758
 13835
 13898
 13977
 14065
 14124
 14201
 14273
 14363
 14441
 14521
 14609
 14693
 14778
 14865
 14968
 15076
 15176
 15256
 15347
 15438
 15524
 15616
 15715
 15803
 15892
 16000
 16100
 16208
 16331
 16426
 16526
 16641
 16749
 16876
 17006
 17127
 17224
 17329
 17476
 17585
 17699
 17832
 17976
 18100
 18223
 18335
 18451
 18586
 18676
 18794
 18928
 19053
 19190
 19318
 19466
 19618
 19762
 19905
 20066
 20191
 20307
 20420
 20533
 20686
 20812
 20948
 21111
 21245
 21380
 21543
 21688
 21837
 22012
 22184
 22348
 22487
 22639
 22762
 22903
 23046
 23185
 23337
 23466
 23618
 23788
 23962
 24115
 24269
 24435
 24569
 24730
 24865
 25013
 25177
 25342
 25491
 25657
 25810
 25992
 26168
 26327
 26488
 26639
 26795
 26967
 27114
 27274
 27424
 27587
 27761
 27944
 28119
 28301
 28460
 28632
 28774
 28948
 29103
 29264
 29432
 29610
 29792
 29966
 30167
 30358
 30525
 30717
 30890
 31054
 31209
 31359
 31555
 31715
 31878
 32074
 32259
 32450
 32640
 32814
 32971
 33126
 33274
 33454
 33639
 33832
 34004
 34196
 34387
 34568
 34772
 34966
 35156
 35322
 35496
 35644
 35831
 35995
 36180
 36363
 36553
 36756
 36962
 37150
 37319
 37490
 37667
 37835
 38014
 38199
 38379
 38582
 38771
 38977
 39185
 39371
 39559
 39742
 39920
 40094
 40282
 40452
 40650
 40842
 41033
 41237
 41431
 41617
 41820
 41996
 42174
 42370
 42555
 42733
 42903
 43096
 43270
 43477
 43670
 43888
 44084
 44263
 44442
 44629
 44820
 44989
 45192
 45362
 45547
 45738
 45930
 46133
 46326
 46523
 46747
 46943
 47133
 47312
 47497
 47675
 47817
 48000
 48157
 48278
 48442
 48529
 48468
 48737
 49089
 49319
 49540
 49593
 49300
 49345
 49707
 50135
 50483
 50702
 50840
 51004
 51148
 51292
 51420
 51531
 51671
 51794
 51925
 52053
 52162
 52281
 52468
 52599
 52742
 52895
 53090
 53301
 53459
 53662
 54850
 70855
 70829
 70828
 70837
 70835
 70820
 70827
 70817
 70816
 70820
 70812
 70808
 70813
 70800
 70794
 70810
 70814
 70820
 70825
 70824
 70834
 70845
 70874
 70890
 70893
 70891
 70893
 70887
 70881
 70878
 70884
 70886
 70887
 70882
 70883
 70888
 70889
 70889
 70891
 70885
 70882
 70874
 70881
 70880
 70892
 70880
 70881
 70878
 70872
 70880
