So, 16.02.25    10:54:44
680 Ferber-3
3		
48.280
0.000
0.000


  4556
  4594
  4630
  4683
  4717
  4773
  4827
  4888
  4949
  5023
  5080
  5146
  5208
  5264
  5330
  5385
  5438
  5496
  5589
  5664
  5769
  5869
  5951
  6039
  6119
  6200
  6294
  6392
  6492
  6598
  6707
  6798
  6886
  6958
  7030
  7122
  7212
  7318
  7418
  7561
  7644
  7773
  7902
  7978
  8086
  8199
  8305
  8425
  8513
  8630
  8741
  8865
  8992
  9133
  9311
  9429
  9511
  9620
  9726
  9858
  9979
 10108
 10238
 10354
 10468
 10596
 10705
 10822
 10929
 11060
 11181
 11306
 11416
 11528
 11640
 11761
 11881
 12024
 12163
 12330
 12496
 12652
 12775
 12896
 13032
 13162
 13278
 13419
 13549
 13676
 13827
 13959
 14111
 14244
 14392
 14539
 14703
 14868
 15008
 15139
 15293
 15425
 15564
 15700
 15838
 15966
 16099
 16231
 16345
 16495
 16654
 16823
 16980
 17147
 17312
 17473
 17606
 17750
 17901
 18048
 18202
 18350
 18502
 18672
 18834
 18984
 19153
 19326
 19485
 19634
 19797
 19940
 20101
 20256
 20395
 20559
 20684
 20842
 20977
 21139
 21312
 21502
 21692
 21870
 22029
 22199
 22350
 22511
 22668
 22820
 22982
 23148
 23309
 23491
 23676
 23840
 24033
 24203
 24352
 24520
 24679
 24835
 24995
 25149
 25325
 25489
 25666
 25849
 26043
 26230
 26396
 26564
 26730
 26906
 27066
 27235
 27421
 27590
 27756
 27929
 28109
 28298
 28492
 28677
 28847
 29028
 29190
 29353
 29523
 29685
 29881
 30056
 30259
 30453
 30652
 30846
 31017
 31192
 31348
 31518
 31697
 31874
 32053
 32245
 32428
 32624
 32812
 32996
 33184
 33360
 33532
 33712
 33901
 34076
 34243
 34429
 34623
 34815
 35041
 35249
 35440
 35629
 35803
 35982
 36158
 36324
 36511
 36693
 36885
 37084
 37294
 37506
 37695
 37862
 38047
 38220
 38399
 38578
 38754
 38946
 39143
 39345
 39546
 39759
 39968
 40158
 40347
 40518
 40721
 40897
 41082
 41267
 41447
 41653
 41859
 42056
 42258
 42461
 42645
 42818
 43001
 43179
 43374
 43565
 43762
 43958
 44179
 44391
 44588
 44791
 44980
 45178
 45354
 45543
 45738
 45923
 46101
 46294
 46494
 46692
 46893
 47079
 47274
 47463
 47644
 47831
 48004
 48180
 48342
 48539
 48686
 48824
 48995
 49170
 49341
 49514
 49716
 49929
 50143
 50344
 50547
 50745
 50930
 51088
 51278
 51487
 51663
 51857
 52040
 52190
 52324
 52399
 52414
 52461
 52555
 52708
 52848
 52986
 53114
 53366
 53535
 53728
 53921
 54113
 54539
 54773
 63615
 70820
 70820
 70821
 70813
 70814
 70812
 70811
 70814
 70809
 70813
 70810
 70813
 70817
 70802
 70817
 70816
 70824
 70834
 70843
 70844
 70860
 70855
 70851
 70858
 70855
 70862
 70853
 70854
 70854
 70843
 70835
 70827
 70826
 70816
 70816
 70811
 70813
 70810
 70806
 70815
 70800
 70793
 70802
 70805
 70808
 70799
 70792
 70789
 70785
