So, 16.02.25    11:28:09
23 Osazee-5
5		
48.280
0.000
0.000


  6043
  6106
  6167
  6235
  6290
  6356
  6473
  6562
  6653
  6725
  6813
  6894
  6984
  7070
  7146
  7224
  7297
  7393
  7466
  7625
  7716
  7807
  7888
  8061
  8192
  8323
  8471
  8575
  8688
  8801
  8907
  8999
  9110
  9223
  9343
  9438
  9551
  9705
  9830
  9982
 10123
 10252
 10390
 10504
 10629
 10738
 10855
 10972
 11090
 11230
 11341
 11472
 11616
 11805
 11978
 12152
 12307
 12449
 12587
 12706
 12830
 12981
 13132
 13282
 13441
 13577
 13731
 13896
 14061
 14241
 14396
 14565
 14724
 14867
 15010
 15149
 15276
 15435
 15589
 15749
 15924
 16071
 16246
 16434
 16602
 16750
 16904
 17066
 17227
 17376
 17534
 17703
 17869
 18029
 18186
 18375
 18556
 18762
 18923
 19094
 19260
 19418
 19583
 19733
 19884
 20051
 20221
 20399
 20576
 20776
 20976
 21161
 21328
 21491
 21665
 21840
 22013
 22185
 22370
 22531
 22716
 22883
 23061
 23257
 23440
 23640
 23821
 23986
 24171
 24341
 24520
 24685
 24860
 25061
 25267
 25441
 25644
 25850
 26032
 26198
 26379
 26553
 26725
 26903
 27075
 27263
 27452
 27648
 27826
 28024
 28229
 28423
 28613
 28803
 28996
 29164
 29350
 29530
 29701
 29892
 30100
 30310
 30507
 30721
 30923
 31117
 31291
 31468
 31644
 31827
 32011
 32210
 32409
 32615
 32790
 32992
 33193
 33396
 33602
 33784
 33979
 34167
 34360
 34536
 34719
 34929
 35131
 35354
 35557
 35768
 35974
 36180
 36356
 36530
 36716
 36916
 37108
 37315
 37509
 37708
 37896
 38081
 38280
 38477
 38679
 38880
 39063
 39258
 39439
 39631
 39832
 40054
 40251
 40449
 40647
 40845
 41043
 41241
 41439
 41637
 41835
 42033
 42231
 42429
 42627
 42803
 43001
 43192
 43373
 43573
 43765
 43958
 44151
 44358
 44564
 44789
 44997
 45205
 45386
 45608
 45797
 45993
 46164
 46335
 46512
 46674
 46863
 47006
 47115
 47356
 47573
 47781
 47997
 48165
 48341
 48533
 48738
 48934
 49084
 49273
 49485
 49588
 49733
 49887
 50038
 50219
 50369
 50465
 50648
 50794
 50955
 51089
 51265
 51413
 51531
 51678
 51824
 51935
 52105
 52325
 52437
 52577
 52658
 53013
 53160
 53356
 53517
 53669
 53807
 53972
 54096
 68070
 70710
 70718
 70726
 70721
 70718
 70725
 70721
 70728
 70275
 55437
 55450
 55517
 55581
 55668
 55748
 55791
 55817
 55883
 66015
 70822
 70850
 70871
 70900
 70914
 70928
 70949
 70953
 70950
 70948
 70940
 70934
 70948
 70939
 70937
 70940
 70939
 70948
 70940
 70941
 70926
 70934
 70933
 70944
 70931
 70934
 70931
 70925
 70931
 70936
 70930
 70929
 70940
 70931
 70926
 70934
 70928
 70935
 70931
 70923
 70927
 70929
 70940
 70931
 70931
 70923
 70929
 70932
 70931
     0
