So, 16.02.25    10:16:25
310 Schade-1
1		
48.280
0.000
0.000


  9697
  9733
  9757
  9781
  9832
  9870
  9924
  9987
 10037
 10118
 10170
 10236
 10278
 10316
 10347
 10408
 10458
 10523
 10612
 10663
 10725
 10762
 10865
 10926
 11042
 11113
 11191
 11247
 11346
 11411
 11487
 11597
 11686
 11789
 11931
 12013
 12114
 12240
 12365
 12496
 12602
 12702
 12793
 12900
 13001
 13103
 13205
 13298
 13394
 13524
 13675
 13780
 13915
 14020
 14140
 14261
 14380
 14506
 14620
 14732
 14881
 15005
 15133
 15265
 15412
 15553
 15703
 15830
 15949
 16080
 16209
 16335
 16435
 16559
 16671
 16834
 16974
 17137
 17305
 17460
 17599
 17720
 17863
 17982
 18118
 18239
 18393
 18564
 18713
 18878
 19047
 19201
 19376
 19516
 19646
 19792
 19935
 20055
 20215
 20365
 20502
 20666
 20836
 21031
 21196
 21356
 21477
 21621
 21763
 21919
 22078
 22239
 22408
 22564
 22746
 22915
 23100
 23259
 23421
 23575
 23735
 23890
 24031
 24187
 24350
 24510
 24691
 24878
 25082
 25267
 25414
 25571
 25729
 25887
 26036
 26198
 26371
 26529
 26713
 26898
 27097
 27278
 27454
 27612
 27778
 27936
 28090
 28245
 28414
 28604
 28790
 28976
 29189
 29369
 29527
 29682
 29863
 30026
 30210
 30369
 30546
 30725
 30918
 31106
 31307
 31484
 31651
 31823
 31992
 32163
 32334
 32521
 32696
 32878
 33076
 33266
 33475
 33673
 33841
 34014
 34179
 34353
 34528
 34709
 34909
 35101
 35300
 35483
 35685
 35864
 36041
 36218
 36390
 36536
 36728
 36916
 37111
 37309
 37513
 37738
 37917
 38107
 38266
 38432
 38614
 38799
 38985
 39185
 39379
 39575
 39771
 39982
 40162
 40348
 40523
 40698
 40875
 41057
 41236
 41429
 41620
 41835
 42049
 42255
 42436
 42609
 42778
 42951
 43139
 43321
 43531
 43743
 43933
 44133
 44341
 44547
 44722
 44915
 45102
 45294
 45463
 45648
 45823
 46028
 46220
 46424
 46623
 46830
 47033
 47220
 47408
 47594
 47759
 47915
 48084
 48246
 48410
 48567
 48738
 48900
 49084
 49296
 49549
 49655
 49401
 49623
 50171
 50389
 50494
 50630
 50829
 50995
 51118
 51295
 51479
 51662
 51829
 51997
 52130
 52247
 52349
 52475
 52600
 52721
 52867
 52982
 53149
 53276
 53448
 53653
 53936
 54016
 60029
 70726
 70715
 70722
 70720
 70718
 70716
 70714
 70721
 70712
 70717
 70721
 70713
 70713
 70709
 70714
 70703
 70709
 70711
 70705
 70698
 70665
 70655
 70650
 70643
 70648
 70636
 70636
 70628
 70641
 70644
 70641
 70634
 70629
 70630
 70629
 70613
 70614
 70633
 70624
 70612
 70620
 70609
 70604
 70594
 70606
 70614
 70622
 70605
 70609
