So, 16.02.25    11:13:36
448 Schulze-4
4		
48.280
0.000
0.000


  3177
  3186
  3218
  3237
  3258
  3291
  3305
  3333
  3411
  3468
  3486
  3513
  3584
  3652
  3724
  3802
  3867
  3947
  4027
  4101
  4162
  4239
  4289
  4331
  4399
  4503
  4591
  4672
  4744
  4795
  4907
  5013
  5103
  5205
  5312
  5403
  5476
  5554
  5674
  5744
  5838
  5928
  6028
  6112
  6176
  6261
  6340
  6465
  6578
  6688
  6815
  6936
  7050
  7173
  7311
  7419
  7533
  7652
  7752
  7878
  8005
  8114
  8221
  8353
  8494
  8635
  8786
  8939
  9085
  9183
  9300
  9430
  9546
  9665
  9805
  9921
 10041
 10177
 10289
 10413
 10563
 10714
 10867
 11009
 11138
 11276
 11404
 11543
 11675
 11812
 11950
 12110
 12246
 12380
 12541
 12715
 12869
 13039
 13178
 13315
 13461
 13600
 13745
 13903
 14046
 14188
 14340
 14495
 14664
 14827
 15001
 15167
 15315
 15473
 15640
 15789
 15928
 16081
 16221
 16353
 16511
 16679
 16841
 17019
 17202
 17360
 17499
 17652
 17794
 17956
 18103
 18273
 18422
 18602
 18775
 18946
 19131
 19323
 19505
 19665
 19845
 20007
 20171
 20327
 20489
 20646
 20818
 20982
 21160
 21335
 21519
 21696
 21845
 22017
 22193
 22359
 22524
 22687
 22854
 23035
 23200
 23402
 23595
 23783
 23973
 24147
 24317
 24486
 24662
 24845
 25010
 25210
 25389
 25568
 25749
 25942
 26108
 26285
 26441
 26622
 26786
 26960
 27140
 27327
 27530
 27715
 27892
 28092
 28289
 28475
 28664
 28840
 29003
 29196
 22041
  6061
  6009
  5982
  5970
  5880
  5834
  5920
  5985
  5998
  5993
  5977
  5982
  6003
  5924
  5742
 10401
 32531
 32725
 32915
 33111
 33265
 33448
 33631
 33810
 33994
 34186
 34372
 34551
 34742
 34942
 35146
 35346
 35509
 35688
 35851
 36043
 36223
 36396
 36597
 36794
 37008
 37218
 37434
 37621
 37804
 37977
 38160
 38344
 38529
 38721
 38922
 39123
 39315
 39510
 39717
 39915
 40115
 40304
 40489
 40680
 40871
 41051
 41244
 41430
 41639
 41857
 42067
 42257
 42434
 42623
 42801
 42991
 43182
 43380
 43588
 43790
 43990
 44188
 44379
 44579
 44774
 44969
 45160
 45349
 45537
 45741
 45950
 46156
 46361
 46565
 46783
 46987
 47180
 47386
 47570
 47727
 47893
 48066
 48236
 48412
 48587
 48756
 48934
 49104
 49287
 49482
 49553
 49576
 49846
 50021
 50384
 50622
 50783
 50944
 51088
 51216
 51327
 51465
 51598
 51746
 51886
 52037
 52184
 52329
 52502
 52657
 52797
 52990
 53187
 53353
 56653
 70942
 70922
 70919
 70921
 70942
 70958
 70973
 70978
 70975
 70956
 70944
 70924
 70905
 70899
 70878
 70873
 70871
 70861
 70866
 70859
 70868
 70863
 70865
 70856
 70842
 70858
 70849
 70861
 70851
 70853
 70856
 70852
 70846
 70846
 70848
 70847
 70856
 70848
 70844
 70842
 70852
 70849
 70856
 70849
 70856
 70846
 70861
 70850
 70859
 70853
