So, 16.02.25    11:01:26
729 Limberg-3
3		
48.280
0.000
0.000


 12672
 12738
 12822
 12906
 13000
 13075
 13147
 13249
 13345
 13450
 13551
 13664
 13752
 13848
 13991
 14096
 14183
 14289
 14390
 14424
 14522
 14651
 14744
 14868
 14990
 15133
 15263
 15365
 15452
 15556
 15685
 15837
 15963
 16066
 16192
 16306
 16353
 16465
 16592
 16718
 16859
 16995
 17141
 17262
 17414
 17545
 17679
 17801
 17937
 18081
 18212
 18313
 18435
 18603
 18763
 18899
 19042
 19181
 19318
 19448
 19592
 19747
 19877
 20003
 20147
 20291
 20437
 20559
 20689
 20834
 20990
 21147
 21290
 21438
 21579
 21721
 21858
 22017
 22168
 22331
 22481
 22621
 22787
 22946
 23111
 23254
 23401
 23553
 23708
 23872
 24037
 24178
 24340
 24503
 24659
 24800
 24954
 25135
 25308
 25459
 25613
 25774
 25936
 26086
 26247
 26385
 26551
 26705
 26858
 27035
 27217
 27398
 27552
 27715
 27864
 28022
 28191
 28354
 28518
 28690
 28862
 29026
 29181
 29346
 29513
 29697
 29868
 30027
 30202
 30355
 30522
 30693
 30868
 31025
 31202
 31352
 31541
 31709
 31889
 32058
 32237
 32406
 32568
 32730
 32897
 33077
 33237
 33416
 33592
 33770
 33941
 34117
 34290
 34469
 34644
 34797
 34987
 35157
 35331
 35496
 35686
 35872
 36040
 36212
 36394
 36576
 36741
 36926
 37110
 37274
 37451
 37623
 37797
 37972
 38161
 38330
 38495
 38676
 38862
 39055
 39226
 39416
 39587
 39772
 39950
 40136
 40332
 40489
 40658
 40857
 41043
 41255
 41439
 41619
 41795
 41962
 42122
 42304
 42492
 42682
 42864
 43049
 43238
 43396
 43576
 43780
 43953
 44142
 44316
 44504
 44687
 44858
 45053
 45245
 45411
 45602
 45800
 45993
 46186
 46376
 46579
 46753
 46960
 47133
 47310
 47482
 47653
 47808
 47964
 48119
 48286
 48436
 48646
 48821
 48982
 49148
 49305
 49460
 49635
 49795
 49714
 49863
 50129
 50340
 50515
 50698
 51060
 51233
 51385
 51535
 51665
 51806
 51935
 52072
 52217
 52365
 52462
 52576
 52678
 52792
 52942
 53079
 53272
 53453
 53679
 60396
 70827
 70833
 70833
 70831
 70828
 70824
 70828
 70827
 70819
 70825
 70821
 70828
 70828
 70826
 70833
 70825
 70827
 70831
 70822
 70827
 70834
 70821
 70821
 70833
 70824
 70832
 70821
 70827
 70829
 70823
 70825
 70822
 70823
 70822
 70819
 70824
 70814
 70828
 70822
 70815
 70821
 70821
 70816
 70822
 70813
 70809
 70806
 70810
 70808
