So, 16.02.25    12:58:38
267 Anochili-2
2		
46.280
0.000
0.000


 10241
 10255
 10261
 10278
 10291
 10289
 10299
 10316
 10333
 10326
 10333
 10343
 10361
 10376
 10399
 10431
 10465
 10491
 10523
 10549
 10570
 10616
 10651
 10664
 10696
 10739
 10826
 10870
 10955
 11008
 11076
 11124
 11174
 11236
 11306
 11351
 11413
 11478
 11532
 11596
 11653
 11739
 11807
 11892
 11972
 12074
 12144
 12232
 12315
 12397
 12476
 12556
 12645
 12736
 12833
 12913
 13020
 13100
 13191
 13295
 13404
 13494
 13587
 13712
 13802
 13917
 14001
 14077
 14168
 14266
 14369
 14464
 14580
 14684
 14794
 14906
 15031
 15137
 15223
 15338
 15470
 15591
 15710
 15841
 15941
 16037
 16161
 16275
 16391
 16488
 16605
 16743
 16857
 16964
 17092
 17204
 17326
 17459
 17589
 17707
 17842
 17975
 18083
 18197
 18318
 18441
 18580
 18707
 18834
 18971
 19107
 19255
 19417
 19586
 19714
 19835
 19979
 20104
 20235
 20366
 20502
 20636
 20767
 20888
 21034
 21167
 21302
 21447
 21604
 21762
 21898
 22029
 22155
 22285
 22414
 22541
 22679
 22845
 23009
 23149
 23283
 23452
 23621
 23766
 23892
 24062
 24206
 24346
 24492
 24636
 24769
 24922
 25067
 25225
 25390
 25549
 25729
 25861
 26022
 26170
 26288
 26424
 26566
 26732
 26892
 27031
 27200
 27357
 27525
 27696
 27838
 28000
 28153
 28311
 28460
 28615
 28760
 28910
 29063
 29226
 29390
 29568
 29733
 29905
 30059
 30236
 30386
 30538
 30704
 30862
 31014
 31172
 31336
 31497
 31672
 31852
 32044
 32185
 32325
 32492
 32691
 32868
 33015
 33146
 33300
 33480
 33662
 33851
 34024
 34167
 34331
 34485
 34640
 34825
 34984
 35169
 35313
 35474
 35664
 35845
 36027
 36170
 36341
 36501
 36669
 36827
 36988
 37158
 37329
 37522
 37695
 37874
 38056
 38219
 38377
 38543
 38710
 38876
 39058
 39215
 39371
 39550
 39723
 39918
 40093
 40274
 40426
 40608
 40782
 40947
 41111
 41277
 41463
 41657
 41837
 42021
 42192
 42368
 42530
 42708
 42856
 43028
 43205
 43377
 43544
 43719
 43893
 44065
 44227
 44415
 44583
 44758
 44964
 45156
 45340
 45525
 45706
 45868
 46019
 46153
 46279
 46438
 46588
 46724
 46873
 47030
 47187
 47354
 47693
 47372
 47358
 47885
 48265
 48385
 48505
 48617
 48718
 48764
 48976
 49168
 49355
 49549
 49615
 49697
 49938
 50138
 50298
 50474
 50634
 50643
 50571
 50618
 50718
 50830
 50979
 51167
 51344
 51512
 51672
 51863
 52036
 52265
 58734
 68813
 68780
 68773
 68755
 68765
 68760
 68753
 68765
 68768
 68784
 68799
 68819
 68825
 68846
 68857
 68864
 68864
 68890
 68904
 68919
 68919
 68928
 68933
 68927
 68921
 68911
 68903
 68904
 68907
 68910
 68911
 68916
 68921
 68904
 68917
 68913
 68897
 68917
 68924
 68924
 68919
 68908
 68915
 68903
 68906
 68901
 68900
 68898
 68906
