So, 16.02.25    13:14:34
329 Werner-2
2		
46.280
0.000
0.000


 14702
 14713
 14726
 14747
 14755
 14790
 14815
 14839
 14871
 14909
 14953
 14984
 15039
 15095
 15140
 15199
 15249
 15323
 15400
 15463
 15521
 15583
 15644
 15698
 15754
 15813
 15847
 15905
 15968
 16008
 16057
 16116
 16186
 16277
 16345
 16421
 16483
 16545
 16622
 16699
 16784
 16859
 16943
 17025
 17110
 17194
 17290
 17364
 17439
 17517
 17594
 17662
 17740
 17813
 17908
 17996
 18089
 18183
 18288
 18375
 18481
 18562
 18651
 18742
 18840
 18926
 19026
 19122
 19216
 19304
 19403
 19499
 19632
 19722
 19848
 19963
 20059
 20160
 20236
 20317
 20424
 20550
 20655
 20759
 20876
 20965
 21070
 21129
 21238
 21336
 21439
 21546
 21654
 21776
 21875
 21973
 22070
 22201
 22334
 22461
 22589
 22714
 22819
 22927
 23026
 23127
 23240
 23357
 23478
 23605
 23732
 23857
 23981
 24119
 24237
 24373
 24506
 24633
 24755
 24879
 24995
 25119
 25235
 25349
 25476
 25593
 25714
 25854
 26004
 26154
 26298
 26416
 26553
 26686
 26809
 26938
 27066
 27216
 27359
 27502
 27643
 27775
 27907
 28052
 28199
 28327
 28457
 28599
 28736
 28858
 29013
 29149
 29286
 29414
 29564
 29711
 29893
 30050
 30196
 30339
 30468
 30604
 30756
 30889
 31037
 31195
 31333
 31482
 31621
 31788
 31944
 32089
 32245
 32398
 32537
 32673
 32812
 32957
 33104
 33256
 33407
 33586
 33766
 33929
 34093
 34240
 34372
 34517
 34682
 34862
 35046
 35194
 35328
 35477
 35650
 35756
 35853
 35972
 36139
 36321
 36544
 36712
 36873
 37027
 37191
 37366
 37551
 37711
 37876
 38032
 38177
 38332
 38491
 38653
 38811
 38979
 39142
 39303
 39471
 39628
 39778
 39921
 40103
 40266
 40433
 40588
 40750
 40921
 41101
 41272
 41433
 41598
 41762
 41929
 42090
 42251
 42397
 42569
 42721
 42881
 43049
 43206
 43352
 43502
 43644
 43804
 43990
 44150
 44316
 44487
 44656
 44846
 45025
 45209
 45374
 45529
 45695
 45858
 46009
 46152
 46283
 46432
 46588
 46751
 46903
 47041
 47179
 47295
 47439
 47583
 47709
 47840
 47956
 48089
 48214
 48344
 48483
 48599
 48730
 48871
 49011
 49160
 49300
 49441
 49647
 49838
 50016
 50221
 50513
 50808
 50924
 51948
 68760
 68760
 68754
 68763
 68765
 68782
 68802
 68816
 68823
 68828
 68852
 68857
 68686
 68444
 68371
 68368
 68385
 68410
 68441
 68462
 68502
 68560
 68578
 68607
 68606
 68621
 68618
 68595
 68553
 68545
 68550
 68552
 68543
 68543
 68537
 68541
 68529
 68537
 68532
 68521
 68532
 68524
 68529
 68519
 68528
 68525
 68522
 68525
 68528
 68517
