So, 16.02.25    12:39:33
497 Servatius-1
1		
46.280
0.000
0.000


 19308
 19330
 19379
 19428
 19473
 19524
 19576
 19616
 19657
 19715
 19776
 19819
 19862
 19939
 19989
 20043
 20118
 20177
 20251
 20320
 20390
 20456
 20535
 20589
 20662
 20719
 20801
 20880
 20974
 21064
 21138
 21229
 21318
 21436
 21528
 21636
 21726
 21806
 21911
 21997
 22090
 22195
 22297
 22397
 22495
 22599
 22710
 22819
 22924
 23029
 23109
 23202
 23304
 23419
 23533
 23650
 23769
 23903
 24020
 24161
 24285
 24405
 24512
 24613
 24729
 24843
 24977
 25108
 25226
 25335
 25469
 25608
 25749
 25886
 26019
 26134
 26252
 26352
 26471
 26607
 26743
 26888
 27028
 27161
 27306
 27454
 27590
 27714
 27834
 27967
 28092
 28224
 28363
 28502
 28657
 28806
 28940
 29102
 29251
 29395
 29529
 29658
 29801
 29938
 30095
 30238
 30380
 30516
 30673
 30829
 30985
 31140
 31282
 31408
 31539
 31697
 31845
 32007
 32161
 32316
 32463
 32621
 32775
 32924
 33081
 33213
 33353
 33497
 33652
 33797
 33970
 34120
 34279
 34439
 34592
 34764
 34916
 35074
 35251
 35391
 35534
 35704
 35862
 36009
 36163
 36326
 36487
 36665
 36836
 36991
 37155
 37299
 37452
 37609
 37769
 37940
 38101
 38250
 38419
 38591
 38772
 38930
 39098
 39246
 39406
 39558
 39740
 39899
 40062
 40224
 40397
 40573
 40755
 40927
 41089
 41243
 41387
 41541
 41714
 41879
 42061
 42227
 42397
 42567
 42742
 42906
 43075
 43237
 43388
 43556
 43714
 43874
 44029
 44194
 44360
 44535
 44722
 44904
 45083
 45256
 45415
 45576
 45730
 45874
 46039
 46200
 46343
 46495
 46644
 46800
 46960
 47160
 47356
 47527
 47704
 47816
 47992
 48126
 48254
 48383
 48514
 48643
 48760
 48887
 48999
 49123
 49237
 49362
 49486
 49630
 49804
 49958
 50100
 50199
 50331
 50466
 50631
 50817
 50951
 51056
 51240
 51397
 57879
 68798
 68801
 68800
 68797
 68801
 68792
 68807
 68799
 68797
 68804
 68796
 68810
 68804
 68798
 68802
 68807
 68797
 68807
 68794
 68798
 68791
 68788
 68797
 68812
 68797
 68804
 68800
 68802
 68804
 68807
 68800
 68806
 68798
 68798
 68801
 68798
 68801
 68779
 68798
 68786
 68783
 68788
 68792
 68779
 68796
 68790
 68781
 68790
 68776
