So, 16.02.25    13:12:52
645 Krug-2
2		
46.280
0.000
0.000


 16897
 16889
 16884
 16899
 16908
 16906
 16896
 16912
 16915
 16915
 16908
 16918
 16917
 16908
 16917
 16920
 16919
 16923
 16932
 16915
 16922
 16923
 16918
 16912
 16922
 16914
 16916
 16916
 16907
 16911
 16911
 16920
 16916
 16919
 16910
 16918
 16913
 16917
 16916
 16919
 16919
 16919
 16919
 16923
 16924
 16919
 16917
 16923
 16910
 16909
 16899
 16891
 16885
 16894
 16906
 16892
 16889
 16862
 16853
 16840
 16830
 16803
 16778
 16763
 16729
 16709
 16689
 16679
 16665
 16674
 16650
 16701
 16722
 16741
 16766
 16769
 16769
 16772
 16762
 16818
 16869
 16832
 16810
 16773
 16728
 16685
 16640
 16581
 16537
 16543
 16537
 16535
 16524
 16521
 16525
 16513
 16521
 16520
 16519
 16522
 16513
 16529
 16533
 16540
 16551
 16554
 16571
 16585
 16606
 16643
 16691
 16734
 16758
 16820
 16871
 16929
 16993
 17039
 17096
 17126
 17156
 17209
 17253
 17294
 17364
 17418
 17493
 17570
 17653
 17724
 17810
 17897
 17959
 18010
 18109
 18178
 18267
 18364
 18476
 18585
 18666
 18765
 18849
 18942
 19044
 19138
 19214
 19313
 19408
 19491
 19592
 19701
 19824
 19953
 20081
 20195
 20306
 20412
 20487
 20615
 20718
 20828
 20943
 21077
 21191
 21303
 21434
 21572
 21686
 21792
 21905
 22015
 22144
 22262
 22395
 22521
 22661
 22810
 22974
 23096
 23205
 23339
 23465
 23592
 23729
 23873
 24019
 24175
 24321
 24469
 24618
 24754
 24889
 25015
 25157
 25290
 25421
 25570
 25733
 25888
 26027
 26203
 26342
 26492
 26633
 26786
 26919
 27077
 27231
 27386
 27535
 27683
 27835
 27993
 28140
 28296
 28449
 28606
 28758
 28921
 29075
 29239
 29386
 29562
 29744
 29903
 30072
 30214
 30348
 30509
 30664
 30111
  7428
  7169
  7018
  6854
  6678
  6693
  6733
  6726
  6722
  6722
  6726
  6737
  6725
  6746
  6749
  6764
  6785
  6795
  6835
  6854
  6863
  6886
  6889
  6885
  6901
  6891
  6871
  6871
  6871
  6881
  6868
  6894
  6889
  6881
  6900
  6918
  6906
  6904
  6901
  6932
  6920
  6943
  6942
  6975
  6977
  6986
  6990
  6995
  7011
  7004
  7013
  7043
  7050
  7034
  7051
  7059
  7060
  7109
  7107
  7151
  7147
  7172
  7174
  7220
  7277
  7255
  7293
  7304
  7328
  7337
  7325
  7315
  7249
  7207
  7205
  7217
  7221
  7215
  7243
  7247
  7242
  7252
  7250
  7240
  7237
  7249
  7230
  7214
  7221
  7220
  7221
  7230
  7226
  7235
  7223
  7243
  7236
  7233
  7244
  7254
  7249
  7259
  7260
  7263
  7273
  7272
  7270
  7275
  7279
  7271
  7270
  7273
  7281
  7277
  7272
  7279
  7250
  7265
  7288
  7306
  7297
  7316
  7317
  7347
  7367
  7393
  7406
  7408
  7411
  7423
  7438
  7481
  7479
  7490
  7502
  7506
  7507
  7518
  7515
  7523
  7506
  7489
  7465
  7481
  7472
  7480
  7490
  7496
  7507
  7506
  7510
  7528
  7540
  7555
  7580
  7618
  7587
  9206
 58556
 67434
 67411
 67426
 67425
 67412
 67423
 67402
 67386
 67378
 67394
 54417
 18204
  7960
  7888
  7841
  7772
  7791
  7700
  7634
  7659
  7642
  7613
  7644
  7643
  7693
  7697
  7689
  7711
  7717
  7719
  7727
  7729
  7752
  7748
  7755
  7764
  7767
  7775
  7778
  7791
  7803
  7793
  7817
  7813
  7832
  7810
  7828
  7836
  7829
  7849
  7862
  7863
  7866
  7862
  7864
  7885
  7894
  7895
  7901
  7910
  7925
  7927
  7939
  7943
  7924
  7941
  7952
  7944
  7973
  7983
  7987
  7980
  7979
  7989
  8015
  8009
  8066
  8025
  8057
  8194
  8216
  8223
  8188
  8270
  8270
  8255
  8239
  8281
  8278
  8277
  8279
  8296
  8281
  8290
  8289
  8280
  8274
  8280
  8266
  8240
  8230
  8207
  8162
  8122
  8111
  8098
  8092
  8090
  8115
  8102
  8121
  8141
  8168
  8231
  8117
 18997
 73365
 74331
 77608
 79156
 79019
 77901
 76667
 75548
 74526
 73607
 72859
 72134
 71475
 70882
 69444
 67798
 69008
 67280
 66214
 64994
 63874
 62900
 62386
 62400
 62715
 62992
 63138
 63116
 63147
 63230
 63414
 63557
 63480
 63513
 63460
 63500
 63542
 63504
 63514
 63586
 63505
 63539
 63543
 63509
 63526
 63439
 63555
 63520
 63541
 63546
