So, 16.02.25    13:18:28
267 Anochili-3
3		
46.280
0.000
0.000


  9992
 10028
 10065
 10102
 10145
 10168
 10201
 10227
 10245
 10262
 10251
 10260
 10270
 10281
 10308
 10358
 10432
 10482
 10545
 10597
 10624
 10693
 10768
 10811
 10865
 10928
 10994
 11067
 11129
 11175
 11215
 11272
 11353
 11435
 11497
 11592
 11668
 11770
 11841
 11918
 12019
 12082
 12169
 12244
 12345
 12448
 12540
 12624
 12719
 12812
 12898
 12979
 13060
 13144
 13251
 13365
 13475
 13581
 13680
 13781
 13866
 13947
 14068
 14164
 14269
 14365
 14476
 14598
 14713
 14816
 14924
 15027
 15127
 15231
 15357
 15488
 15616
 15744
 15840
 15980
 16079
 16172
 16278
 16398
 16511
 16629
 16762
 16878
 16979
 17096
 17225
 17336
 17472
 17612
 17731
 17869
 17990
 18100
 18216
 18348
 18466
 18591
 18728
 18845
 18979
 19113
 19224
 19375
 19513
 19668
 19818
 19959
 20092
 20217
 20350
 20478
 20608
 20736
 20889
 21009
 21149
 21269
 21411
 21576
 21728
 21877
 22019
 22165
 22295
 22431
 22570
 22704
 22828
 22974
 23121
 23263
 23413
 23588
 23759
 23916
 24063
 24204
 24350
 24488
 24638
 24796
 24941
 25081
 25228
 25379
 25554
 25718
 25876
 26017
 26164
 26290
 26428
 26577
 26749
 26904
 27058
 27225
 27376
 27566
 27733
 27883
 28030
 28169
 28325
 28476
 28629
 28789
 28950
 29107
 29258
 29427
 29606
 29776
 29935
 30088
 30247
 30392
 30556
 30714
 30879
 31046
 31223
 31383
 31567
 31744
 31904
 32057
 32227
 32385
 32527
 32694
 32835
 32997
 33140
 33316
 33502
 33688
 33854
 34025
 34183
 34338
 34492
 34660
 34835
 35017
 35228
 35366
 35547
 35733
 35893
 36079
 36237
 36393
 36577
 36743
 36918
 37079
 37241
 37423
 37596
 37770
 37953
 38123
 38291
 38449
 38607
 38756
 38922
 39099
 39263
 39433
 39606
 39784
 39971
 40153
 40328
 40500
 40679
 40837
 41001
 41184
 41352
 41542
 41736
 41918
 42092
 42265
 42446
 42605
 42770
 42923
 43103
 43263
 43438
 43610
 43781
 43963
 44130
 44302
 44469
 44632
 44818
 45001
 45200
 45380
 45543
 45724
 45895
 46031
 46187
 46321
 46480
 46624
 46764
 46905
 47081
 47259
 48203
 65374
 47332
 47471
 58827
 68851
 51780
 48313
 48644
 48696
 48773
 48904
 48926
 49155
 59977
 62752
 49924
 49847
 50047
 50234
 50423
 50590
 50672
 50562
 50596
 50669
 50785
 50916
 51058
 51212
 51355
 51506
 51634
 51646
 66370
 68690
 68667
 68663
 68671
 68664
 68661
 68676
 68668
 68685
 68695
 68708
 68728
 68755
 68773
 68798
 68824
 68847
 68846
 68857
 68861
 68869
 68861
 68840
 68780
 68603
 68364
 68248
 68220
 68235
 68285
 68326
 68348
 68374
 68374
 68359
 68366
 68371
 68357
 68364
 68366
 68364
 68375
 68362
 68370
 68379
 68396
 68386
 68375
 68381
