So, 16.02.25    13:48:37
655 Freitag-4
4		
46.280
0.000
0.000


  9820
  9890
  9931
  9956
 10008
 10067
 10078
 10120
 10165
 10187
 10227
 10248
 10292
 10315
 10353
 10378
 10428
 10484
 10535
 10591
 10654
 10710
 10804
 10906
 10984
 11068
 11151
 11215
 11268
 11339
 11425
 11501
 11607
 11689
 11762
 11889
 11991
 12089
 12194
 12310
 12412
 12487
 12591
 12677
 12769
 12878
 12968
 13080
 13175
 13297
 13421
 13545
 13680
 13781
 13896
 13991
 14098
 14209
 14336
 14466
 14580
 14717
 14865
 15013
 15140
 15261
 15382
 15493
 15609
 15743
 15861
 15988
 16111
 16227
 16372
 16534
 16689
 16825
 16937
 17055
 17165
 17298
 17440
 17568
 17724
 17889
 18030
 18200
 18361
 18515
 18653
 18775
 18906
 19036
 19178
 19318
 19466
 19628
 19787
 19976
 20126
 20286
 20418
 20530
 20673
 20807
 20951
 21098
 21264
 21438
 21602
 21775
 21944
 22111
 22246
 22398
 22539
 22683
 22825
 22976
 23131
 23278
 23467
 23657
 23844
 23996
 24155
 24295
 24442
 24598
 24759
 24926
 25104
 25283
 25454
 25655
 25815
 25969
 26122
 26271
 26421
 26565
 26743
 26894
 27069
 27240
 27423
 27600
 27797
 27971
 28120
 28282
 28446
 28612
 28798
 28966
 29152
 29337
 29504
 29679
 29876
 30055
 30206
 30354
 30529
 30685
 30847
 31016
 31174
 31347
 31525
 31735
 31928
 32086
 32240
 32396
 32565
 32712
 32883
 33073
 33244
 33428
 33626
 33827
 34000
 34139
 34306
 34468
 34634
 34801
 34968
 35158
 35366
 35537
 35748
 35929
 36111
 36254
 36414
 36575
 36755
 36922
 37105
 37291
 37489
 37665
 37848
 38036
 38224
 38393
 38554
 38713
 38891
 39052
 39222
 39391
 39576
 39772
 39956
 40164
 40375
 40544
 40705
 40882
 41041
 41208
 41372
 41555
 41753
 41946
 42141
 42344
 42506
 42696
 42855
 43021
 43195
 43389
 43583
 43750
 43920
 44085
 44265
 44468
 44668
 44876
 45068
 45244
 45416
 45580
 45762
 45923
 46076
 46237
 46383
 46558
 46710
 46861
 47012
 47190
 47374
 47498
 47428
 47597
 47898
 48040
 48197
 48434
 48793
 49037
 49240
 49423
 49568
 49568
 49502
 49573
 49697
 49855
 50016
 50209
 50431
 54381
 51183
 51445
 51339
 51151
 60631
 68904
 68841
 68746
 68657
 68654
 68590
 68493
 68486
 68486
 68452
 68478
 68474
 68474
 68458
 68443
 68422
 68435
 68433
 68431
 68417
 68409
 68412
 68399
 68416
 68417
 68402
 68406
 68391
 68379
 68393
 68393
 68401
 68389
 68386
 68393
 68395
 68372
 68370
 68371
 68359
 68385
 68369
 68376
 68381
 68368
 68370
 68363
 68352
 68383
