So, 16.02.25    14:01:43
459 Ehlers-6
6		
46.280
0.000
0.000


 12199
 12257
 12330
 12403
 12482
 12530
 12609
 12699
 12794
 12893
 12979
 13042
 13127
 13204
 13298
 13393
 13482
 13558
 13654
 13734
 13823
 13911
 14016
 14096
 14196
 14322
 14418
 14525
 14620
 14723
 14814
 14901
 14976
 15075
 15169
 15275
 15403
 15547
 15644
 15747
 15848
 15965
 16071
 16182
 16283
 16364
 16480
 16599
 16692
 16818
 16952
 17099
 17200
 17325
 17438
 17585
 17700
 17845
 17969
 18071
 18201
 18306
 18427
 18548
 18706
 18873
 18994
 19116
 19254
 19375
 19518
 19642
 19766
 19886
 20010
 20136
 20269
 20424
 20586
 20708
 20825
 20973
 21131
 21262
 21408
 21543
 21648
 21788
 21924
 22064
 22215
 22375
 22524
 22668
 22809
 22952
 23105
 23235
 23377
 23514
 23657
 23785
 23948
 24097
 24256
 24415
 24572
 24708
 24897
 25050
 25209
 25349
 25492
 25629
 25777
 25929
 26094
 26236
 26378
 26521
 26678
 26847
 27005
 27163
 27310
 27450
 27603
 27747
 27909
 28069
 28231
 28373
 28554
 28733
 28891
 29054
 29198
 29357
 29504
 29666
 29820
 29995
 30160
 30324
 30483
 30654
 30807
 30972
 31128
 31280
 31425
 31588
 31750
 31907
 32080
 32261
 32432
 32609
 32759
 32931
 33085
 33232
 33394
 33552
 33716
 33886
 34062
 34236
 34406
 34569
 34737
 34897
 35079
 35248
 35397
 35568
 35741
 35905
 36067
 36251
 36419
 36603
 36770
 36946
 37107
 37275
 37434
 37602
 37759
 37928
 38098
 38262
 38440
 38617
 38780
 38955
 39122
 39284
 39443
 39612
 39791
 39971
 40161
 40346
 40540
 40702
 40885
 41047
 41208
 41358
 41524
 41707
 41882
 42058
 42234
 42411
 42585
 42743
 42906
 43075
 43241
 43402
 43587
 43765
 43942
 44114
 44307
 44490
 44669
 44855
 45042
 45213
 45374
 45548
 45699
 45859
 46002
 46158
 46318
 46485
 46622
 46758
 46879
 47028
 47184
 47366
 47562
 47753
 47952
 48096
 48220
 48351
 48484
 48627
 48761
 48899
 49050
 49184
 49313
 49429
 49564
 49681
 49789
 49915
 50044
 50191
 50345
 50469
 50589
 50738
 50899
 51079
 51231
 51517
 51750
 60964
 68869
 68871
 68871
 68865
 68854
 64326
 63252
 62794
 63004
 65289
 68874
 68881
 68879
 68881
 68883
 68891
 68879
 68890
 68894
 68898
 68900
 68896
 68901
 68893
 68888
 68890
 68901
 68893
 68894
 68895
 68893
 68900
 68890
 68887
 68892
 68896
 68881
 68891
 68907
 68891
 68892
 68892
 68892
 68893
 68897
 68887
 68894
 68897
 68886
