So, 16.02.25    13:44:22
658 Zeigermann-4
4		
46.280
0.000
0.000


  9514
  9518
  9507
  9506
  9517
  9518
  9507
  9488
  9494
  9486
  9482
  9492
  9517
  9520
  9573
  9549
  9570
  9570
  9593
  9601
  9613
  9640
  9676
  9682
  9699
  9749
  9773
  9813
  9849
  9909
  9967
 10028
 10085
 10142
 10189
 10264
 10312
 10375
 10423
 10470
 10530
 10569
 10619
 10663
 10717
 10775
 10843
 10915
 10993
 11060
 11138
 11225
 11299
 11392
 11461
 11522
 11602
 11690
 11784
 11875
 11963
 12047
 12154
 12257
 12335
 12437
 12522
 12600
 12701
 12808
 12910
 13010
 13109
 13194
 13278
 13361
 13465
 13556
 13637
 13732
 13831
 13947
 14033
 14154
 14281
 14407
 14524
 14651
 14767
 14862
 14989
 15078
 15177
 15265
 15374
 15497
 15602
 15725
 15835
 15969
 16086
 16194
 16328
 16432
 16539
 16652
 16768
 16879
 16986
 17120
 17245
 17381
 17516
 17664
 17814
 17956
 18078
 18178
 18301
 18397
 18534
 18676
 18811
 18940
 19100
 19237
 19390
 19513
 19662
 19781
 19908
 20018
 20160
 20298
 20417
 20555
 20684
 20833
 21007
 21153
 21312
 21469
 21611
 21724
 21848
 21991
 22137
 22289
 22434
 22595
 22736
 22893
 23048
 23198
 23331
 23463
 23605
 23735
 23874
 24030
 24171
 24330
 24500
 24684
 24858
 25035
 25177
 25308
 25440
 25580
 25735
 25888
 26043
 26216
 26366
 26529
 26716
 26867
 27017
 27172
 27311
 27474
 27608
 27757
 27910
 28082
 28242
 28426
 28629
 28801
 28947
 29088
 29240
 29385
 29537
 29695
 29876
 30047
 30229
 30395
 30583
 30746
 30890
 31045
 31198
 31332
 31481
 31641
 31818
 31987
 32174
 32368
 32555
 32730
 32880
 33039
 33195
 33360
 33534
 33705
 33871
 34043
 34215
 34379
 34541
 34727
 34893
 35065
 35225
 35381
 35549
 35707
 35884
 36059
 36240
 36412
 36601
 36777
 36947
 37110
 37276
 37441
 37597
 37763
 37940
 38101
 38281
 38451
 38639
 38817
 38979
 39148
 39314
 39480
 39655
 39818
 39985
 40171
 40360
 40536
 40730
 40913
 41092
 41252
 41404
 41564
 41735
 41921
 42096
 42262
 42440
 42615
 42788
 42957
 43123
 43291
 43456
 43626
 43789
 43968
 44138
 44315
 44503
 44697
 44898
 45087
 45270
 45445
 45621
 45791
 45961
 46112
 46254
 46405
 46582
 46758
 46908
 47054
 47211
 47385
 47558
 47711
 47891
 48088
 48246
 48422
 48590
 48741
 48892
 49023
 49089
 49142
 49288
 49363
 49433
 59508
 68790
 68789
 68797
 68784
 50939
 50771
 63255
 66008
 51336
 68785
 68755
 68770
 68757
 68762
 68771
 68758
 68759
 68751
 68757
 68758
 68760
 68771
 68774
 68781
 68790
 68801
 68811
 68825
 68822
 68843
 68853
 68861
 68861
 68867
 68853
 68853
 68845
 68845
 68848
 68836
 68833
 68806
 68804
 68802
 68790
 68802
 68803
 68795
 68798
 68793
 68795
 68792
 68786
 68802
 68790
 68787
 68784
 68798
 68800
