So, 16.02.25    14:00:45
585 Götze-6
6		
46.280
0.000
0.000


 11099
 11152
 11198
 11269
 11326
 11396
 11457
 11498
 11551
 11631
 11696
 11756
 11822
 11904
 11999
 12054
 12124
 12195
 12256
 12283
 12332
 12402
 12487
 12548
 12626
 12746
 12891
 12945
 13018
 13098
 13185
 13295
 13386
 13483
 13601
 13702
 13811
 13889
 13976
 14077
 14184
 14294
 14392
 14476
 14610
 14715
 14827
 14910
 15010
 15090
 15167
 15249
 15351
 15482
 15596
 15704
 15871
 15974
 16051
 16151
 16268
 16401
 16515
 16633
 16734
 16855
 16981
 17092
 17195
 17316
 17437
 17572
 17679
 17833
 17972
 18110
 18254
 18367
 18468
 18580
 18691
 18804
 18939
 19048
 19178
 19322
 19477
 19621
 19745
 19900
 20041
 20154
 20261
 20382
 20517
 20637
 20769
 20885
 21026
 21164
 21301
 21457
 21623
 21777
 21908
 22033
 22171
 22294
 22413
 22529
 22668
 22790
 22940
 23104
 23248
 23398
 23525
 23599
 23779
 23931
 24096
 24229
 24377
 24504
 24626
 24784
 24946
 25103
 25268
 25444
 25608
 25739
 25863
 26000
 26127
 26254
 26374
 26529
 26691
 26848
 27007
 27186
 27336
 27489
 27640
 27763
 27898
 28045
 28180
 28332
 28472
 28646
 28809
 28961
 29132
 29316
 29491
 29638
 29774
 29912
 30058
 30203
 30348
 30517
 30684
 30853
 31002
 31166
 31324
 31480
 31623
 31766
 31910
 32077
 32239
 32393
 32552
 32705
 32874
 33068
 33244
 33418
 33564
 33696
 33842
 33985
 34133
 34300
 34468
 34644
 34820
 35003
 35173
 35330
 35480
 35643
 35794
 35956
 36114
 36269
 36433
 36600
 36782
 36985
 37160
 37332
 37478
 37622
 37770
 37918
 38079
 38249
 38419
 38597
 38766
 38943
 39113
 39265
 39430
 39580
 39746
 39906
 40083
 40242
 40418
 40587
 40768
 40950
 41136
 41297
 41442
 41595
 41759
 41908
 42082
 42248
 42425
 42602
 42771
 42941
 43104
 43258
 43409
 43556
 43728
 43892
 44055
 44217
 44392
 44579
 44762
 44959
 45142
 45298
 45470
 45627
 45777
 45930
 46055
 46185
 46306
 46438
 46581
 46746
 46934
 47153
 47407
 47443
 46926
 47631
 47972
 48189
 48339
 48477
 48579
 48683
 48720
 48833
 49050
 49182
 49329
 49443
 49561
 49639
 49768
 49848
 49948
 50074
 50219
 50337
 50495
 50648
 50839
 51001
 51303
 51529
 60771
 68645
 68650
 68660
 68659
 68697
 68695
 68713
 68758
 68789
 68826
 68849
 68855
 68838
 68843
 68849
 68870
 68897
 68925
 68948
 68987
 69032
 69051
 69060
 69060
 69064
 69094
 69092
 69068
 69070
 69049
 69003
 68934
 68934
 68890
 68813
 68778
 68726
 68711
 68691
 68622
 68537
 68506
 68481
 68521
 68544
 68537
 68513
 68495
 68484
