So, 16.02.25    13:24:12
595 Utassy-3
3		
46.280
0.000
0.000


  7666
  7735
  7792
  7852
  7939
  7997
  8064
  8128
  8207
  8292
  8363
  8436
  8534
  8606
  8669
  8765
  8867
  8937
  9050
  9159
  9261
  9367
  9470
  9568
  9661
  9738
  9815
  9925
 10029
 10113
 10196
 10298
 10409
 10503
 10600
 10711
 10816
 10921
 11028
 11107
 11217
 11322
 11439
 11551
 11663
 11768
 11904
 12013
 12123
 12250
 12370
 12483
 12623
 12740
 12874
 12972
 13078
 13187
 13316
 13431
 13557
 13672
 13799
 13938
 14068
 14215
 14354
 14478
 14634
 14770
 14903
 15031
 15154
 15269
 15389
 15524
 15654
 15759
 15916
 16029
 16172
 16315
 16453
 16607
 16747
 16884
 17010
 17142
 17280
 17403
 17540
 17688
 17857
 18005
 18159
 18315
 18494
 18630
 18751
 18912
 19037
 19162
 19293
 19447
 19592
 19744
 19914
 20047
 20216
 20365
 20515
 20662
 20800
 20937
 21081
 21224
 21346
 21513
 21680
 21856
 22030
 22199
 22352
 22482
 22639
 22778
 22917
 23065
 23212
 23360
 23507
 23659
 23837
 24013
 24177
 24336
 24497
 24638
 24799
 24951
 25100
 25247
 25402
 25581
 25773
 25921
 26099
 26256
 26407
 26558
 26718
 26873
 27042
 27201
 27373
 27541
 27700
 27853
 28031
 28205
 28381
 28550
 28731
 28877
 29025
 29177
 29345
 29540
 29712
 29858
 30041
 30219
 30383
 30552
 30692
 30866
 31022
 31182
 31346
 31493
 31644
 31815
 32001
 32190
 32373
 32545
 32694
 32840
 32993
 33146
 33307
 33491
 33670
 33856
 34026
 34201
 34379
 34553
 34722
 34888
 35047
 35227
 35385
 35556
 35707
 35891
 36078
 36258
 36431
 36603
 36769
 36935
 37095
 37264
 37434
 37618
 37779
 37953
 38130
 38309
 38489
 38660
 38823
 38997
 39169
 39330
 39483
 39653
 39837
 40022
 40212
 40404
 40593
 40770
 40929
 41091
 41246
 41406
 41577
 41766
 41939
 42122
 42310
 42495
 42676
 42845
 43020
 43180
 43360
 43539
 43707
 43875
 44052
 44227
 44430
 44637
 44834
 45027
 45190
 45347
 45514
 45666
 45841
 45996
 46157
 46296
 46471
 46637
 46803
 46949
 47097
 47250
 47396
 47189
 47457
 47760
 47994
 48170
 48288
 48380
 48528
 48904
 49025
 49125
 49227
 49346
 49475
 49607
 49732
 49902
 50051
 50206
 50370
 50535
 50724
 50907
 51170
 51964
 68688
 68673
 68673
 68664
 68668
 68658
 68669
 68654
 68649
 68655
 68662
 68658
 68650
 68658
 68661
 68671
 68679
 68689
 68698
 68714
 68731
 68753
 68770
 68784
 68794
 68821
 68814
 68827
 68819
 68801
 68813
 68797
 68789
 68790
 68795
 68797
 68801
 68798
 68807
 68787
 68792
 68785
 68794
 68793
 68785
 68779
 68797
 68792
 68792
 68777
