So, 16.02.25    13:53:36
459 Ehlers-5
5		
46.280
0.000
0.000


 16710
 16822
 16928
 17059
 17169
 17294
 17446
 17553
 17690
 17824
 17965
 18073
 18175
 18295
 18408
 18524
 18644
 18764
 18925
 19046
 19208
 19331
 19462
 19602
 19733
 19856
 19968
 20078
 20203
 20311
 20451
 20570
 20719
 20843
 20988
 21143
 21284
 21416
 21533
 21666
 21793
 21918
 22052
 22201
 22352
 22513
 22666
 22828
 22983
 23142
 23292
 23446
 23584
 23717
 23861
 24013
 24150
 24308
 24449
 24597
 24751
 24924
 25083
 25250
 25380
 25516
 25662
 25808
 25947
 26099
 26251
 26418
 26564
 26710
 26862
 27019
 27173
 27319
 27473
 27623
 27767
 27920
 28068
 28240
 28402
 28569
 28742
 28903
 29060
 29203
 29352
 29504
 29659
 29815
 29977
 30163
 30331
 30474
 30640
 30792
 30954
 31100
 31262
 31409
 31564
 31720
 31888
 32062
 32234
 32389
 32571
 32735
 32895
 33055
 33204
 33353
 33521
 33673
 33851
 34009
 34181
 34359
 34510
 34679
 34844
 35007
 35175
 35338
 35496
 35664
 35838
 36002
 36166
 36328
 36503
 36686
 36853
 37022
 37186
 37344
 37499
 37663
 37827
 38000
 38167
 38342
 38515
 38685
 38844
 39003
 39169
 39326
 39499
 39667
 39833
 40011
 40184
 40360
 40536
 40719
 40890
 41059
 41217
 41360
 41522
 41703
 41873
 42049
 42233
 42402
 42569
 42738
 42899
 43069
 43236
 43396
 43566
 43744
 43919
 44088
 44252
 44441
 44622
 44806
 44979
 45166
 45325
 45490
 45663
 45814
 45970
 46119
 46276
 46435
 46611
 46756
 46878
 47004
 47145
 47303
 47484
 47661
 47865
 48038
 48184
 48327
 48460
 48597
 48752
 48880
 49028
 49149
 49294
 49403
 49519
 49638
 49753
 49880
 50026
 50148
 50328
 50468
 50579
 50727
 50879
 51075
 51199
 51681
 55495
 68853
 68854
 68856
 68856
 68870
 68862
 68873
 68863
 68862
 68852
 68861
 68857
 68855
 68852
 68851
 68868
 68862
 68858
 68852
 68856
 68855
 68855
 68846
 68862
 68856
 68856
 68855
 68861
 68854
 68861
 68854
 68851
 68858
 68859
 68843
 68859
 68857
 68862
 68850
 68862
 68856
 68856
 68861
 68847
 68853
 68847
 68852
 68856
 68854
 68859
