So, 16.02.25    13:57:16
350 Waldkirch-5
5		
46.280
0.000
0.000


  7891
  7944
  8001
  8045
  8093
  8110
  8157
  8217
  8274
  8320
  8368
  8435
  8494
  8570
  8638
  8707
  8790
  8841
  8886
  8963
  9020
  9075
  9145
  9219
  9303
  9405
  9487
  9559
  9665
  9741
  9826
  9907
 10015
 10087
 10169
 10243
 10321
 10393
 10493
 10562
 10640
 10704
 10775
 10878
 10968
 11082
 11162
 11248
 11363
 11480
 11589
 11695
 11813
 11924
 12033
 12152
 12229
 12329
 12435
 12527
 12623
 12722
 12845
 12967
 13082
 13201
 13329
 13452
 13585
 13716
 13847
 13934
 14031
 14145
 14259
 14363
 14507
 14598
 14722
 14848
 14981
 15101
 15225
 15358
 15491
 15623
 15752
 15865
 15982
 16090
 16201
 16327
 16455
 16594
 16728
 16827
 16968
 17115
 17259
 17403
 17544
 17678
 17807
 17918
 18059
 18183
 18322
 18475
 18673
 18826
 18912
 19027
 19169
 19314
 19472
 19610
 19750
 19891
 20019
 20159
 20277
 20418
 20566
 20705
 20857
 21010
 21159
 21314
 21461
 21601
 21738
 21875
 22021
 22184
 22336
 22492
 22635
 22791
 22955
 23099
 23246
 23393
 23548
 23684
 23821
 23963
 24119
 24273
 24449
 24621
 24787
 24967
 25143
 25295
 25428
 25575
 25725
 25873
 26051
 26206
 26349
 26522
 26681
 26860
 27021
 27173
 27320
 27469
 27607
 27754
 27926
 28093
 28270
 28456
 28639
 28820
 28980
 29119
 29261
 29414
 29574
 29741
 29915
 30098
 30281
 30442
 30637
 30794
 30960
 31103
 31260
 31396
 31569
 31742
 31924
 32116
 32298
 32482
 32662
 32839
 32995
 33147
 33285
 33469
 33660
 33839
 34024
 34192
 34365
 34539
 34718
 34872
 35037
 35215
 35382
 35544
 35725
 35905
 36090
 36252
 36432
 36627
 36814
 36985
 37146
 37305
 37487
 37649
 37838
 38020
 38192
 38378
 38546
 38728
 38903
 39071
 39222
 39389
 39563
 39763
 39941
 40135
 40315
 40508
 40715
 40886
 41068
 41211
 41367
 41555
 41736
 41931
 42122
 42307
 42469
 42655
 42826
 43000
 43164
 43334
 43499
 43657
 43832
 44015
 44197
 44380
 44564
 44753
 44956
 45144
 45330
 45493
 45672
 45842
 46000
 46162
 46324
 46491
 46656
 46798
 46942
 47090
 47257
 47422
 47576
 47685
 47654
 47751
 47957
 48138
 48364
 48570
 48853
 49187
 49315
 49412
 49514
 49601
 49712
 49847
 49996
 50150
 50314
 50469
 50635
 50790
 50965
 51113
 51319
 51433
 51728
 51834
 51859
 60847
 68843
 68836
 68833
 68812
 68797
 68784
 68723
 68693
 68689
 68634
 68534
 68447
 68418
 68397
 68436
 68444
 68399
 68406
 68374
 68353
 68363
 68356
 68347
 68345
 68345
 68334
 68336
 68327
 65977
 63152
 63038
 63089
 63681
 67778
 68301
 68293
 68298
 68297
 68306
 68314
 68292
 68289
 68279
 68286
 68276
 68289
 68280
 68286
 68286
