So, 16.02.25    13:05:07
638 Kermes-2
2		
46.280
0.000
0.000


 18228
 18215
 18225
 18221
 18203
 18204
 18176
 18188
 18190
 18183
 18184
 18160
 18136
 18153
 18143
 18127
 18111
 18092
 18087
 18072
 18073
 18074
 18029
 18012
 18018
 17997
 17974
 17981
 17982
 17988
 17985
 17981
 17975
 17959
 17953
 17964
 17949
 17955
 17940
 17936
 17934
 17935
 17911
 17910
 17902
 17893
 17876
 17866
 17869
 17865
 17874
 17880
 17874
 17873
 17887
 17887
 17892
 17893
 17911
 17909
 17933
 17940
 17963
 17966
 18008
 18012
 18036
 18073
 18116
 18151
 18177
 18235
 18266
 18310
 18346
 18386
 18409
 18464
 18506
 18549
 18594
 18644
 18688
 18756
 18823
 18897
 18992
 19049
 19130
 19193
 19234
 19298
 19352
 19447
 19527
 19614
 19720
 19806
 19920
 20016
 20102
 20180
 20264
 20329
 20421
 20512
 20605
 20697
 20791
 20894
 20986
 21096
 21221
 21351
 21454
 21541
 21644
 21746
 21841
 21955
 22105
 22227
 22355
 22505
 22634
 22740
 22857
 22969
 23096
 23206
 23323
 23454
 23571
 23703
 23822
 23939
 24085
 24219
 24357
 24483
 24590
 24701
 24830
 24961
 25096
 25234
 25383
 25518
 25649
 25803
 25937
 26076
 26194
 26324
 26456
 26596
 26724
 26870
 27001
 27149
 27324
 27473
 27618
 27756
 27877
 28020
 28160
 28291
 28446
 28600
 28753
 28909
 29064
 29233
 29379
 29516
 29663
 29810
 29957
 30109
 30276
 30427
 30588
 30749
 30917
 31087
 31238
 31372
 31509
 31650
 31804
 31969
 32140
 32290
 32455
 32634
 32786
 32945
 33096
 33245
 33394
 33543
 33697
 33870
 34035
 34206
 34363
 34541
 34730
 34894
 35044
 35202
 35349
 35504
 35667
 35831
 36001
 36177
 36328
 36503
 36678
 36838
 36996
 37156
 37320
 37477
 37641
 37819
 37989
 38156
 38327
 38512
 38696
 38843
 39007
 39165
 39323
 39494
 39651
 39827
 40001
 40189
 40366
 40547
 40721
 40876
 41042
 41204
 41354
 41522
 41699
 41863
 42062
 42240
 42436
 42606
 42768
 42922
 43094
 43243
 43422
 43595
 43758
 43924
 44104
 44280
 44453
 44630
 44812
 44962
 45112
 45283
 45466
 45620
 45798
 45949
 46129
 46281
 46435
 46578
 46704
 46839
 46992
 47157
 47320
 47461
 47595
 47695
 47838
 47982
 48117
 48250
 48457
 48791
 48966
 49090
 49175
 49264
 49345
 49461
 49590
 49727
 49879
 50007
 50030
 62658
 68758
 68743
 68760
 68765
 68758
 68767
 68765
 68770
 68768
 68794
 68791
 68801
 68802
 68820
 68832
 68839
 68842
 68860
 68862
 68875
 68869
 68889
 68886
 68894
 68910
 68897
 68906
 68890
 68867
 68855
 68835
 68821
 68756
 65890
 64504
 64090
 63946
 63936
 63967
 63945
 63845
 63773
 63637
 63585
 63539
 63533
 63549
 63521
 63531
