So, 16.02.25    12:55:22
459 Ehlers-1
1		
46.280
0.000
0.000


 12697
 12752
 12838
 12922
 12996
 13097
 13173
 13267
 13316
 13409
 13499
 13591
 13668
 13759
 13853
 13955
 14026
 14130
 14209
 14279
 14362
 14465
 14580
 14674
 14795
 14893
 14998
 15107
 15196
 15290
 15376
 15465
 15549
 15641
 15761
 15866
 16014
 16105
 16197
 16278
 16383
 16509
 16634
 16733
 16838
 16929
 17040
 17124
 17246
 17351
 17468
 17582
 17732
 17876
 17992
 18112
 18247
 18380
 18520
 18639
 18730
 18844
 18950
 19074
 19198
 19344
 19501
 19615
 19758
 19881
 20007
 20146
 20272
 20391
 20511
 20638
 20758
 20883
 21017
 21157
 21303
 21426
 21566
 21719
 21875
 22031
 22173
 22288
 22387
 22523
 22639
 22785
 22939
 23095
 23239
 23365
 23519
 23680
 23821
 23972
 24106
 24232
 24366
 24515
 24660
 24823
 24988
 25128
 25287
 25438
 25611
 25754
 25895
 26044
 26186
 26317
 26463
 26611
 26777
 26935
 27091
 27245
 27393
 27548
 27708
 27850
 28000
 28137
 28293
 28444
 28607
 28773
 28918
 29075
 29242
 29410
 29574
 29735
 29905
 30044
 30220
 30347
 30493
 30647
 30810
 30982
 31128
 31289
 31428
 31590
 31756
 31906
 32067
 32222
 32389
 32552
 32703
 32857
 33027
 33190
 33357
 33533
 33702
 33860
 34018
 34160
 34323
 34479
 34665
 34837
 34999
 35170
 35346
 35496
 35665
 35837
 35982
 36144
 36309
 36464
 36632
 36800
 36966
 37143
 37323
 37493
 37668
 37817
 37980
 38133
 38274
 38452
 38607
 38769
 38934
 30817
 25195
 13167
 13200
 13023
 12852
 12888
 12936
 12871
 12872
 12849
 12876
 12863
 12853
 12837
 12829
 12806
 12799
 12788
 12778
 12760
 12744
 12727
 12727
 12723
 12716
 12695
 12692
 12683
 12660
 12660
 12649
 12626
 12594
 12577
 12538
 12554
 12578
 12547
 12538
 12536
 12518
 12533
 12515
 12506
 12490
 12488
 12455
 12443
 12431
 12428
 12416
 12410
 12393
 12406
 12399
 12401
 12395
 12390
 12380
 12370
 12376
 12376
 12372
 12373
 12352
 12359
 12361
 12345
 12341
 12350
 12336
 12337
 12330
 12336
 12340
 12330
 12324
 12329
 12328
 12320
 12314
 12308
 12310
 12304
 12295
 12285
 12283
 12283
 12265
 12279
 12279
 12279
 12225
 12232
 12278
 12260
 12271
 12288
 12269
 12261
 12265
 12251
 12232
 12233
 12229
 12210
 12196
 12188
 12187
 12185
 12185
 12189
 12195
 12196
 12202
 12192
 12186
 12199
 12183
 12232
 12201
 12199
 12217
 12127
 12130
 12333
 12350
 12376
 12388
 12471
 12439
 12293
 15653
 53824
 51320
 58233
 58272
 58299
 58229
 58331
 58516
 58586
 58782
 58895
 58961
 59033
 59094
 59169
 59190
 59198
 59222
 59267
 59314
 59405
 59516
 59720
 59985
 60231
 60355
 60351
 60382
 60259
 60174
 60210
 60559
 60633
 60655
 60686
 60688
 60733
 60760
 60762
 60763
 60744
 60713
 60749
 60818
 60837
 60878
 60950
 61030
 61082
 61113
 61162
 61198
