So, 16.02.25    13:22:24
777 Roos-3
3		
46.280
0.000
0.000


 16227
 16294
 16357
 16434
 16472
 16514
 16579
 16603
 16660
 16699
 16768
 16832
 16898
 16960
 17042
 17129
 17222
 17298
 17366
 17426
 17486
 17539
 17610
 17683
 17773
 17847
 17925
 18002
 18098
 18204
 18290
 18380
 18485
 18602
 18707
 18812
 18895
 18978
 19055
 19149
 19236
 19342
 19447
 19566
 19683
 19782
 19900
 20031
 20134
 20249
 20339
 20424
 20537
 20636
 20738
 20848
 20959
 21081
 21198
 21314
 21429
 21566
 21714
 21827
 21946
 22052
 22174
 22287
 22396
 22519
 22651
 22767
 22911
 23050
 23186
 23327
 23458
 23591
 23721
 23830
 23958
 24094
 24207
 24355
 24490
 24627
 24772
 24935
 25087
 25236
 25359
 25490
 25630
 25751
 25881
 26031
 26177
 26311
 26453
 26596
 26757
 26917
 27069
 27208
 27342
 27472
 27604
 27734
 27881
 28022
 28172
 28316
 28489
 28661
 28821
 28973
 29108
 29240
 29390
 29524
 29673
 29832
 29981
 30148
 30306
 30472
 30638
 30800
 30941
 31097
 31238
 31377
 31539
 31689
 31844
 32003
 32162
 32337
 32512
 32679
 32838
 32982
 33126
 33259
 33411
 33573
 33742
 33911
 34075
 34240
 34411
 34578
 34746
 34915
 35072
 35221
 35371
 35530
 35697
 35849
 36004
 36186
 36356
 36539
 36713
 36870
 37034
 37182
 37352
 37510
 37671
 37836
 37993
 38172
 38345
 38523
 38699
 38866
 39045
 39192
 39353
 39519
 39687
 39841
 40009
 40177
 40365
 40547
 40747
 40910
 41072
 41240
 41388
 41552
 41727
 41890
 42067
 42248
 42430
 42601
 42771
 42946
 43107
 43278
 43446
 43597
 43782
 43941
 44102
 44255
 44443
 44630
 44822
 45009
 45191
 45362
 45557
 45745
 45911
 46043
 46158
 46315
 46479
 46626
 46786
 46939
 47077
 47245
 47360
 47501
 62066
 53618
 47502
 55941
 68815
 68822
 68818
 68804
 68804
 68798
 68792
 68786
 68775
 68782
 68772
 68771
 68764
 68775
 68776
 68778
 68790
 68822
 68858
 68871
 68911
 68955
 68975
 68989
 69015
 69024
 69013
 69014
 69003
 69012
 69007
 69000
 69019
 69008
 68999
 69012
 69007
 68990
 68998
 69002
 68993
 68996
 68985
 68980
 68981
 68979
 68977
 68987
 68994
 68975
