So, 16.02.25    14:02:39
658 Zeigermann-6
6		
46.280
0.000
0.000


  9384
  9405
  9418
  9429
  9468
  9507
  9536
  9551
  9567
  9586
  9608
  9618
  9625
  9652
  9683
  9718
  9753
  9779
  9841
  9874
  9936
  9964
 10009
 10084
 10155
 10218
 10289
 10356
 10409
 10483
 10532
 10594
 10635
 10691
 10760
 10806
 10874
 10929
 10994
 11068
 11147
 11214
 11308
 11389
 11459
 11519
 11608
 11682
 11779
 11824
 11932
 12033
 12108
 12193
 12275
 12431
 12578
 12655
 12700
 12775
 12856
 12989
 13093
 13193
 13279
 13369
 13458
 13545
 13639
 13736
 13826
 13928
 14027
 14150
 14242
 14357
 14470
 14596
 14732
 14854
 14966
 15059
 15146
 15263
 15357
 15469
 15570
 15668
 15835
 15965
 16045
 16139
 16263
 16388
 16516
 16628
 16735
 16850
 16979
 17085
 17205
 17320
 17458
 17590
 17712
 17876
 18029
 18160
 18297
 18403
 18511
 18629
 18772
 18889
 19029
 19169
 19307
 19462
 19612
 19751
 19891
 20028
 20153
 20272
 20389
 20526
 20661
 20792
 20943
 21090
 21234
 21411
 21573
 21719
 21853
 21971
 22091
 22237
 22375
 22516
 22656
 22825
 22988
 23141
 23290
 23437
 23576
 23713
 23859
 23994
 24142
 24278
 24427
 24574
 24759
 24938
 25123
 25293
 25458
 25580
 25726
 25842
 26003
 26148
 26296
 26465
 26631
 26801
 26965
 27142
 27289
 27427
 27581
 27719
 27855
 28005
 28155
 28302
 28479
 28665
 28856
 29047
 29221
 29359
 29498
 29652
 29800
 29965
 30126
 30287
 30463
 30636
 30802
 30993
 31162
 31292
 31443
 31592
 31737
 31916
 32071
 32245
 32419
 32613
 32783
 32985
 33163
 33308
 33462
 33607
 33762
 33923
 34094
 34278
 34449
 34629
 34800
 34988
 35164
 35324
 35492
 35644
 35805
 35967
 36135
 36297
 36459
 36643
 36833
 37024
 37219
 37389
 37549
 37697
 37848
 38020
 38185
 38353
 38531
 38707
 38895
 39075
 39248
 39404
 39560
 39723
 39897
 40066
 40250
 40415
 40599
 40778
 40979
 41156
 41330
 41489
 41658
 41821
 41988
 42170
 42333
 42508
 42674
 42846
 43017
 43178
 43352
 43522
 43703
 43871
 44036
 44195
 44378
 44542
 44737
 44936
 45138
 45325
 45498
 45679
 45858
 46017
 46188
 46340
 46484
 46644
 46804
 46975
 47121
 47261
 47420
 47570
 47723
 47874
 48057
 48207
 48445
 48602
 48740
 48894
 49029
 49162
 49319
 49461
 49606
 49744
 49887
 50021
 50164
 50303
 50468
 50605
 50692
 50973
 51163
 51225
 51307
 51427
 51561
 51695
 51827
 51978
 52113
 52214
 52323
 52406
 52485
 58237
 68781
 68787
 68804
 68802
 68806
 68813
 68819
 68820
 68819
 68806
 68806
 68808
 68808
 68809
 68804
 68800
 68793
 68778
 68779
 68758
 68690
 68714
 68737
 68725
 68702
 68650
 68596
 68597
 68620
 68613
 68609
 68605
 68588
 68579
 68564
 68586
 68591
 68570
 68547
 68542
 68557
 68556
 68557
 68546
 68523
 68527
 68538
 68516
 68532
