So, 16.02.25    14:05:00
813 Sohn-6
6		
46.280
0.000
0.000


  8238
  8256
  8254
  8299
  8321
  8343
  8399
  8415
  8433
  8483
  8512
  8543
  8567
  8578
  8580
  8620
  8637
  8667
  8693
  8715
  8744
  8784
  8831
  8883
  8963
  9027
  9097
  9137
  9208
  9277
  9358
  9423
  9476
  9545
  9619
  9657
  9734
  9807
  9894
  9965
 10044
 10108
 10169
 10248
 10329
 10421
 10516
 10604
 10680
 10772
 10860
 10926
 11013
 11088
 11155
 11235
 11349
 11454
 11590
 11676
 11784
 11910
 12028
 12158
 12287
 12395
 12510
 12595
 12709
 12809
 12924
 13034
 13144
 13280
 13398
 13512
 13635
 13763
 13903
 14032
 14156
 14276
 14397
 14509
 14634
 14742
 14872
 15005
 15145
 15253
 15394
 15524
 15668
 15822
 15954
 16079
 16195
 16321
 16454
 16582
 16698
 16833
 16993
 17125
 17267
 17411
 17548
 17709
 17852
 18000
 18136
 18284
 18436
 18563
 18711
 18860
 19002
 19136
 19279
 19425
 19590
 19767
 19953
 20101
 20232
 20373
 20512
 20644
 20790
 20935
 21079
 21226
 21376
 21563
 21731
 21921
 22092
 22227
 22380
 22530
 22658
 22807
 22958
 23096
 23258
 23416
 23572
 23738
 23923
 24103
 24289
 24445
 24598
 24746
 24898
 25057
 25202
 25358
 25531
 25691
 25869
 26029
 26203
 26360
 26534
 26688
 26856
 27016
 27174
 27332
 27477
 27635
 27799
 27957
 28124
 28292
 28489
 28680
 28859
 29028
 29199
 29344
 29498
 29660
 29830
 29993
 30176
 30345
 30513
 30698
 30873
 31049
 31218
 31383
 31552
 31714
 31886
 32051
 32221
 32375
 32543
 32711
 32882
 33075
 33273
 33438
 33621
 33784
 33953
 34119
 34281
 34454
 34630
 34815
 34989
 35179
 35359
 35548
 35729
 35896
 36075
 36234
 36396
 36566
 36739
 36906
 37083
 37261
 37440
 37629
 37810
 38003
 38178
 38339
 38504
 38690
 38862
 39030
 39205
 39382
 39572
 39742
 39933
 40130
 40333
 40502
 40687
 40861
 41020
 41185
 41348
 41520
 41690
 41868
 42054
 42258
 42455
 42640
 42812
 42983
 43157
 43317
 43500
 43673
 43854
 44026
 44202
 44363
 44543
 44712
 44898
 45062
 45175
 45361
 45574
 45780
 45947
 46117
 46258
 46421
 46595
 46749
 46882
 46987
 47111
 47289
 47444
 47609
 47616
 47549
 47912
 48165
 48396
 48585
 48710
 48727
 48835
 49108
 49460
 49659
 49804
 49934
 50043
 50124
 50169
 50233
 50333
 50429
 50558
 50692
 50851
 50976
 51126
 51292
 51516
 51711
 51849
 51984
 60487
 64575
 64636
 64662
 64678
 64695
 64720
 64753
 64789
 64818
 64846
 64891
 64914
 64928
 64915
 64919
 64900
 64907
 64925
 64949
 65012
 65217
 64998
 55407
 55335
 55410
 55542
 55599
 55661
 55815
 55826
 55826
 55902
 55901
 56112
 56144
 59399
 62797
 67487
 68885
 68959
 68973
 68986
 68975
 68988
 68990
 68983
 69000
 68998
 68994
 69005
 68997
 69011
 69003
 68991
 69004
 69008
 69009
 69002
 69000
 68996
 68994
 69003
 69002
 69012
 69008
 69003
 69010
 68999
 69005
 69001
 69008
 68993
 69001
 69013
 68998
 69009
 68998
 69000
 68992
 69000
 69003
 69015
 69008
 68993
 69008
