So, 16.02.25    12:51:32
658 Zeigermann-1
1		
46.280
0.000
0.000


  9538
  9556
  9575
  9574
  9594
  9613
  9616
  9648
  9659
  9676
  9692
  9734
  9752
  9790
  9817
  9848
  9903
  9946
  9998
 10040
 10111
 10174
 10231
 10285
 10338
 10408
 10462
 10531
 10580
 10624
 10681
 10720
 10799
 10833
 10899
 10994
 11069
 11142
 11223
 11315
 11406
 11511
 11571
 11649
 11737
 11823
 11888
 11966
 12041
 12135
 12225
 12333
 12444
 12549
 12658
 12756
 12857
 12960
 13061
 13153
 13247
 13334
 13428
 13520
 13609
 13723
 13837
 13955
 14060
 14199
 14320
 14434
 14554
 14655
 14745
 14844
 14945
 15071
 15180
 15291
 15407
 15541
 15671
 15794
 15916
 16040
 16132
 16238
 16343
 16458
 16580
 16695
 16823
 16963
 17088
 17267
 17413
 17541
 17649
 17771
 17881
 18009
 18123
 18251
 18391
 18536
 18693
 18837
 18989
 19125
 19273
 19394
 19526
 19648
 19786
 19923
 20085
 20225
 20348
 20481
 20641
 20813
 20959
 21105
 21244
 21357
 21490
 21638
 21775
 21921
 22085
 22236
 22399
 22553
 22708
 22851
 22973
 23115
 23248
 23388
 23552
 23693
 23843
 24008
 24184
 24347
 24518
 24696
 24849
 24993
 25135
 25280
 25422
 25559
 25738
 25898
 26059
 26224
 26377
 26528
 26686
 26832
 26979
 27137
 27290
 27455
 27607
 27777
 27947
 28124
 28306
 28480
 28648
 28796
 28938
 29083
 29238
 29403
 29585
 29757
 29934
 30108
 30276
 30426
 30586
 30738
 30889
 31053
 31221
 31374
 31541
 31719
 31907
 32100
 32287
 32448
 32597
 32739
 32895
 33058
 33215
 33389
 33562
 33739
 33922
 34099
 34274
 34433
 34587
 34743
 34919
 35086
 35263
 35435
 35611
 35806
 35992
 36187
 36345
 36515
 36663
 36828
 36988
 37163
 37343
 37523
 37690
 37861
 38048
 38221
 38383
 38542
 38696
 38873
 39039
 39199
 39379
 39567
 39746
 39945
 40143
 40335
 40523
 40691
 40845
 41013
 41178
 41329
 41498
 41680
 41859
 42051
 42241
 42423
 42592
 42761
 42913
 43090
 43248
 43419
 43578
 43751
 43938
 44112
 44282
 44484
 44681
 44877
 45054
 45243
 45409
 45585
 45763
 45920
 46073
 46213
 46369
 46511
 46664
 46822
 46978
 47163
 47351
 47385
 47306
 47500
 47857
 48031
 48185
 48482
 48665
 48814
 48966
 49103
 49237
 49346
 49467
 49594
 49746
 49861
 50025
 50212
 50347
 50483
 50659
 50822
 50980
 51225
 51389
 52063
 68717
 68717
 68711
 68707
 68709
 68701
 68710
 68698
 68700
 68705
 68713
 68701
 68698
 68704
 68710
 68712
 68717
 68731
 68749
 68761
 68763
 68768
 68768
 68771
 68766
 68756
 68746
 68737
 68736
 68726
 68733
 68737
 68744
 68734
 68726
 68704
 68678
 68658
 68636
 68555
 68507
 68466
 68334
 68237
 68231
 68251
 68244
 68228
 68200
 68183
