So, 16.02.25    12:44:55
687 Winkler-1
1		
46.280
0.000
0.000


  9984
 10041
 10135
 10210
 10295
 10410
 10483
 10576
 10659
 10757
 10858
 10941
 11039
 11129
 11200
 11287
 11375
 11452
 11554
 11622
 11710
 11789
 11894
 11988
 12093
 12196
 12302
 12400
 12495
 12595
 12688
 12781
 12873
 12961
 13046
 13135
 13245
 13348
 13450
 13554
 13660
 13764
 13885
 13999
 14117
 14244
 14352
 14483
 14590
 14703
 14826
 14955
 15076
 15180
 15279
 15381
 15485
 15614
 15721
 15847
 15988
 16118
 16221
 16346
 16444
 16576
 16675
 16797
 16918
 17016
 17135
 17266
 17381
 17496
 17622
 17748
 17898
 18031
 18173
 18307
 18439
 18561
 18684
 18825
 18955
 19096
 19218
 19347
 19481
 19608
 19738
 19899
 20037
 20167
 20290
 20418
 20537
 20657
 20776
 20923
 21045
 21161
 21320
 21461
 21619
 21781
 21937
 22085
 22214
 22341
 22469
 22613
 22755
 22889
 23043
 23180
 23308
 23469
 23610
 23765
 23898
 24042
 24156
 24309
 24436
 24572
 24710
 24853
 25006
 25164
 25317
 25503
 25668
 25826
 25958
 26084
 26227
 26365
 26509
 26674
 26848
 27011
 27151
 27305
 27452
 27620
 27736
 27883
 28030
 28159
 28301
 28430
 28584
 28726
 28881
 29046
 29216
 29390
 29555
 29740
 29882
 30030
 30183
 30345
 30494
 30659
 30840
 31011
 31155
 31288
 31454
 31619
 31758
 31908
 32060
 32207
 32344
 32503
 32643
 32778
 32938
 33115
 33280
 33440
 33610
 33765
 33921
 34072
 34225
 34385
 34536
 34690
 34865
 35043
 35224
 35384
 35549
 35697
 35848
 35998
 36159
 36292
 36442
 36597
 36774
 36926
 37105
 37286
 37467
 37620
 37761
 37917
 38069
 38229
 38377
 38537
 38716
 38885
 39055
 39222
 39361
 39518
 39669
 39822
 39985
 40138
 40298
 40452
 40623
 40796
 40965
 41153
 41286
 41440
 41607
 41760
 41928
 42096
 42266
 42431
 42590
 42757
 42905
 43055
 43194
 43340
 43484
 43642
 43786
 43959
 44125
 44289
 44474
 44652
 44837
 45015
 45203
 45370
 45529
 45690
 45841
 45968
 46084
 46206
 46315
 29525
 22702
 22681
 22693
 22667
 22657
 22638
 22647
 22652
 22652
 22666
 22675
 22699
 22720
 22758
 22803
 22838
 22814
 22830
 36196
 49302
 49470
 49617
 49781
 49877
 49930
 49918
 49959
 50242
 50710
 50702
 50700
 53809
 68568
 68556
 68542
 68544
 68549
 68547
 68571
 68587
 68573
 68583
 68589
 68583
 68590
 68611
 68622
 68639
 68658
 68685
 68693
 68709
 68743
 68755
 68769
 68805
 68805
 68823
 68849
 68857
 68870
 68882
 68905
 68910
 68923
 68931
 68934
 68935
 68941
 68941
 68935
 68950
 68946
 68944
 68943
 68938
 68948
 68953
 68953
 68962
 68969
 68962
