So, 16.02.25    13:19:19
288 Opitz-3
3		
46.280
0.000
0.000


 15469
 15509
 15546
 15589
 15630
 15652
 15695
 15719
 15764
 15792
 15869
 15942
 16031
 16084
 16162
 16226
 16300
 16366
 16440
 16527
 16587
 16642
 16696
 16773
 16844
 16911
 17035
 17156
 17281
 17382
 17480
 17569
 17656
 17735
 17833
 17926
 18009
 18087
 18190
 18271
 18377
 18489
 18591
 18693
 18807
 18903
 19011
 19102
 19200
 19291
 19385
 19485
 19588
 19708
 19830
 19953
 20078
 20193
 20315
 20432
 20541
 20663
 20766
 20890
 21021
 21129
 21245
 21359
 21473
 21613
 21756
 21891
 22021
 22148
 22271
 22399
 22524
 22642
 22766
 22892
 23029
 23176
 23331
 23469
 23591
 23725
 23833
 23959
 24092
 24228
 24376
 24520
 24659
 24811
 24973
 25128
 25256
 25398
 25520
 25659
 25792
 25930
 26073
 26218
 26347
 26504
 26657
 26814
 26974
 27132
 27261
 27411
 27549
 27694
 27830
 27987
 28156
 28306
 28440
 28595
 28747
 28902
 29055
 29208
 29361
 29503
 29635
 29784
 29925
 30087
 30263
 30427
 30599
 30753
 30908
 31059
 31200
 31352
 31502
 31650
 31822
 31982
 32149
 32304
 32460
 32626
 32783
 32929
 33092
 33238
 33374
 33529
 33686
 33856
 34040
 34209
 34383
 34548
 34718
 34877
 35032
 35198
 35352
 35515
 35697
 35865
 36029
 36193
 36335
 36500
 36665
 36832
 36997
 37164
 37309
 37483
 37647
 37802
 37973
 38153
 38325
 38499
 38669
 38839
 39004
 39172
 39328
 39500
 39673
 39846
 40016
 40182
 40352
 40521
 40696
 40870
 41029
 41206
 41344
 41505
 41672
 41851
 42043
 42221
 42406
 42577
 42738
 42900
 43072
 43230
 43392
 43548
 43713
 43884
 44042
 44205
 44368
 44533
 44704
 44884
 45088
 45255
 45412
 45580
 45742
 45868
 46031
 46207
 46360
 46545
 46672
 46800
 46941
 47073
 47231
 47390
 47564
 47732
 47878
 48021
 48154
 48275
 48361
 48471
 48591
 48696
 48826
 48949
 49067
 49190
 49327
 49463
 49606
 49747
 49914
 50094
 50268
 50447
 50588
 50757
 50930
 51011
 54919
 68883
 68838
 68779
 68646
 68507
 68388
 68299
 68289
 68289
 68267
 68259
 68303
 68413
 68404
 68320
 68293
 68297
 68344
 68373
 68358
 68325
 68294
 68260
 68264
 68232
 68223
 68219
 68205
 68210
 68205
 68196
 68188
 68164
 68165
 68174
 68175
 68176
 68184
 68160
 68150
 68168
 68157
 68160
 68165
 68165
 68168
 68168
 68164
 68161
 68165
