So, 16.02.25    13:29:56
645 Krug-3
3		
46.280
0.000
0.000


 17475
 17531
 17593
 17680
 17773
 17838
 17920
 17994
 18070
 18142
 18229
 18313
 18410
 18492
 18600
 18689
 18766
 18857
 18946
 19040
 19143
 19233
 19315
 19406
 19496
 19566
 19657
 19768
 19863
 19990
 20127
 20226
 20345
 20426
 20540
 20643
 20752
 20851
 20979
 21120
 21222
 21355
 21496
 21651
 21775
 21875
 21969
 22118
 22250
 22392
 22511
 22640
 22780
 22902
 23040
 23179
 23307
 23425
 23532
 23664
 23793
 23926
 24063
 24211
 24356
 24494
 24650
 24792
 24929
 25062
 25186
 25320
 25447
 25590
 25730
 25891
 26048
 26214
 26359
 26515
 26657
 26785
 26922
 27081
 27222
 27378
 27542
 27695
 27846
 28020
 28182
 28304
 28448
 28601
 28746
 28911
 29048
 29192
 29360
 29547
 29729
 29900
 30062
 30194
 30346
 30489
 30648
 30806
 30979
 31151
 31310
 31474
 31643
 31802
 31954
 32112
 32268
 32416
 32577
 32725
 32879
 33068
 33263
 33451
 33629
 33795
 33960
 34117
 34276
 34440
 34616
 34776
 34938
 35117
 35304
 35467
 35628
 35794
 35970
 36130
 36284
 36439
 36615
 36802
 36981
 37170
 37359
 37527
 37694
 37849
 38020
 38175
 38345
 38523
 38699
 38875
 39056
 39238
 39409
 39598
 39778
 39934
 40118
 40276
 40449
 40630
 40804
 40999
 41181
 41344
 41513
 41688
 41853
 42024
 42196
 42381
 42544
 42718
 42890
 43060
 43234
 43399
 43573
 43749
 43913
 44079
 44251
 44437
 44623
 44819
 44997
 45177
 45337
 45503
 45669
 45838
 45979
 46149
 46296
 46444
 46594
 46735
 46886
 47073
 47249
 47410
 47483
 47413
 47555
 47798
 48108
 48319
 48525
 48646
 48779
 48907
 49051
 49171
 49274
 49404
 49522
 49632
 49754
 49879
 50014
 50173
 50308
 50451
 50619
 50822
 51002
 51279
 51590
 58082
 68871
 68885
 68877
 68875
 68871
 68855
 68851
 68857
 68838
 68825
 68831
 68835
 68828
 68826
 68826
 68837
 68826
 68832
 68829
 68817
 68811
 68795
 68776
 68756
 68741
 68727
 68710
 68686
 68683
 68696
 68691
 68685
 68671
 68637
 68629
 68538
 68431
 68401
 68410
 68391
 68353
 68313
 68248
 68245
 68242
 68237
 68242
 68233
 68210
