So, 16.02.25    13:17:52
813 Sohn-2
2		
46.280
0.000
0.000


  8864
  8857
  8843
  8862
  8849
  8853
  8862
  8860
  8848
  8845
  8848
  8851
  8842
  8852
  8854
  8846
  8854
  8854
  8852
  8866
  8864
  8853
  8869
  8866
  8876
  8892
  8890
  8896
  8894
  8907
  8898
  8929
  8931
  8953
  8990
  9006
  9048
  9060
  9086
  9117
  9149
  9188
  9194
  9232
  9239
  9261
  9261
  9311
  9336
  9369
  9411
  9461
  9518
  9590
  9630
  9721
  9764
  9824
  9893
  9975
 10048
 10129
 10189
 10239
 10313
 10369
 10454
 10548
 10607
 10674
 10758
 10830
 10908
 10994
 11084
 11180
 11263
 11354
 11432
 11523
 11612
 11689
 11790
 11893
 11998
 12092
 12220
 12327
 12440
 12563
 12682
 12806
 12901
 12974
 13062
 13145
 13244
 13356
 13459
 13575
 13700
 13821
 13939
 14061
 14203
 14329
 14454
 14565
 14692
 14808
 14945
 15062
 15163
 15289
 15411
 15558
 15690
 15827
 15970
 16105
 16235
 16356
 16495
 16630
 16751
 16893
 17031
 17162
 17302
 17428
 17575
 17727
 17875
 18026
 18182
 18337
 18473
 18619
 18764
 18893
 19024
 19162
 19312
 19441
 19595
 19750
 19925
 20100
 20258
 20421
 20559
 20700
 20839
 20974
 21104
 21229
 21384
 21539
 21711
 21861
 22021
 22196
 22375
 22536
 22660
 22805
 22943
 23087
 23247
 23391
 23537
 23679
 23837
 24001
 24153
 24327
 24500
 24669
 24838
 24998
 25156
 25315
 25443
 25611
 25762
 25936
 26103
 26272
 26438
 26599
 26778
 26952
 27127
 27273
 27428
 27588
 27766
 27915
 28089
 28223
 28374
 28533
 28709
 28890
 29078
 29240
 29415
 29567
 29720
 29893
 30056
 30233
 30387
 30552
 30740
 30902
 31090
 31249
 31428
 31594
 31759
 31934
 32100
 32264
 32428
 32588
 32750
 32907
 33077
 33253
 33434
 33627
 33822
 33991
 34152
 34317
 34492
 34651
 34824
 34987
 35182
 35360
 35539
 35725
 35909
 36083
 36247
 36403
 36573
 36740
 36914
 37085
 37267
 37442
 37615
 37780
 37987
 38170
 38349
 38519
 38699
 38866
 39041
 39209
 39380
 39569
 39747
 39923
 40126
 40312
 40499
 40685
 40858
 41029
 41206
 41367
 41528
 41706
 41886
 42069
 42256
 42456
 42637
 42820
 43007
 43156
 43323
 43504
 43689
 43869
 44039
 44219
 44398
 44568
 44746
 44925
 45113
 45283
 45473
 45640
 45828
 46001
 46169
 46311
 46477
 46662
 46849
 47022
 47149
 47273
 47407
 47569
 47724
 47906
 48037
 48070
 48304
 48526
 48734
 48953
 49233
 49415
 49570
 49708
 49836
 49942
 50010
 50091
 50203
 50319
 50432
 50570
 50670
 50813
 50971
 51163
 51272
 65899
 68775
 68789
 68795
 68806
 68815
 68824
 68822
 68808
 68817
 68819
 68809
 68815
 68814
 68823
 68813
 68823
 68806
 68809
 68798
 68801
 68799
 68807
 68801
 68794
 62349
 55270
 55289
 55521
 55645
 62171
 65234
 58639
 56204
 56406
 56446
 56540
 56766
 56934
 57032
 57039
 66990
 68796
 68780
 68784
 68801
 68782
 68791
 68792
 68793
 68791
 68801
 68798
 68800
 68785
 68801
 68807
 68800
 68799
 68806
 68802
 68807
 68804
 68798
 68798
 68806
 68797
 68805
 68800
 68798
 68804
 68806
 68799
 68802
 68799
 68805
 68796
 68808
 68794
 68796
 68801
 68804
 68804
 68796
