So, 16.02.25    12:53:00
205 Siedler-1
1		
46.280
0.000
0.000


 19751
 19798
 19819
 19872
 19913
 19957
 20004
 20048
 20086
 20135
 20172
 20247
 20307
 20329
 20383
 20451
 20510
 20590
 20657
 20710
 20762
 20844
 20901
 20974
 21016
 21087
 21174
 21246
 21313
 21414
 21493
 21587
 21675
 21751
 21823
 21911
 21995
 22088
 22188
 22283
 22384
 22478
 22579
 22677
 22776
 22869
 22979
 23082
 23164
 23259
 23359
 23449
 23548
 23665
 23770
 23891
 24015
 24132
 24245
 24360
 24457
 24568
 24682
 24795
 24900
 25022
 25140
 25278
 25398
 25515
 25642
 25781
 25899
 26018
 26136
 26253
 26349
 26464
 26595
 26723
 26843
 26991
 27136
 27278
 27420
 27563
 27674
 27792
 27908
 28041
 28155
 28299
 28434
 28583
 28727
 28873
 29017
 29163
 29309
 29434
 29577
 29701
 29847
 29981
 30120
 30265
 30409
 30550
 30708
 30876
 31023
 31160
 31278
 31414
 31551
 31689
 31838
 31994
 32155
 32308
 32462
 32607
 32763
 32913
 33041
 33186
 33335
 33490
 33648
 33786
 33937
 34092
 34252
 34391
 34566
 34731
 34888
 35029
 35178
 35318
 35452
 35605
 35760
 35922
 36077
 36233
 36400
 36558
 36735
 36883
 37034
 37186
 37330
 37493
 37646
 37788
 37943
 38105
 38274
 38453
 38629
 38781
 38930
 39091
 39233
 39385
 39544
 39707
 39864
 40047
 40217
 40391
 40562
 40730
 40897
 41042
 41190
 41339
 41501
 41651
 41820
 41969
 42167
 42341
 42529
 42681
 42848
 43005
 43154
 43299
 43465
 43610
 43772
 43930
 44105
 44259
 44413
 44597
 44758
 44915
 45040
 45191
 45385
 45557
 45720
 45879
 46045
 46212
 46366
 46533
 46632
 46765
 46911
 47057
 47213
 47365
 47518
 47661
 47809
 47953
 48108
 48261
 48419
 48582
 48711
 48847
 48971
 49076
 49185
 49301
 49409
 49559
 49711
 49879
 50059
 50203
 50350
 50542
 50779
 51023
 51169
 68834
 68815
 68821
 68829
 68827
 68829
 68824
 68824
 68810
 68824
 68831
 68835
 68849
 68858
 68884
 68903
 68926
 68964
 69010
 69037
 69084
 69128
 69143
 69165
 69187
 69188
 69189
 69200
 69184
 69190
 69190
 69184
 69187
 69176
 69174
 69181
 69190
 69178
 69185
 69187
 69183
 69175
 69180
 69183
 69190
 69182
 69183
 69189
 69191
 69175
