So, 16.02.25    13:58:02
813 Sohn-5
5		
46.280
0.000
0.000


  8756
  8794
  8830
  8882
  8919
  8945
  9010
  9102
  9154
  9204
  9258
  9335
  9403
  9482
  9553
  9619
  9672
  9738
  9820
  9901
  9989
 10153
 10180
 10194
 10260
 10337
 10410
 10514
 10587
 10680
 10758
 10831
 10904
 11006
 11076
 11132
 11240
 11347
 11455
 11555
 11640
 11739
 11852
 11975
 12095
 12227
 12351
 12455
 12559
 12663
 12772
 12871
 12972
 13089
 13268
 13358
 13455
 13579
 13699
 13822
 13945
 14067
 14192
 14299
 14431
 14554
 14685
 14804
 14922
 15043
 15155
 15290
 15412
 15563
 15701
 15840
 15979
 16089
 16206
 16309
 16439
 16568
 16693
 16827
 16964
 17114
 17264
 17412
 17543
 17711
 17862
 17999
 18130
 18264
 18407
 18526
 18658
 18798
 18936
 19085
 19228
 19376
 19531
 19697
 19875
 20041
 20177
 20292
 20445
 20584
 20722
 20861
 21005
 21152
 21309
 21453
 21615
 21776
 21958
 22121
 22276
 22411
 22570
 22702
 22851
 23003
 23140
 23291
 23434
 23584
 23752
 23919
 24108
 24280
 24443
 24593
 24759
 24915
 25064
 25222
 25376
 25523
 25697
 25842
 26016
 26190
 26344
 26516
 26677
 26840
 27006
 27166
 27317
 27467
 27637
 27793
 27936
 28115
 28274
 28458
 28646
 28826
 28998
 29161
 29326
 29489
 29635
 29798
 29963
 30146
 30317
 30486
 30677
 30855
 31042
 31196
 31338
 31516
 31687
 31859
 32018
 32176
 32340
 32504
 32662
 32845
 33040
 33219
 33399
 33574
 33734
 33890
 34055
 34220
 34391
 34564
 34737
 34915
 35096
 35297
 35483
 35647
 35817
 35995
 36156
 36317
 36485
 36647
 36817
 36984
 37160
 37349
 37537
 37727
 37913
 38082
 38239
 38414
 38591
 38757
 38933
 39098
 39272
 39452
 39629
 39814
 40007
 40208
 40373
 40549
 40724
 40888
 41063
 41224
 41390
 41554
 41734
 41924
 42116
 42318
 42500
 42681
 42838
 43012
 43171
 43331
 43520
 43680
 43866
 44041
 44202
 44381
 44533
 44726
 44882
 45011
 45218
 45424
 45595
 45769
 45924
 46069
 46228
 46387
 46554
 46695
 46800
 46924
 47090
 47266
 47410
 47554
 47698
 47842
 47986
 48130
 48274
 48418
 48562
 48706
 48850
 48994
 49138
 49282
 49426
 49570
 49714
 49858
 50002
 50146
 50290
 50434
 50578
 50722
 50866
 51010
 51154
 51298
 51442
 51586
 51730
 63181
 68677
 68685
 68688
 68682
 68685
 68683
 68681
 68696
 68679
 68690
 68681
 68684
 68685
 68690
 68685
 68689
 68689
 68677
 68686
 68692
 68688
 68693
 68695
 68691
 68687
 68676
 68682
 68678
 68681
 68687
 68684
 68683
 68680
 68678
 68677
 68677
 68686
 68680
 68687
 68686
 68683
 68693
 68687
 68691
 68694
 68685
 68687
 68683
 68695
     0
     0
