So, 16.02.25    13:07:05
655 Freitag-2
2		
46.280
0.000
0.000


  9571
  9781
  9764
  9768
  9757
  9748
  9743
  9752
  9753
  9739
  9755
  9740
  9745
  9757
  9755
  9749
  9744
  9774
  9758
  9781
  9784
  9767
  9803
  9795
  9814
  9803
  9798
  9810
  9812
  9837
  9851
  9870
  9902
  9943
  9990
 10039
 10088
 10123
 10215
 10302
 10397
 10410
 10378
 10356
 10362
 10378
 10403
 10444
 10489
 10553
 10605
 10661
 10730
 10804
 10878
 10958
 11052
 11130
 11180
 11258
 11298
 11381
 11440
 11541
 11627
 11742
 11815
 11942
 12007
 12126
 12242
 12325
 12420
 12494
 12577
 12656
 12744
 12841
 12941
 13059
 13160
 13271
 13402
 13526
 13657
 13770
 13892
 13955
 14063
 14150
 14274
 14372
 14530
 14646
 14769
 14922
 15040
 15191
 15309
 15429
 15525
 15635
 15763
 15867
 15984
 16108
 16218
 16366
 16527
 16685
 16826
 16939
 17072
 17205
 17316
 17434
 17568
 17695
 17835
 17975
 18119
 18277
 18433
 18597
 18735
 18859
 18992
 19126
 19258
 19400
 19548
 19695
 19844
 20008
 20188
 20331
 20466
 20594
 20741
 20882
 21027
 21170
 21320
 21482
 21657
 21814
 21994
 22162
 22290
 22440
 22583
 22729
 22867
 23027
 23166
 23346
 23501
 23684
 23848
 24008
 24170
 24312
 24469
 24626
 24787
 24954
 25136
 25299
 25473
 25666
 25815
 25986
 26117
 26246
 26412
 26608
 26754
 26899
 27089
 27236
 27384
 27581
 27760
 27944
 28080
 28230
 28391
 28565
 28722
 28900
 29078
 29260
 29427
 29633
 29807
 29973
 30115
 30268
 30432
 30603
 30759
 30924
 31094
 31272
 31444
 31634
 31826
 32001
 32167
 32337
 32499
 32664
 32819
 32991
 33164
 33341
 33537
 33736
 33917
 34085
 34238
 34416
 34578
 34743
 34910
 35084
 35263
 35440
 35627
 35808
 36008
 36192
 36330
 36520
 36680
 36860
 37057
 37237
 37415
 37599
 37766
 37949
 38139
 38307
 38501
 38662
 38834
 38997
 39150
 39328
 39518
 39694
 39874
 40062
 40280
 40466
 40657
 40816
 40963
 41121
 41287
 41468
 41662
 41847
 42021
 42210
 42401
 42584
 42749
 42933
 43101
 43273
 43438
 43613
 43786
 43960
 44145
 44321
 44521
 44727
 44918
 45102
 45263
 45433
 45599
 45760
 45931
 46081
 46238
 46380
 46534
 46683
 46839
 47023
 47204
 47351
 47156
 47342
 47810
 48056
 48057
 48136
 48352
 48593
 48793
 49166
 56224
 68809
 68823
 68814
 62571
 49847
 49823
 49889
 49987
 50111
 50244
 50376
 50538
 50721
 50900
 51057
 51206
 51402
 51682
 51849
 51871
 52187
 63479
 68765
 68768
 68777
 68797
 68814
 68805
 68801
 68777
 68759
 68736
 68728
 68734
 68742
 68736
 68735
 68743
 68753
 68734
 68757
 68754
 68748
 68756
 68751
 68759
 68754
 68760
 68752
 68754
 68744
 68750
 68759
 68745
 68733
 68747
 68744
 68750
 68737
 68736
 68741
 68746
 68746
 68749
 68743
 68739
 68741
 68742
 68751
 68746
 68739
     0
     0
