So, 16.02.25    13:19:56
497 Servatius-3
3		
46.280
0.000
0.000


 14682
 14677
 14666
 14667
 14660
 14650
 14644
 14648
 14638
 14632
 14627
 14635
 14629
 14625
 14621
 14629
 14611
 14611
 14617
 14622
 14619
 14634
 14644
 14638
 14640
 14657
 14669
 14668
 14692
 14692
 14713
 14719
 14739
 14749
 14757
 14771
 14791
 14810
 14822
 14855
 14862
 14867
 14882
 14897
 14898
 14919
 14933
 14953
 14983
 15027
 15060
 15107
 15148
 15224
 15253
 15312
 15366
 15414
 15425
 15495
 15526
 15568
 15584
 15618
 15660
 15719
 15772
 15828
 15880
 15940
 16010
 16067
 16145
 16208
 16284
 16343
 16420
 16455
 16528
 16618
 16685
 16784
 16864
 16971
 17069
 17160
 17230
 17336
 17443
 17519
 17576
 17662
 17742
 17858
 17944
 18043
 18135
 18244
 18350
 18461
 18576
 18686
 18781
 18881
 18966
 19071
 19182
 19288
 19396
 19518
 19639
 19767
 19888
 20020
 20145
 20240
 20371
 20469
 20578
 20710
 20823
 20934
 21058
 21176
 21301
 21441
 21576
 21717
 21841
 21950
 22090
 22215
 22335
 22464
 22581
 22727
 22854
 22996
 23135
 23269
 23398
 23528
 23667
 23788
 23913
 24051
 24189
 24333
 24483
 24632
 24789
 24945
 25101
 25230
 25351
 25485
 25635
 25775
 25915
 26079
 26240
 26368
 26522
 26689
 26843
 26989
 27143
 27278
 27417
 27573
 27722
 27881
 28031
 28169
 28318
 28481
 28650
 28806
 28941
 29082
 29220
 29359
 29514
 29680
 29856
 30013
 30171
 30340
 30504
 30681
 30826
 30973
 31110
 31266
 31418
 31600
 31776
 31936
 32102
 32251
 32436
 32589
 32744
 32890
 33036
 33184
 33333
 33508
 33678
 33840
 34012
 34172
 34339
 34510
 34674
 34825
 34999
 35166
 35319
 35491
 35654
 35808
 35971
 36146
 36323
 36489
 36652
 36820
 36971
 37142
 37308
 37474
 37634
 37798
 37966
 38135
 38300
 38485
 38639
 38815
 38982
 39142
 39301
 39460
 39628
 39796
 39965
 40151
 40342
 40520
 40687
 40855
 41016
 41169
 41320
 41490
 41648
 41827
 41996
 42175
 42368
 42555
 42713
 42866
 43043
 43201
 43367
 43538
 43705
 43869
 44032
 44204
 44378
 44566
 44743
 44929
 45100
 45259
 45425
 45587
 45752
 45902
 46072
 46212
 46383
 46544
 46703
 46852
 47008
 47169
 47339
 47507
 47668
 47804
 47946
 48096
 48220
 48343
 48455
 48586
 48703
 48849
 48992
 49116
 49194
 49369
 49596
 49765
 49884
 50028
 50197
 50387
 50576
 50719
 50861
 51491
 68783
 68774
 68779
 68795
 68802
 68808
 68816
 68823
 68851
 68859
 68852
 68857
 68848
 68851
 68847
 68835
 68846
 68847
 68835
 68843
 68848
 68844
 68848
 68835
 68844
 68846
 68837
 68845
 68840
 68845
 68848
 68847
 68840
 68843
 68839
 68845
 68841
 68840
 68847
 68832
 68852
 68842
 68843
 68837
 68835
 68839
 68847
 68839
 68841
 68845
