So, 16.02.25    13:30:59
658 Zeigermann-3
3		
46.280
0.000
0.000


  9755
  9763
  9778
  9792
  9831
  9842
  9858
  9886
  9914
  9941
  9986
 10022
 10100
 10127
 10187
 10249
 10313
 10379
 10430
 10501
 10571
 10620
 10687
 10727
 10761
 10809
 10873
 10923
 10994
 11059
 11114
 11207
 11277
 11370
 11476
 11574
 11662
 11739
 11785
 11855
 11947
 12041
 12160
 12238
 12359
 12439
 12555
 12655
 12732
 12829
 12929
 13034
 13134
 13237
 13337
 13420
 13508
 13596
 13698
 13786
 13880
 13971
 14076
 14161
 14276
 14395
 14520
 14649
 14769
 14895
 14980
 15065
 15176
 15278
 15382
 15493
 15618
 15739
 15858
 15980
 16108
 16208
 16331
 16460
 16573
 16682
 16801
 16927
 17027
 17155
 17271
 17392
 17530
 17654
 17807
 17956
 18081
 18210
 18330
 18460
 18582
 18710
 18835
 18951
 11963
  8273
  8034
  7552
  7527
  7496
  7476
  7488
  7519
  7583
  7651
  7508
  7282
  7635
 19048
 21156
 21305
 21475
 21622
 21754
 21877
 22003
 22149
 22280
 22440
 22590
 22725
 22863
 23034
 23183
 23344
 23484
 23626
 23744
 23884
 24021
 24162
 24307
 24469
 24652
 24828
 25015
 25186
 25328
 25475
 25613
 25756
 25907
 26050
 26214
 26354
 26514
 26695
 26865
 27017
 27178
 27325
 27454
 27603
 27744
 27894
 28044
 28209
 28381
 28573
 28747
 28939
 29083
 29225
 29361
 29510
 29648
 29825
 29995
 30173
 30344
 30510
 30696
 30860
 31016
 31159
 31309
 31453
 31608
 31768
 31931
 32104
 32281
 32476
 32667
 32831
 32990
 33134
 33283
 33429
 33596
 33755
 33937
 34103
 34300
 34471
 34650
 34820
 34971
 35132
 35294
 35440
 35603
 35775
 35939
 36107
 36279
 36486
 36682
 36863
 37014
 37172
 37346
 37498
 37659
 37819
 37999
 38173
 38361
 38539
 38719
 38881
 39051
 39211
 39354
 39522
 39684
 39864
 40030
 40210
 40393
 40599
 40793
 40966
 41124
 41269
 41431
 41594
 41765
 41939
 42122
 42314
 42501
 42678
 42856
 43017
 43175
 43323
 43498
 43660
 43824
 44000
 44173
 44368
 44537
 44742
 44949
 45134
 45303
 45470
 45638
 45810
 45984
 46138
 46269
 46427
 46589
 46747
 46905
 47091
 47273
 47465
 47610
 47740
 47953
 48163
 48282
 48416
 48611
 48781
 48939
 49076
 49219
 49350
 49478
 49596
 49720
 49872
 50008
 50114
 50259
 50456
 50620
 50776
 50941
 51104
 51353
 51518
 51600
 63071
 68691
 68689
 68701
 68689
 68701
 68700
 68690
 68690
 68679
 68682
 68687
 68683
 68688
 68694
 68692
 68692
 68706
 68723
 68720
 68735
 68744
 68725
 64240
 62735
 62617
 63492
 68682
 68737
 68726
 68722
 68708
 68719
 68713
 68717
 68725
 68705
 68684
 68658
 68650
 68611
 68561
 68479
 68414
 68281
 64188
 62574
 62489
 62620
 64766
