So, 16.02.25    13:16:05
459 Ehlers-2
2		
46.280
0.000
0.000


 11873
 11902
 11945
 11993
 12038
 12089
 12143
 12210
 12271
 12328
 12413
 12485
 12564
 12645
 12732
 12790
 12883
 12950
 13032
 13112
 13196
 13289
 13370
 13463
 13532
 13602
 13675
 13770
 13866
 13962
 14063
 14161
 14263
 14354
 14459
 14537
 14634
 14708
 14791
 14863
 14972
 15065
 15184
 15335
 15415
 15505
 15598
 15707
 15803
 15924
 16027
 16136
 16206
 16294
 16403
 16513
 16619
 16757
 16893
 16997
 17126
 17239
 17376
 17481
 17601
 17709
 17820
 17911
 18025
 18135
 18257
 18397
 18539
 18682
 18822
 18950
 19079
 19214
 19332
 19448
 19557
 19681
 19808
 19942
 20072
 20203
 20338
 20489
 20627
 20767
 20917
 21053
 21184
 21293
 21413
 21531
 21665
 21801
 21967
 22124
 22281
 22412
 22539
 22687
 22824
 22966
 23090
 23197
 23334
 23467
 23618
 23768
 23934
 24095
 24219
 24390
 24541
 24699
 24859
 24981
 25111
 25239
 25375
 25527
 25697
 25854
 25995
 26138
 26290
 26443
 26596
 26749
 26878
 27024
 27179
 27336
 27494
 27657
 27801
 27948
 28093
 28261
 28425
 28593
 28723
 28859
 28995
 29135
 29280
 29445
 29635
 29802
 29953
 30110
 30283
 30426
 30582
 30729
 30865
 31021
 31191
 31339
 31506
 31664
 31820
 31996
 32168
 32345
 32512
 32656
 32790
 32943
 33094
 33259
 33406
 33578
 33746
 33909
 34086
 34243
 34406
 34564
 34719
 34874
 35047
 35213
 35372
 35533
 35695
 35868
 36042
 36223
 36371
 36535
 36697
 36850
 37006
 37164
 37341
 37505
 37666
 37827
 37986
 38161
 38329
 38491
 38655
 38818
 38974
 39147
 39303
 39470
 39633
 39797
 39975
 40171
 40341
 40515
 40688
 40860
 41005
 41168
 41327
 41490
 41659
 41848
 42011
 42191
 42353
 42527
 42683
 42837
 43015
 43167
 43327
 43501
 43669
 43847
 44006
 44185
 44370
 44543
 44736
 44917
 45085
 45246
 45421
 45580
 45740
 45873
 46027
 46183
 46345
 46493
 46621
 46758
 46904
 47072
 47251
 47429
 47629
 47812
 47976
 48100
 48209
 48349
 48463
 48587
 48711
 48846
 49003
 49126
 49216
 49290
 49465
 55894
 49880
 53611
 68816
 68826
 59106
 50509
 50706
 50813
 50948
 51109
 51314
 51702
 51729
 52447
 68818
 68818
 68808
 68807
 68813
 68809
 68813
 68820
 68813
 68822
 68818
 68813
 68808
 68822
 68822
 68830
 68830
 68838
 68839
 68841
 68849
 68857
 68861
 68874
 68858
 68793
 68711
 68589
 68491
 68439
 68378
 68345
 68332
 68322
 68321
 68314
 68337
 68367
 68385
 68386
 68436
 68489
 68462
 68452
 68460
 68461
 68463
 68458
 68514
 68649
