So, 16.02.25    13:23:04
343 Michelmann-3
3		
46.280
0.000
0.000


 13609
 13661
 13717
 13778
 13828
 13891
 13954
 14018
 14099
 14186
 14265
 14330
 14409
 14483
 14543
 14602
 14685
 14755
 14859
 14995
 15100
 15177
 15223
 15297
 15391
 15489
 15576
 15630
 15719
 15809
 15893
 15974
 16024
 16133
 16252
 16361
 16475
 16582
 16691
 16775
 16858
 16941
 17056
 17147
 17249
 17390
 17510
 17646
 17760
 17880
 18021
 18146
 18255
 18347
 18456
 18551
 18673
 18812
 18917
 19038
 19184
 19312
 19474
 19615
 19738
 19885
 19980
 20090
 20207
 20333
 20473
 20596
 20748
 20891
 21024
 21161
 21299
 21435
 21561
 21676
 21828
 21954
 22106
 22241
 22373
 22526
 22673
 22831
 22992
 23121
 23231
 23366
 23504
 23643
 23779
 23931
 24095
 24257
 24437
 24570
 24740
 24883
 25014
 25168
 25288
 25403
 25576
 25731
 25881
 26035
 26185
 26345
 26517
 26684
 26826
 26971
 27122
 27278
 27421
 27562
 27710
 27894
 28071
 28238
 28414
 28578
 28735
 28879
 29019
 29155
 29327
 29484
 29645
 29822
 29991
 30170
 30351
 30525
 30674
 30815
 30964
 31122
 31265
 31431
 31610
 31802
 31982
 32160
 32333
 32496
 32653
 32807
 32954
 33105
 33251
 33437
 33622
 33802
 33976
 34171
 34347
 34515
 34670
 34826
 35004
 35171
 35325
 35497
 35673
 35856
 36040
 36215
 36401
 36582
 36746
 36910
 37085
 37246
 37415
 37580
 37751
 37926
 38100
 38301
 38492
 38662
 38828
 38995
 39154
 39311
 39484
 39664
 39873
 40075
 40262
 40457
 40629
 40784
 40950
 41120
 41270
 41446
 41638
 41815
 41981
 42159
 42352
 42546
 42696
 42879
 43044
 43216
 43376
 43551
 43719
 43893
 44112
 44306
 44487
 44684
 44867
 45062
 45237
 45409
 45594
 45758
 45893
 46034
 46165
 46314
 46472
 46607
 46778
 46934
 47099
 47254
 47408
 47570
 47710
 47866
 48029
 48173
 48347
 48492
 48659
 48819
 48928
 49045
 49154
 49276
 49406
 49521
 49670
 49834
 49992
 50178
 50330
 50544
 50780
 50969
 51137
 51271
 51508
 53424
 68925
 68939
 68936
 68935
 68934
 68945
 68943
 68941
 68937
 68946
 68964
 68978
 68993
 68996
 69013
 69002
 69023
 69029
 69025
 69010
 69015
 69000
 69000
 68992
 68997
 68993
 46201
 28082
 27969
 27973
 27952
 27947
 27934
 27931
 27929
 27917
 27907
 27902
 27893
 27892
 27890
 27884
 27884
 27876
 27869
 27877
 27877
 27864
 27874
 27871
 27865
 27860
 27868
 27871
 27868
 27864
 27863
 27857
 27861
 27865
 27850
 27865
 27858
 27853
 27860
 27856
 27852
 27858
 27855
 27856
 27859
 27855
 27855
 27860
 27853
 27849
 27852
 27856
 27854
 27845
 27848
 27854
 27848
 27852
 27853
 27849
 27843
 27841
 27843
 27840
 27841
 27845
 27846
 27844
 27841
 27846
 27845
 27837
 27847
 27849
 27842
 27849
 27843
 27845
 27832
 27833
 27829
 27820
 27834
 27840
 42448
 68861
 68825
 68775
 68714
 69196
 70941
 71477
 71675
 72788
 74030
 78475
 77965
 78096
 78108
 78589
 79314
 79474
 79158
 78762
 78317
 77810
 77368
 77008
 76653
 76445
 76153
 76050
 75922
 75883
 75948
 75995
 75984
 75986
 75964
 76018
 76021
 76059
 76084
 76113
 76108
 76151
 76121
 76126
 76157
 76135
 76166
 76140
 76131
 76132
 76143
