So, 16.02.25    13:46:37
813 Sohn-4
4		
46.280
0.000
0.000


  8304
  8302
  8301
  8313
  8328
  8316
  8322
  8337
  8319
  8320
  8317
  8325
  8323
  8324
  8328
  8336
  8351
  8362
  8354
  8356
  8365
  8368
  8361
  8365
  8372
  8364
  8416
  8431
  8444
  8432
  8517
  8519
  8557
  8578
  8624
  8648
  8679
  8719
  8732
  8716
  8726
  8749
  8773
  8811
  8857
  8870
  8928
  8998
  9070
  9114
  9182
  9261
  9309
  9357
  9443
  9500
  9576
  9655
  9730
  9786
  9867
  9927
 10022
 10091
 10160
 10232
 10284
 10356
 10446
 10534
 10621
 10723
 10813
 10892
 10975
 11046
 11113
 11200
 11280
 11357
 11476
 11580
 11675
 11799
 11929
 12038
 12172
 12304
 12422
 12542
 12634
 12729
 12832
 12938
 13030
 13154
 13269
 13395
 13523
 13635
 13767
 13890
 14037
 14150
 14271
 14398
 14502
 14631
 14750
 14852
 14975
 15105
 15237
 15365
 15490
 15637
 15777
 15921
 16072
 16190
 16302
 16436
 16579
 16684
 16820
 16959
 17104
 17241
 17376
 17526
 17670
 17833
 17993
 18129
 18257
 18408
 18540
 18672
 18819
 18953
 19085
 19242
 19384
 19538
 19689
 19864
 20042
 20189
 20339
 20487
 20623
 20749
 20879
 21038
 21175
 21318
 21479
 21649
 21814
 21989
 22165
 22321
 22469
 22613
 22745
 22894
 23042
 23167
 23327
 23492
 23652
 23824
 23997
 24166
 24354
 24521
 24682
 24831
 24995
 25145
 25300
 25452
 25606
 25772
 25937
 26108
 26273
 26440
 26627
 26786
 26941
 27107
 27274
 27422
 27576
 27731
 27885
 28044
 28207
 28383
 28563
 28764
 28949
 29113
 29282
 29426
 29578
 29740
 29899
 30080
 30262
 30418
 30596
 30775
 30959
 31144
 31310
 31470
 31629
 31807
 31963
 32127
 32308
 32467
 32626
 32793
 32974
 33162
 33354
 33541
 33718
 33891
 34041
 34213
 34385
 34546
 34733
 34897
 35081
 35265
 35458
 35652
 35824
 36000
 36161
 36321
 36492
 36668
 36840
 36999
 37167
 37349
 37525
 37711
 37917
 38101
 38268
 38439
 38620
 38787
 38955
 39130
 39299
 39472
 39654
 39848
 40045
 40252
 40420
 40606
 40780
 40945
 41119
 41288
 41451
 41625
 41795
 41981
 42177
 42377
 42575
 42760
 42931
 43102
 43268
 43455
 43622
 43799
 43966
 44139
 44298
 44464
 44646
 44820
 45015
 45155
 45256
 45467
 45710
 45887
 46048
 46198
 46349
 46507
 46686
 46831
 46971
 47080
 47227
 47391
 47557
 47706
 47507
 47794
 48082
 48277
 48461
 48638
 48728
 48795
 48971
 49446
 49657
 63340
 68727
 64275
 50206
 50109
 50142
 50239
 50351
 50478
 50622
 50761
 50912
 51053
 51221
 51418
 52074
 68750
 68738
 68734
 68725
 68734
 68726
 68736
 68731
 68738
 68731
 68731
 68741
 68737
 68743
 68746
 68761
 68769
 68794
 68810
 68818
 68841
 68858
 68865
 68889
 62906
 54996
 55081
 55055
 62485
 65256
 67213
 68864
 68881
 68875
 68869
 68866
 68858
 68862
 68866
 68870
 68865
 68863
 68868
 68867
 68861
 68865
 68836
 68857
 68855
 68859
 68851
 68848
 68859
 68865
 68856
 68865
 68870
 68856
 68865
 68872
 68855
 68861
 68865
 68860
 68858
 68867
 68859
 68862
 68866
 68856
 68865
 68865
 68857
 68863
 68863
 68865
 68865
 68861
