So, 16.02.25    13:28:05
350 Waldkirch-3
3		
46.280
0.000
0.000


  8308
  8368
  8403
  8485
  8543
  8602
  8651
  8743
  8820
  8867
  8918
  8976
  9047
  9109
  9178
  9257
  9320
  9405
  9485
  9591
  9665
  9756
  9849
  9938
 10040
 10140
 10222
 10312
 10360
 10442
 10527
 10601
 10694
 10780
 10865
 10959
 11074
 11182
 11252
 11383
 11483
 11609
 11717
 11842
 11954
 12054
 12147
 12252
 12344
 12446
 12550
 12640
 12742
 12859
 12974
 13076
 13202
 13334
 13474
 13604
 13742
 13861
 13946
 14053
 14164
 14271
 14385
 14500
 14625
 14759
 14912
 15041
 15175
 15286
 15418
 15551
 15674
 15796
 15930
 16038
 16155
 16281
 16393
 16508
 16636
 16757
 16903
 17039
 17191
 17336
 17483
 17622
 17762
 17906
 18031
 18141
 18262
 18398
 18547
 18707
 18846
 18991
 19146
 19288
 19432
 19589
 19718
 19859
 19994
 20125
 20250
 20392
 20527
 20662
 20816
 20983
 21134
 21285
 21447
 21610
 21750
 21880
 22020
 22172
 22324
 22489
 22644
 22799
 22957
 23105
 23264
 23413
 23573
 23703
 23849
 23984
 24132
 24275
 24452
 24628
 24808
 24976
 25167
 25326
 25470
 25617
 25761
 25912
 26060
 26221
 26382
 26560
 26730
 26897
 27073
 27227
 27388
 27550
 27697
 27834
 27992
 28162
 28335
 28511
 28694
 28872
 29063
 29217
 29360
 29504
 29676
 29845
 30024
 30204
 30379
 30549
 30736
 30901
 31064
 31214
 31357
 31515
 31689
 31864
 32053
 32235
 32416
 32596
 32782
 32957
 33120
 33276
 33438
 33611
 33785
 33969
 34150
 34335
 34512
 34692
 34871
 35033
 35199
 35368
 35538
 35712
 35886
 36086
 36251
 36427
 36622
 36816
 36992
 37162
 37339
 37498
 37674
 37877
 38050
 38221
 38395
 38584
 38759
 38939
 39110
 39260
 39414
 39608
 39810
 39966
 40169
 40331
 40530
 40720
 40908
 41095
 41251
 41423
 41589
 41779
 41975
 42154
 42335
 42503
 42675
 42836
 43007
 43174
 43349
 43502
 43689
 43854
 44055
 44214
 44401
 44598
 44784
 44968
 45162
 45336
 45500
 45680
 45849
 46011
 46175
 46346
 46494
 46658
 46791
 46932
 47092
 47252
 47419
 47459
 47521
 47768
 47982
 48143
 48191
 48315
 48556
 48921
 49219
 49354
 49457
 49578
 49652
 49728
 49849
 49985
 50135
 50281
 50439
 50612
 50777
 50937
 51107
 51325
 51517
 51689
 51831
 51975
 52090
 52192
 53338
 67669
 67683
 67693
 67679
 67684
 67717
 67841
 68083
 68650
 68908
 68949
 68959
 68976
 68979
 68969
 68965
 68970
 68976
 68977
 68977
 68978
 68979
 68978
 68980
 68983
 68966
 68974
 68963
 68957
 68902
 68486
 68127
 68043
 68136
 68445
 68750
 68787
 68753
 68729
 68740
 68749
 68724
 68707
 68728
 68715
 68718
 68705
 68707
 68694
 68691
