So, 16.02.25    12:48:43
350 Waldkirch-1
1		
46.280
0.000
0.000


  8411
  8462
  8517
  8568
  8612
  8658
  8719
  8756
  8811
  8879
  8945
  9002
  9085
  9166
  9222
  9277
  9332
  9394
  9465
  9530
  9611
  9702
  9799
  9887
  9997
 10096
 10172
 10248
 10346
 10442
 10538
 10604
 10683
 10757
 10843
 10909
 10979
 11059
 11158
 11237
 11351
 11456
 11557
 11662
 11776
 11903
 12022
 12134
 12243
 12338
 12443
 12538
 12622
 12738
 12823
 12925
 13049
 13151
 13278
 13403
 13532
 13645
 13794
 13933
 14059
 14181
 14268
 14360
 14472
 14594
 14703
 14820
 14946
 15080
 15214
 15340
 15491
 15612
 15738
 15877
 16003
 16130
 16223
 16338
 16460
 16590
 16698
 16825
 16973
 17113
 17244
 17376
 17536
 17662
 17801
 17911
 18025
 18147
 18258
 18400
 18534
 18696
 18849
 18993
 19141
 19299
 19442
 19595
 19728
 19853
 19990
 20135
 20261
 20396
 20557
 20695
 20846
 21003
 21177
 21315
 21444
 21573
 21717
 21856
 22004
 22149
 22322
 22480
 22634
 22789
 22955
 23119
 23249
 23387
 23545
 23696
 23819
 23987
 24133
 24308
 24466
 24640
 24810
 24990
 25157
 25313
 25425
 25568
 25717
 25863
 26032
 26204
 26378
 26538
 26706
 26882
 27040
 27195
 27338
 27478
 27624
 27760
 27914
 28093
 28261
 28443
 28623
 28806
 28975
 29129
 29280
 29411
 29564
 29737
 29917
 30109
 30272
 30442
 30621
 30794
 30949
 31110
 31233
 31386
 31541
 31705
 31883
 32083
 32260
 32447
 32628
 32800
 32984
 33123
 33277
 33438
 33612
 33776
 33972
 34155
 34330
 34499
 34658
 34844
 35004
 35161
 35308
 35484
 35663
 35838
 36006
 36197
 36356
 36549
 36754
 36932
 37102
 37260
 37428
 37580
 37756
 37957
 38134
 38302
 38470
 38657
 38828
 39009
 39159
 39339
 39497
 39673
 39856
 40035
 40217
 40371
 40574
 40757
 40954
 41127
 41276
 41443
 41624
 41812
 41992
 42165
 42337
 42510
 42674
 42841
 43001
 43143
 43312
 43514
 43688
 43846
 44020
 44192
 44372
 44563
 44739
 44922
 45100
 45282
 45432
 45617
 45775
 45923
 46097
 46259
 46421
 46573
 46712
 46853
 47007
 47159
 47336
 47477
 47476
 47519
 47663
 47871
 48035
 48162
 48390
 48646
 48970
 49186
 49289
 49363
 49443
 49555
 49682
 49817
 49966
 50124
 50262
 50419
 50565
 50730
 50952
 51132
 51279
 51415
 51488
 51628
 51689
 57868
 68812
 68800
 68795
 68811
 68793
 68806
 68793
 68795
 68795
 68792
 68797
 68807
 68799
 68817
 68806
 68802
 68826
 68827
 68842
 68851
 68852
 68859
 68860
 68865
 68857
 68858
 68856
 68859
 68850
 68848
 68846
 68844
 68846
 68848
 68823
 68796
 68777
 68739
 68695
 68686
 68654
 68630
 68569
 68530
 68497
 68467
 68452
 68453
 68448
