So, 16.02.25    12:50:43
645 Krug-1
1		
46.280
0.000
0.000


 17003
 17058
 17100
 17157
 17195
 17242
 17295
 17359
 17420
 17501
 17562
 17653
 17724
 17789
 17861
 17943
 18013
 18063
 18157
 18236
 18324
 18424
 18512
 18618
 18701
 18802
 18894
 18991
 19080
 19182
 19267
 19372
 19449
 19548
 19661
 19778
 19890
 19997
 20118
 20249
 20350
 20449
 20555
 20669
 20765
 20883
 21006
 21126
 21261
 21373
 21495
 21628
 21742
 21859
 22001
 22119
 22235
 22362
 22488
 22617
 22749
 22885
 23037
 23175
 23296
 23428
 23563
 23675
 23812
 23963
 24110
 24254
 24389
 24516
 24678
 24823
 24964
 25114
 25253
 25381
 25507
 25651
 25793
 25959
 26105
 26270
 26419
 26553
 26689
 26832
 26970
 27116
 27273
 27443
 27604
 27745
 27909
 28072
 28219
 28354
 28492
 28642
 28804
 28945
 29093
 29258
 29430
 29609
 29784
 29944
 30091
 30243
 30374
 30537
 30699
 30876
 31050
 31203
 31357
 31528
 31707
 31832
 31991
 32150
 32313
 32471
 32636
 32800
 32959
 33149
 33319
 33492
 33644
 33781
 33954
 34102
 34273
 34437
 34603
 34798
 34972
 35150
 35315
 35479
 35633
 35789
 35944
 36114
 36271
 36434
 36591
 36778
 36977
 37175
 37336
 37493
 37665
 37820
 37984
 38138
 38324
 38504
 38674
 38859
 39055
 39220
 39373
 39543
 39705
 39885
 40058
 40227
 40399
 40571
 40768
 40966
 41147
 41308
 41471
 41641
 41819
 41987
 42162
 42332
 42524
 42695
 42883
 43065
 43226
 43391
 43560
 43728
 43898
 44079
 44238
 44407
 44601
 44819
 45009
 45192
 45351
 45511
 45690
 45837
 45989
 46123
 46244
 46371
 46541
 46726
 46960
 47252
 47450
 47223
 47056
 47466
 48038
 48180
 48624
 48436
 48691
 49125
 49041
 48824
 48710
 48839
 49007
 49198
 49383
 49448
 49752
 49971
 50084
 50176
 50270
 50393
 50527
 50680
 50846
 51051
 51244
 51450
 51712
 51942
 52050
 62988
 68337
 68234
 68219
 68210
 68212
 68194
 68167
 68090
 68015
 65869
 64401
 64024
 63830
 63781
 63817
 63832
 63893
 63867
 63772
 63723
 63669
 63646
 63691
 63806
 64039
 64737
 67684
 67864
 67875
 67867
 67872
 67861
 67862
 67860
 67865
 67852
 67844
 67852
 67847
 67856
 67858
 67863
 67863
 67835
 67866
 67840
 67839
 67841
 67849
