So, 16.02.25    12:46:46
814 Schinko-1
1		
46.280
0.000
0.000


 11715
 11729
 11749
 11776
 11811
 11821
 11854
 11899
 11967
 12031
 12046
 12118
 12162
 12223
 12284
 12354
 12419
 12466
 12542
 12612
 12687
 12716
 12777
 12821
 12872
 12931
 13004
 13065
 13151
 13229
 13315
 13382
 13463
 13546
 13630
 13725
 13801
 13878
 13965
 14068
 14152
 14250
 14347
 14437
 14513
 14612
 14691
 14800
 14901
 15019
 15123
 15222
 15297
 15407
 15505
 15610
 15701
 15821
 15925
 16029
 16120
 16208
 16309
 16421
 16520
 16655
 16781
 16903
 17004
 17134
 17229
 17321
 17423
 17538
 17662
 17769
 17913
 18034
 18139
 18268
 18385
 18527
 18649
 18762
 18895
 18996
 19118
 19239
 19361
 19482
 19597
 19724
 19848
 19966
 20102
 20245
 20383
 20523
 20663
 20775
 20919
 21044
 21174
 21274
 21425
 21562
 21709
 21855
 22009
 22148
 22291
 22417
 22551
 22667
 22801
 22926
 23061
 23200
 23334
 23480
 23615
 23753
 23921
 24047
 24217
 24353
 24487
 24621
 24751
 24901
 25072
 25209
 25352
 25505
 25664
 25806
 25965
 26126
 26259
 26399
 26536
 26671
 26814
 26978
 27112
 27261
 27406
 27556
 27713
 27873
 28037
 28181
 28334
 28465
 28612
 28757
 28906
 29062
 29223
 29380
 29541
 29715
 29884
 30058
 30190
 30339
 30485
 30635
 30781
 30947
 31090
 31236
 31397
 31563
 31746
 31930
 32091
 32227
 32370
 32531
 32684
 32833
 33000
 33180
 33340
 33514
 33694
 33874
 34026
 34166
 34315
 34482
 34637
 34801
 34967
 35131
 35294
 35467
 35654
 35832
 35995
 36145
 36301
 36453
 36615
 36785
 36955
 37132
 37307
 37486
 37642
 37813
 37979
 38140
 38299
 38457
 38633
 38783
 38939
 39108
 39269
 39437
 39596
 39786
 39968
 40159
 40320
 40484
 40653
 40803
 40965
 41140
 41300
 41457
 41638
 41817
 41987
 42176
 42365
 42520
 42675
 42835
 42995
 43161
 43317
 43478
 43639
 43811
 43971
 44133
 44321
 44492
 44674
 44834
 45006
 45160
 45306
 45471
 45626
 45757
 45881
 45998
 46126
 46246
 46382
 46525
 46672
 46818
 46996
 47152
 47307
 47395
 47399
 47508
 47663
 47856
 48069
 48269
 48429
 48551
 48710
 48882
 49127
 49342
 49452
 49435
 49437
 49526
 49632
 49752
 49862
 50002
 50173
 50320
 50468
 50642
 50807
 50956
 51084
 54540
 68713
 68716
 68758
 68769
 68803
 68805
 68806
 68799
 68804
 68796
 68816
 68822
 68839
 68835
 68816
 68788
 68752
 68746
 68794
 68826
 68806
 68790
 68743
 68695
 68690
 68694
 68683
 68671
 68637
 68618
 68603
 68616
 68618
 68623
 68605
 68598
 68580
 68596
 68593
 68595
 68603
 68583
 68593
 68598
 68591
 68574
 68583
 68591
 68588
 68588
