So, 16.02.25    13:31:46
329 Werner-3
3		
46.280
0.000
0.000


 15178
 15233
 15282
 15331
 15398
 15443
 15499
 15554
 15624
 15655
 15693
 15762
 15818
 15860
 15898
 15976
 16040
 16095
 16170
 16240
 16335
 16376
 16451
 16526
 16597
 16679
 16745
 16828
 16941
 17031
 17117
 17207
 17279
 17355
 17445
 17550
 17636
 17668
 17730
 17819
 17897
 17996
 18079
 18184
 18303
 18393
 18473
 18567
 18661
 18747
 18840
 18933
 19031
 19128
 19206
 19300
 19401
 19503
 19602
 19737
 19863
 19958
 20044
 20123
 20223
 20318
 20442
 20536
 20639
 20743
 20846
 20936
 21050
 21138
 21228
 21323
 21442
 21553
 21648
 21773
 21892
 22022
 22164
 22290
 22415
 22540
 22640
 22738
 22852
 22959
 23076
 23184
 23310
 23447
 23581
 23711
 23842
 23973
 24097
 24216
 24354
 24479
 24593
 24722
 24859
 24968
 25097
 25233
 25360
 25506
 25662
 25806
 25949
 26081
 26206
 26321
 26447
 26571
 26717
 26858
 27007
 27155
 27292
 27441
 27576
 27721
 27856
 27989
 28122
 28265
 28409
 28549
 28686
 28810
 28963
 29120
 29278
 29446
 29606
 29762
 29901
 30043
 30189
 30335
 30490
 30629
 30771
 30932
 31086
 31239
 31377
 31534
 31665
 31785
 31944
 32126
 32293
 32441
 32586
 32731
 32890
 33067
 33231
 33394
 33560
 33723
 33866
 34022
 34163
 34316
 34485
 34640
 34806
 34961
 35126
 35297
 35431
 35549
 35690
 35856
 36053
 36227
 36371
 36530
 36697
 36864
 37045
 37230
 37408
 37572
 37717
 37872
 38031
 38196
 38342
 38523
 38688
 38854
 39013
 39173
 39321
 39432
 39533
 39736
 39978
 40161
 40329
 40480
 40668
 40838
 41040
 41220
 41360
 41517
 41679
 41836
 42008
 42185
 42352
 42513
 42672
 42810
 42984
 43128
 43225
 43350
 43571
 43789
 43966
 44119
 44296
 44471
 44638
 44838
 45007
 45186
 45351
 45507
 45673
 45840
 45987
 46142
 46289
 46453
 46616
 46781
 46932
 47071
 47210
 47352
 47472
 47601
 47724
 47848
 47983
 48109
 48246
 48380
 48516
 48676
 48823
 48969
 49124
 49293
 49491
 49719
 49892
 50049
 50434
 50786
 50726
 50924
 61664
 63640
 68756
 68799
 68802
 68810
 68785
 68808
 68808
 68809
 68806
 68815
 68809
 68806
 68799
 68799
 68805
 68801
 68808
 68806
 68803
 68801
 68810
 68799
 68816
 68823
 68825
 68831
 68852
 68852
 68863
 68873
 68890
 68901
 68890
 68895
 68906
 68914
 68913
 68905
 68913
 68915
 68911
 68910
 68899
 68907
 68902
 68905
 68896
 68903
