So, 16.02.25    13:54:34
658 Zeigermann-5
5		
46.280
0.000
0.000


  9550
  9540
  9531
  9537
  9534
  9541
  9555
  9584
  9605
  9636
  9646
  9653
  9677
  9680
  9712
  9706
  9739
  9771
  9798
  9821
  9847
  9892
  9934
  9988
 10048
 10098
 10139
 10183
 10239
 10299
 10358
 10416
 10504
 10565
 10638
 10688
 10758
 10794
 10848
 10919
 10954
 11036
 11089
 11157
 11233
 11317
 11406
 11502
 11593
 11671
 11750
 11839
 11925
 12005
 12083
 12175
 12265
 12355
 12460
 12537
 12687
 12757
 12826
 12921
 13027
 13146
 13239
 13314
 13404
 13505
 13602
 13691
 13770
 13873
 13973
 14085
 14198
 14304
 14427
 14556
 14694
 14832
 14947
 15032
 15139
 15243
 15317
 15423
 15549
 15662
 15791
 15928
 16018
 16140
 16267
 16375
 16520
 16630
 16735
 16856
 16976
 17092
 17210
 17341
 17470
 17585
 17738
 17895
 18036
 18160
 18295
 18412
 18542
 18657
 18782
 18913
 19063
 19205
 19358
 19502
 19640
 19787
 19909
 20038
 20167
 20298
 20417
 20556
 20684
 20834
 20986
 21141
 21291
 21446
 21614
 21740
 21882
 22018
 22160
 22304
 22439
 22589
 22738
 22898
 23068
 23214
 23365
 23514
 23649
 23787
 23937
 24074
 24217
 24364
 24533
 24691
 24857
 25054
 25235
 25375
 25520
 25659
 25812
 25953
 26103
 26252
 26406
 26574
 26746
 26910
 27085
 27242
 27396
 27549
 27692
 27848
 28010
 28164
 28317
 28502
 28684
 28869
 29056
 29213
 29383
 29518
 29667
 29822
 29982
 30148
 30323
 30500
 30672
 30828
 31001
 31177
 31316
 31456
 31614
 31783
 31943
 32107
 32274
 32449
 32629
 32806
 32996
 33168
 33313
 33469
 33631
 33781
 33955
 34120
 34299
 34474
 34646
 34833
 35009
 35189
 35338
 35491
 35649
 35814
 35964
 36147
 36316
 36498
 36680
 36876
 37062
 37240
 37406
 37565
 37716
 37884
 38046
 38219
 38384
 38573
 38752
 38938
 39115
 39279
 39435
 39590
 39772
 39922
 40115
 40295
 40459
 40650
 40832
 41026
 41201
 41367
 41522
 41696
 41863
 42040
 42209
 42396
 42565
 42739
 42919
 43083
 43251
 43420
 43591
 43758
 43921
 44091
 44264
 44439
 44615
 44818
 45015
 45205
 45384
 45559
 45738
 45910
 46071
 46207
 46357
 46528
 46686
 46843
 46983
 47138
 47310
 47488
 47660
 47703
 47951
 48199
 48363
 48510
 48659
 48795
 48948
 48962
 49157
 49345
 49477
 49575
 49691
 49905
 50041
 50185
 50360
 50495
 58023
 50989
 51009
 51076
 51297
 51545
 51625
 51757
 68709
 68692
 68698
 68691
 68694
 68681
 68671
 68663
 68660
 68647
 68637
 68615
 68618
 68610
 68616
 68609
 68600
 68598
 68585
 68584
 68563
 68553
 68548
 68533
 68529
 68514
 68493
 68481
 68471
 68454
 68453
 68449
 68437
 68418
 68418
 68416
 68403
 68396
 68389
 68374
 68369
 68358
 68356
 68357
 68335
 68319
 68299
 68285
 68279
 68251
