So, 16.02.25    14:04:19
350 Waldkirch-6
6		
46.280
0.000
0.000


  7751
  7805
  7846
  7890
  7910
  7965
  8007
  8045
  8092
  8158
  8213
  8283
  8373
  8446
  8525
  8584
  8630
  8672
  8725
  8808
  8884
  8948
  9029
  9116
  9168
  9274
  9381
  9479
  9570
  9649
  9732
  9827
  9919
 10004
 10089
 10162
 10228
 10306
 10379
 10477
 10565
 10645
 10740
 10800
 10899
 11010
 11102
 11200
 11301
 11426
 11541
 11655
 11771
 11850
 11958
 12056
 12167
 12270
 12381
 12496
 12602
 12714
 12855
 12963
 13075
 13188
 13338
 13465
 13582
 13709
 13828
 13946
 14052
 14153
 14268
 14384
 14498
 14622
 14741
 14873
 15010
 15131
 15242
 15385
 15514
 15641
 15764
 15896
 16009
 16113
 16214
 16311
 16467
 16585
 16733
 16860
 17022
 17171
 17325
 17473
 17603
 17718
 17842
 17943
 18062
 18199
 18353
 18499
 18640
 18800
 18948
 19100
 19251
 19390
 19537
 19658
 19794
 19928
 20070
 20197
 20333
 20484
 20645
 20800
 20963
 21115
 21257
 21414
 21544
 21683
 21809
 21941
 22119
 22278
 22436
 22592
 22745
 22898
 23053
 23197
 23343
 23479
 23631
 23779
 23937
 24091
 24254
 24391
 24567
 24729
 24901
 25076
 25246
 25400
 25542
 25712
 25859
 26020
 26173
 26327
 26475
 26650
 26815
 26976
 27141
 27307
 27466
 27627
 27763
 27943
 28104
 28255
 28430
 28617
 28792
 28965
 29133
 29292
 29454
 29624
 29792
 29987
 30156
 30313
 30474
 30650
 30808
 30972
 31154
 31292
 31468
 31626
 31793
 31956
 32145
 32329
 32512
 32682
 32846
 33024
 33185
 33344
 33518
 33724
 33884
 34060
 34223
 34398
 34576
 34747
 34933
 35108
 35287
 35459
 35621
 35790
 35965
 36154
 36327
 36512
 36685
 36871
 37056
 37237
 37405
 37580
 37755
 37915
 38091
 38260
 38430
 38613
 38791
 38973
 39146
 39316
 39489
 39658
 39841
 40035
 40235
 40416
 40603
 40800
 40966
 41136
 41320
 41479
 41662
 41838
 42024
 42205
 42390
 42562
 42733
 42903
 43084
 43243
 43437
 43608
 43788
 43962
 44149
 44324
 44510
 44690
 44879
 45068
 45260
 45436
 45616
 45780
 45950
 46125
 46278
 46476
 46640
 46786
 46930
 47071
 47218
 47357
 47370
 47593
 47796
 47962
 48063
 48325
 48632
 48789
 48937
 49045
 49154
 49251
 49362
 49508
 49652
 49795
 49952
 50131
 50282
 50458
 50625
 50800
 50956
 51094
 51339
 51366
 51601
 53195
 68990
 68980
 68983
 68987
 68998
 69005
 69007
 69013
 69037
 69040
 69061
 69063
 69069
 69076
 69058
 69070
 69052
 69041
 69044
 69039
 69050
 69037
 69049
 69041
 69034
 69036
 69023
 69046
 69031
 69029
 69024
 69032
 69030
 69028
 69026
 69029
 69039
 69031
 69031
 69030
 69028
 69030
 69025
 69039
 69038
 69029
 69041
 69024
 69028
 69027
