So, 16.02.25    14:06:47
655 Freitag-6
6		
46.280
0.000
0.000


  9992
 10056
 10222
 10322
 10357
 10385
 10426
 10431
 10347
 10337
 10344
 10389
 10416
 10464
 10511
 10557
 10629
 10700
 10796
 10886
 10967
 11030
 11088
 11144
 11215
 11291
 11374
 11446
 11520
 11593
 11715
 11837
 11930
 12034
 12146
 12248
 12357
 12474
 12541
 12626
 12710
 12804
 12912
 12989
 13105
 13236
 13363
 13493
 13623
 13724
 13821
 13927
 14041
 14135
 14243
 14348
 14470
 14609
 14759
 14895
 15056
 15182
 15311
 15429
 15541
 15655
 15772
 15883
 16004
 16107
 16243
 16373
 16538
 16682
 16831
 16964
 17082
 17188
 17311
 17434
 17564
 17694
 17868
 18028
 18191
 18353
 18515
 18661
 18812
 18938
 19076
 19202
 19346
 19487
 19627
 19788
 19956
 20114
 20284
 20442
 20571
 20706
 20836
 20981
 21112
 21239
 21402
 21567
 21737
 21897
 22068
 22228
 22396
 22550
 22682
 22830
 22978
 23119
 23250
 23424
 23585
 23762
 23942
 24143
 24307
 24455
 24594
 24739
 24896
 25060
 25216
 25388
 25574
 25746
 25906
 26082
 26244
 26404
 26559
 26706
 26874
 27040
 27194
 27351
 27523
 27691
 27879
 28065
 28241
 28404
 28560
 28711
 28865
 29023
 29197
 29377
 29554
 29732
 29915
 30123
 30298
 30453
 30598
 30764
 30921
 31079
 31224
 31399
 31583
 31776
 31970
 32162
 32356
 32521
 32658
 32808
 32981
 33144
 33316
 33504
 33696
 33867
 34044
 34240
 34428
 34588
 34742
 34911
 35085
 35241
 35414
 35588
 35775
 35955
 36139
 36317
 36517
 36696
 36851
 37000
 37176
 37337
 37508
 37690
 37867
 38050
 38225
 38412
 38608
 38788
 38949
 39112
 39280
 39433
 39601
 39768
 39960
 40129
 40332
 40521
 40727
 40913
 41079
 41227
 41397
 41561
 41739
 41915
 42115
 42293
 42481
 42661
 42846
 43033
 43199
 43375
 43552
 43721
 43891
 44054
 44237
 44405
 44599
 44805
 45001
 45201
 45371
 45544
 45711
 45877
 46046
 46198
 46367
 46532
 46680
 46818
 46970
 47147
 47324
 47480
 47414
 47446
 47836
 48142
 48283
 48296
 48529
 48692
 49014
 49166
 53690
 68814
 68821
 68826
 68823
 65864
 50173
 50156
 50231
 50317
 50445
 50573
 50722
 50894
 51095
 51272
 51412
 51581
 51730
 51942
 52178
 66159
 68816
 68817
 68825
 68823
 68828
 68828
 68821
 68825
 68815
 68829
 68824
 68830
 68830
 68830
 68840
 68852
 68877
 68893
 68899
 68929
 68933
 68929
 68935
 68930
 68918
 68907
 68898
 68895
 68874
 68880
 68881
 68876
 68867
 68875
 68867
 68865
 68856
 68860
 68865
 68858
 68848
 68842
 68854
 68837
 68826
 68760
 68734
 68699
 68643
