So, 16.02.25    13:27:19
814 Schinko-3
3		
46.280
0.000
0.000


 10520
 10538
 10544
 10545
 10568
 10573
 10572
 10597
 10600
 10629
 10657
 10663
 10673
 10705
 10726
 10774
 10811
 10857
 10919
 10984
 11032
 11091
 11153
 11205
 11255
 11311
 11374
 11444
 11507
 11574
 11627
 11685
 11751
 11802
 11879
 11964
 12035
 12120
 12181
 12276
 12364
 12442
 12535
 12603
 12682
 12760
 12841
 12922
 12999
 13087
 13197
 13308
 13385
 13491
 13596
 13679
 13786
 13898
 13993
 14103
 14190
 14277
 14374
 14460
 14544
 14654
 14764
 14868
 14988
 15096
 15191
 15318
 15436
 15531
 15660
 15790
 15892
 15996
 16075
 16160
 16276
 16397
 16507
 16643
 16764
 16889
 17017
 17150
 17283
 17416
 17545
 17654
 17777
 17880
 17990
 18107
 18238
 18366
 18486
 18602
 18734
 18872
 18997
 19136
 19289
 19418
 19540
 19669
 19791
 19912
 20047
 20199
 20314
 20444
 20588
 20736
 20877
 21034
 21169
 21301
 21439
 21562
 21694
 21834
 21961
 22108
 22248
 22383
 22515
 22655
 22820
 22972
 23131
 23275
 23407
 23540
 23689
 23830
 23980
 24130
 24269
 24415
 24589
 24769
 24921
 25095
 25227
 25362
 25499
 25645
 25783
 25942
 26085
 26226
 26373
 26536
 26699
 26878
 27048
 27191
 27335
 27478
 27626
 27784
 27949
 28104
 28281
 28432
 28578
 28753
 28911
 29037
 29192
 29359
 29537
 29725
 29911
 30060
 30212
 30351
 30479
 30666
 30864
 31012
 31146
 31300
 31459
 31630
 31810
 31977
 32170
 32322
 32454
 32647
 32813
 32958
 33125
 33291
 33507
 33673
 33833
 33987
 34195
 34365
 34506
 34693
 34860
 35019
 35206
 35426
 35591
 35705
 35859
 36000
 36153
 36316
 36513
 36674
 36841
 37006
 37181
 37353
 37515
 37667
 37820
 38003
 38165
 38348
 38533
 38688
 38864
 39008
 39184
 39350
 39507
 39687
 39861
 40041
 40231
 40373
 40535
 40704
 40855
 41029
 41190
 41334
 41506
 41691
 41885
 42059
 42236
 42397
 42566
 42732
 42886
 43056
 43218
 43381
 43551
 43729
 43882
 44058
 44217
 44376
 44530
 44708
 44869
 45044
 45238
 45427
 45603
 45782
 45941
 46099
 46234
 46363
 46524
 46661
 46794
 46922
 47056
 47193
 47339
 47477
 47625
 47736
 47789
 47915
 48022
 48158
 48350
 48527
 48693
 48885
 49033
 49157
 49325
 49472
 56828
 51953
 50051
 50097
 50176
 50286
 50407
 50510
 50588
 50809
 50951
 51050
 51537
 51406
 51426
 66456
 68865
 68876
 68878
 68869
 68869
 68875
 68885
 68873
 68875
 68875
 68871
 68878
 68883
 68884
 68883
 68899
 68895
 68769
 68403
 68128
 68013
 67971
 67951
 67941
 67944
 67963
 67946
 67968
 67996
 68074
 68106
 68078
 68089
 68093
 68102
 68110
 68107
 68127
 68133
 68138
 68119
 68131
 68149
 68145
 68143
 68134
 68151
 68165
 68162
