So, 16.02.25    13:02:53
343 Michelmann-2
2		
46.280
0.000
0.000


 13609
 13622
 13669
 13715
 13755
 13812
 13867
 13908
 13968
 14038
 14093
 14171
 14225
 14295
 14341
 14395
 14463
 14534
 14618
 14681
 14780
 14882
 15021
 15099
 15145
 15222
 15320
 15383
 15473
 15541
 15631
 15723
 15797
 15864
 15945
 16039
 16099
 16221
 16327
 16461
 16560
 16662
 16773
 16871
 16966
 17071
 17180
 17273
 17401
 17503
 17625
 17756
 17873
 18000
 18107
 18233
 18341
 18448
 18556
 18672
 18783
 18908
 19043
 19177
 19323
 19458
 19592
 19706
 19799
 19934
 20065
 20208
 20356
 20483
 20619
 20735
 20874
 21013
 21159
 21292
 21418
 21556
 21667
 21802
 21933
 22074
 22215
 22352
 22493
 22658
 22807
 22951
 23095
 23236
 23349
 23481
 23637
 23754
 23912
 24061
 24213
 24363
 24519
 24682
 24835
 24982
 25128
 25265
 25409
 25541
 25680
 25830
 25979
 26131
 26290
 26453
 26616
 26781
 26933
 27087
 27234
 27380
 27540
 27690
 27847
 28010
 28176
 28338
 28505
 28662
 28832
 28991
 29142
 29277
 29432
 29588
 29739
 29910
 30070
 30278
 30447
 30605
 30775
 30917
 31078
 31224
 31366
 31537
 31696
 31866
 32048
 32230
 32406
 32567
 32729
 32891
 33039
 33192
 33346
 33515
 33679
 33843
 34011
 34207
 34384
 34561
 34734
 34898
 35070
 35224
 35394
 35558
 35724
 35893
 36077
 36258
 36424
 36597
 36773
 36936
 37109
 37277
 37443
 37614
 37770
 37943
 38131
 38321
 38496
 38679
 38854
 39026
 39179
 39354
 39516
 39671
 39845
 40035
 40244
 40421
 40610
 40796
 40969
 41133
 41290
 41453
 41634
 41804
 41995
 42171
 42378
 42556
 42724
 42889
 43071
 43229
 43410
 43563
 43727
 43910
 44080
 44264
 44432
 44611
 44795
 44970
 45160
 45349
 45514
 45685
 45857
 46018
 46188
 46346
 46527
 46702
 46857
 47012
 47147
 47294
 47433
 47581
 47710
 47842
 47986
 48117
 48262
 48424
 48582
 48728
 48876
 49001
 49163
 49345
 49519
 49682
 49868
 50041
 50223
 50427
 50666
 50903
 51050
 51202
 51301
 54865
 68893
 68895
 68896
 68911
 68904
 68902
 68899
 68900
 68914
 68926
 68921
 68939
 68945
 68955
 68975
 69007
 69039
 69065
 69091
 69114
 69124
 69144
 69122
 69109
 69095
 69077
 69071
 69072
 69059
 69062
 69051
 69055
 69058
 69060
 69055
 69056
 69059
 69057
 69051
 69053
 69052
 69056
 69055
 69054
 69053
 69051
 69062
 69057
 69063
 69055
