So, 16.02.25    13:34:43
118 Edzards-3
3		
46.280
0.000
0.000


 12896
 12995
 13068
 13117
 13135
 13146
 13185
 13242
 13278
 13327
 13371
 13436
 13474
 13512
 13593
 13662
 13745
 13835
 13918
 13995
 14078
 14148
 14222
 14276
 14353
 14424
 14502
 14599
 14694
 14812
 14909
 14997
 15095
 15209
 15320
 15434
 15531
 15618
 15694
 15791
 15877
 15965
 16076
 16161
 16259
 16386
 16499
 16598
 16721
 16849
 16960
 17090
 17178
 17287
 17426
 17535
 17641
 17745
 17864
 18003
 18120
 18269
 18413
 18559
 18708
 18825
 18923
 19037
 19142
 19270
 19409
 19538
 19712
 19829
 19934
 20071
 20213
 20368
 20474
 20575
 20749
 20869
 21019
 21172
 21296
 21420
 21565
 21700
 21868
 22017
 22175
 22317
 22450
 22558
 22688
 22818
 22954
 23098
 23276
 23431
 23584
 23709
 23863
 24011
 24162
 24293
 24438
 24606
 24765
 24924
 25076
 25207
 25353
 25505
 25681
 25855
 26032
 26158
 26280
 26412
 26565
 26714
 26869
 27031
 27203
 27351
 27512
 27670
 27834
 27988
 28124
 28277
 28435
 28583
 28734
 28890
 29048
 29209
 29365
 29546
 29726
 29908
 30070
 30211
 30345
 30493
 30637
 30796
 30959
 31119
 31281
 31446
 31618
 31790
 31944
 32098
 32249
 32395
 32563
 32715
 32851
 33035
 33198
 33368
 33542
 33741
 33905
 34069
 34221
 34367
 34525
 34681
 34848
 35017
 35191
 35366
 35526
 35705
 35878
 36029
 36189
 36323
 36479
 36638
 36803
 36965
 37143
 37318
 37494
 37668
 37840
 38015
 38173
 38314
 38484
 38635
 38796
 38959
 39124
 39296
 39467
 39641
 39820
 40003
 40171
 40327
 40479
 40642
 40806
 40956
 41119
 41287
 41449
 41621
 41801
 41999
 42178
 42357
 42525
 42676
 42821
 42986
 43142
 43299
 43462
 43646
 43810
 43973
 44138
 44317
 44487
 44662
 44836
 45002
 45174
 45334
 45499
 45659
 45819
 45962
 46109
 46277
 46425
 46584
 46723
 46847
 47009
 47134
 47272
 47414
 47543
 47684
 47831
 47961
 48087
 48219
 48359
 48495
 48661
 48779
 48931
 50580
 68777
 68794
 68818
 68825
 52932
 53320
 68858
 68855
 68877
 68863
 68868
 68872
 68870
 68864
 68873
 68854
 68851
 68864
 68853
 68865
 68857
 68849
 68856
 68848
 68855
 68856
 68851
 68849
 68859
 68851
 68855
 68850
 68859
 68860
 68850
 68855
 68862
 68859
 68853
 68855
 68857
 68852
 68850
 68852
 68860
 68864
 68859
 68850
 68860
 68852
 68868
 68853
 68858
 68845
 68859
 68861
