So, 16.02.25    13:03:42
595 Utassy-2
2		
46.280
0.000
0.000


  8038
  8086
  8141
  8197
  8273
  8317
  8378
  8432
  8481
  8523
  8569
  8625
  8692
  8751
  8806
  8870
  8951
  9012
  9076
  9135
  9243
  9344
  9434
  9544
  9622
  9730
  9837
  9912
  9995
 10093
 10160
 10248
 10349
 10430
 10516
 10591
 10689
 10772
 10859
 10974
 11056
 11165
 11270
 11369
 11473
 11578
 11688
 11789
 11884
 12006
 12143
 12237
 12351
 12456
 12585
 12723
 12854
 12963
 13075
 13189
 13311
 13423
 13528
 13650
 13750
 13874
 14006
 14137
 14281
 14408
 14546
 14672
 14808
 14914
 15042
 15158
 15278
 15418
 15524
 15650
 15778
 15917
 16040
 16170
 16309
 16467
 16602
 16729
 16873
 16998
 17120
 17273
 17402
 17539
 17675
 17864
 18023
 18166
 18307
 18445
 18586
 18717
 18873
 19009
 19139
 19273
 19421
 19573
 19737
 19898
 20053
 20200
 20336
 20478
 20624
 20775
 20900
 21057
 21198
 21346
 21489
 21654
 21837
 22009
 22175
 22323
 22473
 22624
 22744
 22909
 23045
 23187
 23344
 23502
 23664
 23848
 24017
 24177
 24334
 24477
 24635
 24785
 24946
 25097
 25268
 25421
 25608
 25783
 25945
 26117
 26261
 26406
 26560
 26723
 26898
 27047
 27209
 27386
 27539
 27711
 27892
 28038
 28213
 28356
 28517
 28682
 28843
 29004
 29168
 29360
 29532
 29719
 29890
 30055
 30217
 30369
 30529
 30686
 30862
 31024
 31204
 31391
 31529
 31714
 31890
 32058
 32216
 32381
 32557
 32707
 32874
 33039
 33202
 33386
 33575
 33772
 33946
 34110
 34275
 34431
 34591
 34758
 34944
 35116
 35288
 35470
 35648
 35840
 36021
 36167
 36318
 36487
 36644
 36811
 37000
 37182
 37359
 37547
 37718
 37908
 38075
 38231
 38397
 38568
 38736
 38905
 39075
 39251
 39415
 39603
 39798
 39997
 40194
 40340
 40516
 40695
 40852
 41021
 41187
 41361
 41548
 41734
 41920
 42114
 42299
 42473
 42639
 42811
 42973
 43133
 43286
 43480
 43660
 43829
 44011
 44207
 44394
 44589
 44775
 44959
 45134
 45307
 45484
 45647
 45797
 45935
 46072
 46243
 46405
 46559
 46707
 46879
 47053
 47163
 47203
 47034
 68742
 68746
 68742
 68740
 68747
 68217
 48902
 48667
 48665
 49103
 49243
 49332
 49448
 49554
 49660
 49802
 49895
 50085
 50263
 50451
 50624
 50795
 51504
 62537
 57236
 68719
 68723
 68718
 68728
 68724
 68720
 68718
 68719
 68722
 68719
 68724
 68722
 68715
 68721
 68717
 68730
 68719
 68725
 68733
 68739
 68766
 68773
 68796
 68828
 68846
 68875
 68907
 68935
 68955
 68990
 68993
 68993
 69007
 69005
 68997
 68979
 68972
 68969
 68974
 68963
 68951
 68944
 68940
 68917
 68864
 68811
 68708
 68660
