So, 16.02.25    13:09:20
585 Götze-2
2		
46.280
0.000
0.000


 11530
 11561
 11630
 11676
 11735
 11791
 11843
 11907
 11990
 12047
 12119
 12204
 12266
 12335
 12398
 12446
 12497
 12560
 12632
 12705
 12786
 12868
 12992
 13091
 13162
 13214
 13307
 13396
 13495
 13575
 13680
 13787
 13880
 13957
 14027
 14132
 14218
 14323
 14429
 14546
 14655
 14744
 14855
 14973
 15080
 15163
 15250
 15333
 15438
 15541
 15648
 15769
 15872
 15987
 16109
 16204
 16297
 16432
 16552
 16659
 16779
 16897
 17000
 17125
 17235
 17345
 17474
 17588
 17708
 17845
 17973
 18100
 18233
 18359
 18493
 18592
 18708
 18825
 18961
 19073
 19216
 19345
 19467
 19610
 19755
 19888
 20026
 20172
 20284
 20414
 20542
 20665
 20795
 20942
 21066
 21211
 21335
 21497
 21656
 21800
 21930
 22058
 22187
 22298
 22441
 22574
 22701
 22847
 23001
 23146
 23289
 23438
 23593
 23737
 23879
 24019
 24149
 24301
 24420
 24571
 24722
 24878
 25047
 25213
 25383
 25532
 25664
 25798
 25939
 26066
 26201
 26335
 26486
 26671
 26820
 26982
 27143
 27307
 27456
 27592
 27738
 27873
 28015
 28171
 28326
 28487
 28644
 28804
 28982
 29145
 29318
 29475
 29611
 29752
 29890
 30031
 30187
 30346
 30513
 30679
 30851
 31006
 31172
 31309
 31475
 31624
 31770
 31926
 32080
 32242
 32404
 32570
 32737
 32908
 33081
 33253
 33410
 33567
 33696
 33839
 33997
 34167
 34332
 34508
 34676
 34838
 35014
 35188
 35347
 35500
 35652
 35834
 35992
 36161
 36314
 36473
 36641
 36827
 37019
 37188
 37366
 37522
 37655
 37810
 37961
 38114
 38284
 38467
 38639
 38804
 38973
 39134
 39300
 39464
 39612
 39793
 39952
 40129
 40292
 40461
 40641
 40823
 41000
 41173
 41337
 41492
 41651
 41808
 41981
 42141
 42322
 42486
 42657
 42817
 42992
 43158
 43315
 43493
 43653
 43822
 43989
 44155
 44318
 44480
 44667
 44862
 45053
 45232
 45402
 45565
 45734
 45886
 46028
 46180
 46317
 46470
 46612
 46752
 46887
 47050
 47211
 47374
 47545
 47541
 47349
 48031
 48250
 48404
 48556
 48694
 48835
 48967
 49105
 49214
 49346
 49463
 49567
 49701
 49851
 50009
 50186
 50359
 50532
 50746
 50939
 51645
 69053
 69064
 69090
 69091
 69092
 69088
 69099
 69089
 69091
 69080
 69066
 69051
 69005
 68942
 68904
 68913
 68945
 68955
 68932
 68898
 68883
 68889
 68904
 68910
 68907
 68885
 68873
 68877
 68875
 68857
 68878
 68880
 68876
 68869
 68868
 68863
 68858
 68867
 68870
 68851
 68861
 68872
 68859
 58388
 54189
 54160
 54253
 57037
 68849
 68850
 68840
 68835
 68832
 68832
 68837
 68831
 68827
 68828
 68834
 68834
 68830
 68818
 68814
 68830
 68814
 68818
 68833
 68813
 68818
 68810
 68822
 68806
 68816
 68823
 68806
 68812
 68812
 68814
 68814
 68821
 68812
 68804
 68804
 68821
 68813
 68819
 68809
 68790
 68816
 68804
 68808
 68818
 68794
 68804
 68808
 68787
 68797
