So, 16.02.25    12:36:20
359 Schwesig-1
1		
46.280
0.000
0.000


 13556
 13618
 13683
 13768
 13820
 13891
 13966
 14033
 14094
 14149
 14198
 14272
 14331
 14384
 14437
 14514
 14581
 14655
 14730
 14810
 14895
 14976
 15066
 15127
 15214
 15306
 15372
 15481
 15568
 15628
 15715
 15829
 15926
 16046
 16108
 16149
 16244
 16332
 16419
 16506
 16605
 16731
 16832
 16923
 17012
 17113
 17192
 17277
 17379
 17494
 17576
 17683
 17782
 17887
 17999
 18115
 18235
 18351
 18470
 18577
 18685
 18794
 18893
 18993
 19098
 19225
 19350
 19476
 19588
 19699
 19820
 19936
 20064
 20180
 20315
 20411
 20549
 20655
 20762
 20896
 21018
 21120
 21219
 21330
 21460
 21600
 21732
 21875
 22001
 22130
 22258
 22371
 22493
 22604
 22734
 22857
 22992
 23119
 23254
 23388
 23534
 23670
 23820
 23955
 24081
 24201
 24324
 24449
 24598
 24731
 24870
 25008
 25164
 25314
 25452
 25601
 25732
 25866
 25981
 26118
 26250
 26368
 26513
 26661
 26794
 26950
 27102
 27252
 27418
 27548
 27692
 27819
 27951
 28089
 28236
 28377
 28523
 28676
 28835
 28997
 29148
 29288
 29436
 29578
 29704
 29851
 29994
 30143
 30296
 30441
 30595
 30758
 30916
 31076
 31202
 31343
 31491
 31624
 31768
 31920
 32077
 32215
 32375
 32535
 32701
 32871
 33018
 33167
 33295
 33440
 33588
 33731
 33880
 34054
 34196
 34361
 34516
 34674
 34851
 34998
 35160
 35308
 35440
 35588
 35739
 35890
 36045
 36204
 36357
 36531
 36702
 36865
 37025
 37169
 37322
 37477
 37623
 37760
 37921
 38091
 38238
 38399
 38580
 38732
 38889
 39038
 39194
 39349
 39494
 39640
 39796
 39970
 40131
 40284
 40467
 40637
 40796
 40965
 41107
 41262
 41392
 41553
 41719
 41884
 42038
 42204
 42361
 42515
 42678
 42831
 42980
 43138
 43285
 43431
 43569
 43730
 43883
 44042
 44206
 44386
 44547
 44704
 44882
 45050
 45206
 45350
 45501
 45641
 45784
 45928
 46044
 46157
 46276
 46382
 46540
 46674
 46846
 47085
 47355
 47233
 47133
 47236
 47398
 47536
 47739
 48161
 48381
 48436
 48551
 48680
 48868
 49023
 49178
 49350
 49575
 49764
 49675
 49511
 49551
 49655
 49826
 50070
 50292
 50434
 50537
 50782
 57697
 68923
 68907
 68911
 68906
 68901
 68898
 68899
 68905
 68898
 68910
 68899
 68894
 68896
 68907
 68897
 68900
 68896
 68907
 68915
 68914
 68924
 68916
 68928
 68923
 68925
 68934
 68927
 68915
 68899
 68882
 68832
 68820
 68803
 68827
 68827
 68795
 68767
 68750
 68732
 68740
 68691
 68669
 68627
 68612
 68617
 68573
 68518
 68408
 68329
