So, 16.02.25    12:42:02
777 Roos-1
1		
46.280
0.000
0.000


 16498
 16547
 16605
 16668
 16726
 16763
 16796
 16838
 16890
 16914
 16970
 17028
 17089
 17152
 17227
 17309
 17363
 17446
 17507
 17574
 17624
 17706
 17759
 17834
 17912
 17994
 18085
 18143
 18249
 18316
 18433
 18502
 18596
 18686
 18799
 18914
 19022
 19102
 19188
 19272
 19334
 19426
 19495
 19600
 19703
 19803
 19941
 20088
 20177
 20257
 20361
 20478
 20585
 20705
 20776
 20882
 20959
 21059
 21156
 21258
 21367
 21462
 21572
 21699
 21824
 21942
 22079
 22203
 22350
 22465
 22573
 22669
 22770
 22880
 23000
 23111
 23240
 23374
 23490
 23628
 23765
 23914
 24042
 24166
 24291
 24399
 24524
 24650
 24780
 24913
 25041
 25187
 25332
 25466
 25620
 25761
 25893
 26035
 26147
 26268
 26378
 26510
 26658
 26796
 26945
 27106
 27263
 27420
 27567
 27698
 27829
 27958
 28090
 28215
 28354
 28496
 28651
 28799
 28942
 29128
 29280
 29442
 29598
 29735
 29877
 30031
 30178
 30305
 30459
 30613
 30767
 30919
 31084
 31247
 31389
 31539
 31679
 31828
 31954
 32110
 32259
 32418
 32576
 32731
 32893
 33073
 33242
 33383
 33518
 33662
 33801
 33966
 34118
 34260
 34424
 34603
 34771
 34948
 35126
 35279
 35421
 35572
 35720
 35876
 36033
 36189
 36348
 36509
 36687
 36883
 37059
 37235
 37379
 37531
 37687
 37825
 37984
 38152
 38304
 38478
 38675
 38848
 39015
 39189
 39343
 39480
 39647
 39797
 39961
 40135
 40303
 40462
 40652
 40838
 41025
 41203
 41346
 41508
 41654
 41828
 41992
 42160
 42337
 42522
 42691
 42874
 43038
 43199
 43361
 43524
 43689
 43850
 43999
 44158
 44317
 44500
 44676
 44876
 45068
 45263
 45430
 45601
 45772
 45934
 46081
 46214
 46367
 46511
 46646
 46797
 46935
 47110
 47188
 47266
 47344
 47422
 47500
 47578
 47656
 62008
 68835
 68847
 68846
 68835
 68829
 68838
 68831
 68830
 68830
 68826
 68824
 68814
 68819
 68818
 68812
 68813
 68797
 68803
 68800
 68800
 68804
 68800
 68796
 68791
 68813
 68813
 68836
 68846
 68862
 68887
 68895
 68897
 68887
 68881
 68870
 68864
 68865
 68865
 68863
 68863
 68866
 68859
 68860
 68863
 68866
 68863
 68846
 68850
 68843
     0
