So, 16.02.25    13:58:51
267 Anochili-5
5		
46.280
0.000
0.000


 10269
 10319
 10392
 10439
 10475
 10510
 10583
 10646
 10707
 10760
 10798
 10845
 10903
 10955
 11035
 11120
 11198
 11273
 11357
 11455
 11509
 11591
 11672
 11756
 11832
 11930
 12017
 12124
 12224
 12307
 12408
 12527
 12639
 12706
 12795
 12900
 12998
 13091
 13173
 13283
 13382
 13470
 13588
 13681
 13777
 13878
 13991
 14100
 14194
 14297
 14399
 14554
 14674
 14775
 14897
 15029
 15150
 15288
 15396
 15508
 15613
 15723
 15830
 15950
 16070
 16166
 16271
 16386
 16492
 16612
 16739
 16886
 17015
 17143
 17283
 17400
 17515
 17625
 17752
 17855
 17970
 18100
 18239
 18358
 18494
 18631
 18781
 18918
 19081
 19227
 19361
 19501
 19619
 19755
 19886
 20002
 20149
 20293
 20442
 20573
 20693
 20831
 20986
 21134
 21253
 21385
 21515
 21631
 21778
 21901
 22047
 22185
 22333
 22522
 22662
 22788
 22961
 23115
 23266
 23411
 23561
 23699
 23842
 23975
 24120
 24248
 24384
 24545
 24700
 24849
 25026
 25190
 25345
 25497
 25618
 25751
 25903
 26056
 26205
 26358
 26503
 26647
 26802
 26977
 27140
 27326
 27487
 27612
 27775
 27939
 28100
 28259
 28391
 28535
 28694
 28861
 29041
 29199
 29369
 29527
 29684
 29838
 29973
 30135
 30302
 30479
 30630
 30785
 30938
 31111
 31265
 31430
 31604
 31764
 31925
 32101
 32239
 32386
 32536
 32690
 32850
 33022
 33207
 33368
 33533
 33682
 33824
 33988
 34145
 34313
 34497
 34670
 34840
 35016
 35202
 35380
 35536
 35716
 35871
 36027
 36196
 36345
 36510
 36680
 36848
 37024
 37225
 37410
 37577
 37734
 37891
 38038
 38198
 38369
 38544
 38714
 38883
 39061
 39238
 39417
 39575
 39753
 39936
 40115
 40284
 40437
 40618
 40785
 40962
 41158
 41329
 41499
 41661
 41819
 42000
 42182
 42367
 42535
 42697
 42873
 43029
 43212
 43374
 43556
 43721
 43921
 44092
 44264
 44432
 44622
 44816
 45024
 45221
 45407
 45574
 45721
 45867
 46010
 46122
 46238
 46423
 46561
 46731
 46879
 47043
 47202
 47452
 62058
 48021
 47940
 48079
 48272
 48398
 48548
 48689
 48803
 48949
 49090
 49241
 49427
 49507
 49584
 49658
 49750
 49851
 49982
 50119
 50251
 50390
 50541
 50713
 50909
 51081
 51250
 51381
 51473
 66641
 68869
 68852
 68854
 68819
 68812
 68821
 68808
 68806
 68799
 68775
 68782
 68771
 68784
 68780
 68774
 68743
 68661
 68564
 68483
 68493
 68499
 68495
 68484
 68457
 68426
 68411
 68433
 68430
 68422
 68396
 68397
 68385
 68373
 68397
 68374
 68382
 68359
 68368
 68365
 68368
 68363
 68342
 68323
 68356
 57003
 54365
 54412
 54405
 54435
 54488
 54514
 54697
 54781
 54741
 62068
 68335
 68317
 68303
 68316
 68313
 68300
 68311
 68293
 68285
 68291
 68296
 68289
 68289
 68280
 68281
 68294
 68285
 68274
 68290
 68279
 68281
 68270
 68275
 68262
 68270
 68264
 68259
 68287
 68262
 68253
 68263
 68261
 68267
 68253
 68262
 68261
 68242
 68235
 62776
 54136
 54057
 53963
 54004
 54011
 54062
 54072
 54187
 57502
 60053
 68230
 68230
 68236
 68252
 68256
 65626
 62547
 61840
 57714
 55215
 54805
 53942
 54066
 54042
 54010
 53923
 53913
 53912
 53912
 53877
 53823
  7794
  3207
  3201
  3231
  3322
  3369
  3378
  3394
  3416
  3447
  3470
  3509
  3505
  3563
  3631
  3755
  3737
  3754
  3850
  3845
  3836
  3844
 26776
 71934
 73583
 74191
 77159
 77708
 78052
 78057
 78011
 78431
 78543
 78739
 78836
 78849
 78804
 78770
 78757
 78734
 78708
 78664
 78641
 78626
 78618
 78610
 78633
 78628
 78624
 78625
 78609
 78614
 78614
 78621
 78618
 78605
 78600
 78616
 78616
 78598
 78608
 78609
 78608
 78609
 78598
 78594
 78600
 78617
 78604
 78607
 78614
 78596
 78604
