So, 16.02.25    12:44:07
638 Kermes-1
1		
46.280
0.000
0.000


 19352
 19405
 19472
 19561
 19644
 19736
 19829
 19917
 20034
 20127
 20222
 20313
 20389
 20446
 20538
 20626
 20716
 20816
 20904
 21020
 21142
 21236
 21355
 21471
 21579
 21685
 21779
 21854
 21966
 22076
 22202
 22335
 22449
 22580
 22695
 22827
 22954
 23066
 23159
 23271
 23375
 23491
 23619
 23753
 23860
 24024
 24163
 24315
 24464
 24595
 24707
 24826
 24937
 25073
 25217
 25353
 25492
 25647
 25784
 25943
 26086
 26223
 26329
 26465
 26597
 26729
 26884
 27021
 27164
 27332
 27500
 27665
 27807
 27948
 28076
 28202
 28330
 28459
 28623
 28793
 28950
 29105
 29257
 29419
 29585
 29720
 29869
 30013
 30175
 30310
 30466
 30624
 30776
 30945
 31115
 31293
 31450
 31614
 31740
 31886
 32025
 32190
 32357
 32523
 32669
 32834
 33008
 33169
 33324
 33478
 33638
 33780
 33945
 34092
 34254
 34409
 24450
  6044
  6052
  6079
  6040
  6044
  6002
  5982
  5969
  5940
  5943
  5923
  5929
  5914
  5918
  5910
  5890
  5875
  5878
  5852
  5839
  5828
  5813
  5785
  5762
  5709
  5656
  5604
  5533
  5514
  5454
  5396
  5347
  5323
  5284
  5268
  5258
  5248
  5209
  5182
  5148
  5122
  5116
  5102
  5073
  5051
  5021
  4954
  4918
  4853
  4978
  4945
  5038
  5006
  4991
  4940
  4873
  4880
  4840
  4771
  4763
  4718
  4671
  4588
  4552
  4488
  4644
 39884
 46089
 46254
 46371
 46534
 46677
 46848
 47012
 47198
 47383
 47527
 47421
 47601
 47941
 48133
 48277
 48398
 48447
 48526
 62740
 49242
 49268
 49540
 49735
 49860
 49910
 49898
 49944
 50064
 50196
 50331
 50461
 50806
 51717
 51783
 51281
 56054
 63297
 63369
 63489
 63715
 64258
 65351
 65918
 67053
 67322
 65957
 65526
 65361
 65463
 66141
 67605
 68874
 68937
 68945
 68947
 68951
 68940
 68951
 68961
 68958
 68961
 68954
 68958
 68947
 68955
 68967
 68962
 68962
 68964
 68962
 68953
 68933
 68929
 68907
 68897
 64302
 53030
 52861
 52982
 53024
 52990
 52991
 52824
 52907
 61229
 68770
 68760
 68769
 68735
 68753
 68740
 68750
 68737
 68761
 68767
 68706
 68687
 68733
 68753
 68742
 68732
 68714
 68707
 68709
 68722
 68737
 68713
 68701
 68713
 68744
 68723
 68719
 68716
 68720
 68735
 68715
 68714
 68714
 68713
 68712
 68716
 68732
 68725
 68707
 68722
 68711
 68717
 68720
 68713
 68715
 68719
 68707
 68707
 68723
