So, 16.02.25    13:00:03
497 Servatius-2
2		
46.280
0.000
0.000


 14762
 14758
 14759
 14770
 14763
 14773
 14791
 14763
 14763
 14770
 14753
 14760
 14767
 14764
 14774
 14778
 14766
 14766
 14762
 14780
 14766
 14770
 14776
 14785
 14775
 14786
 14797
 14799
 14797
 14800
 14810
 14808
 14817
 14807
 14787
 14775
 14775
 14802
 14793
 14842
 14847
 14866
 14934
 14963
 14990
 15053
 15084
 15125
 15172
 15208
 15271
 15314
 15343
 15403
 15453
 15493
 15555
 15608
 15673
 15723
 15778
 15852
 15930
 15993
 16077
 16142
 16228
 16283
 16356
 16440
 16514
 16586
 16660
 16745
 16829
 16912
 17026
 17110
 17210
 17310
 17407
 17497
 17555
 17563
 13666
 12799
 11832
 11587
 11590
 11604
 11609
 11616
 11628
 11590
 12202
 18088
 19017
 19105
 19225
 19322
 19430
 19555
 19665
 19800
 19935
 20082
 20224
 20336
 20450
 20568
 20663
 20782
 20900
 21014
 21145
 21279
 21401
 21518
 21651
 21785
 21917
 22044
 22170
 22270
 22378
 22500
 22625
 22749
 22893
 23035
 23170
 23314
 23461
 23603
 23748
 23873
 24006
 24135
 24271
 24412
 24540
 24680
 24827
 24976
 25127
 25282
 25431
 25560
 25701
 25814
 25945
 26090
 26225
 26364
 26517
 26680
 26822
 26976
 27138
 27311
 27467
 27600
 27745
 27886
 28033
 28175
 28333
 28494
 28644
 28797
 28977
 29135
 29286
 29441
 29581
 29724
 29884
 30027
 30216
 30367
 30505
 30662
 30835
 31007
 31177
 31325
 31464
 31619
 31768
 31937
 32081
 32247
 32414
 32573
 32735
 32906
 33078
 33236
 33377
 33525
 33686
 33835
 34003
 34170
 34349
 34504
 34663
 34841
 35028
 35209
 35363
 35528
 35677
 35836
 35991
 36161
 36314
 36465
 36634
 36807
 37000
 37176
 37341
 37492
 37641
 37796
 37964
 38127
 38295
 38463
 38631
 38791
 38992
 39162
 39326
 39491
 39652
 39823
 40002
 40177
 40328
 40485
 40666
 40839
 41018
 41200
 41356
 41510
 41668
 41845
 42004
 42162
 42329
 42501
 42673
 42843
 43022
 43181
 43330
 43492
 43666
 43818
 43987
 44143
 44304
 44482
 44666
 44846
 45030
 45201
 45367
 45525
 45694
 45847
 46000
 46162
 46306
 46455
 46618
 46762
 46918
 47104
 47292
 47470
 47640
 47800
 47955
 48108
 48238
 48380
 48506
 48632
 48761
 48892
 49002
 49139
 49255
 49402
 49524
 49672
 49832
 50016
 50163
 50287
 50365
 50470
 50612
 50766
 50980
 51068
 51133
 51240
 63493
 68784
 68790
 68784
 68777
 68781
 68788
 68791
 68807
 68821
 68837
 68853
 68862
 68895
 68930
 68944
 68960
 68975
 68990
 68979
 68979
 68985
 68994
 68993
 68992
 68994
 68997
 68988
 69002
 68994
 69002
 68993
 68980
 68996
 68993
 68997
 68991
 68987
 68981
 68994
 68981
 68981
 68979
 68974
 68979
 68974
 68972
 68982
 68975
 68975
