So, 16.02.25    13:00:53
828 Combe-2
2		
46.280
0.000
0.000


 13121
 13119
 13131
 13129
 13137
 13111
 13117
 13124
 13131
 13120
 13120
 13144
 13119
 13129
 13111
 13117
 13114
 13105
 13119
 13119
 13126
 13127
 13098
 13125
 13127
 13125
 13137
 13132
 13139
 13158
 13160
 13145
 13161
 13180
 13188
 13201
 13216
 13230
 13235
 13255
 13278
 13299
 13325
 13375
 13393
 13435
 13472
 13516
 13579
 13624
 13669
 13714
 13749
 13772
 13803
 13850
 13898
 13953
 14007
 14077
 14145
 14237
 14385
 14489
 14562
 14651
 14705
 14764
 14838
 14908
 14972
 15050
 15119
 15189
 15253
 15320
 15420
 15489
 15568
 15664
 15773
 15834
 15918
 15979
 16036
 16121
 16249
 16341
 16468
 16573
 16694
 16868
 16960
 16994
 17037
 17165
 17260
 17378
 17477
 17582
 17677
 17769
 17855
 17947
 18052
 18135
 18244
 18337
 18455
 18583
 18683
 18812
 18904
 19047
 19166
 19303
 19401
 19502
 19605
 19726
 19840
 19949
 20050
 20161
 20270
 20388
 20530
 20656
 20776
 20917
 21048
 21175
 21287
 21406
 21529
 21649
 21745
 21874
 22005
 22135
 22251
 22370
 22500
 22638
 22775
 22915
 23058
 23198
 23339
 23469
 23583
 23703
 23834
 23961
 24080
 24220
 24370
 24503
 24635
 24763
 24925
 25066
 25226
 25351
 25484
 25605
 25735
 25865
 25994
 26148
 26277
 26396
 26544
 26690
 26853
 27020
 27174
 27326
 27468
 27595
 27718
 27845
 27983
 28131
 28290
 28446
 28600
 28747
 28903
 29059
 29210
 29362
 29500
 29638
 29784
 29912
 30067
 30230
 30359
 30503
 30654
 30826
 30992
 31163
 31317
 31464
 31614
 31743
 31892
 32038
 32195
 32358
 32520
 32671
 32828
 32978
 33139
 33294
 33459
 33619
 33763
 33916
 34061
 34226
 34382
 34528
 34684
 34856
 35046
 35225
 35395
 35561
 35714
 35860
 36014
 36167
 36321
 36479
 36640
 36807
 36979
 37152
 37307
 37485
 37641
 37789
 37935
 38097
 38252
 38426
 38589
 38766
 38934
 39133
 39305
 39461
 39626
 39781
 39933
 40096
 40274
 40425
 40600
 40785
 40947
 41130
 41295
 41452
 41618
 41787
 41947
 42123
 42308
 42481
 42652
 42830
 43000
 43173
 43345
 43505
 43668
 43828
 43994
 44168
 44338
 44518
 44678
 44865
 45036
 45189
 45317
 45498
 45724
 45882
 46043
 46219
 46368
 46548
 46716
 46851
 46968
 47117
 47283
 47440
 47594
 47746
 47904
 48054
 48212
 48382
 48550
 48710
 48864
 49002
 49110
 49232
 49330
 49442
 49560
 49685
 49813
 49964
 50108
 50261
 50412
 50591
 50741
 50905
 51085
 51382
 51605
 51747
 51857
 52014
 55402
 68920
 68956
 68969
 68982
 68985
 68999
 68981
 68967
 68963
 68958
 68959
 68957
 68964
 68955
 68948
 68950
 68961
 68960
 68959
 68952
 68951
 68948
 68948
 68946
 68948
 68948
 68952
 68953
 68945
 68957
 68952
 68948
 68955
 68947
 68952
 68945
 68955
 68951
 68956
 68953
 68953
 68952
 68949
 68956
 68952
 68959
 68947
 68946
 68951
 68951
