So, 16.02.25    12:52:16
329 Werner-1
1		
46.280
0.000
0.000


 16451
 16520
 16587
 16667
 16714
 16799
 16882
 16965
 17034
 17150
 17226
 17311
 17390
 17469
 17548
 17628
 17680
 17764
 17864
 17955
 18071
 18149
 18253
 18370
 18470
 18566
 18653
 18751
 18836
 18950
 19032
 19136
 19226
 19319
 19437
 19536
 19638
 19693
 19791
 19914
 20027
 20115
 20212
 20310
 20418
 20531
 20637
 20741
 20845
 20937
 21039
 21145
 21232
 21328
 21427
 21541
 21648
 21737
 21866
 21980
 22108
 22244
 22372
 22491
 22606
 22714
 22818
 22932
 23043
 23150
 23265
 23393
 23530
 23660
 23786
 23914
 24050
 24170
 24286
 24418
 24542
 24662
 24790
 24919
 25024
 25151
 25271
 25389
 25540
 25689
 25831
 25970
 26109
 26240
 26348
 26464
 26584
 26730
 26867
 27008
 27153
 27294
 27442
 27572
 27724
 27854
 27996
 28125
 28255
 28393
 28547
 28673
 28809
 28945
 29081
 29239
 29404
 29560
 29713
 29868
 30014
 30164
 30306
 30430
 30605
 30742
 30877
 31035
 31185
 31314
 31478
 31624
 31763
 31908
 32070
 32223
 32372
 32515
 32647
 32796
 32956
 33109
 33271
 33443
 33610
 33775
 33927
 34069
 34224
 34372
 34525
 34674
 34847
 35000
 35179
 35340
 35497
 35646
 35797
 35940
 36097
 36255
 36399
 36561
 36719
 36885
 37068
 37252
 37418
 37587
 37752
 37899
 38050
 38195
 38361
 38528
 38692
 38852
 39011
 39172
 39324
 39409
 39504
 39660
 39870
 40105
 40298
 40458
 40629
 40796
 40978
 41156
 41330
 41486
 41642
 41803
 41959
 42132
 42306
 42465
 42626
 42788
 42941
 43090
 43247
 43392
 43517
 43646
 43853
 44051
 44213
 44378
 44555
 44734
 44910
 45088
 45260
 45434
 45600
 45758
 45912
 46064
 46218
 46350
 46511
 46679
 46833
 46977
 47156
 47290
 47416
 47551
 47669
 47805
 47929
 48053
 48172
 48299
 48420
 48566
 48708
 48848
 49001
 49127
 49287
 49471
 49670
 49868
 50050
 50247
 60451
 68791
 68779
 68785
 68779
 68774
 68773
 68769
 68764
 68757
 68757
 68752
 68747
 68745
 68754
 68744
 68743
 68741
 68736
 68740
 68739
 68742
 68736
 68745
 68740
 68734
 68734
 68735
 68747
 68744
 68746
 68752
 68741
 68746
 68746
 68737
 68750
 68737
 68752
 68747
 68746
 68740
 68732
 68727
 68727
 68724
 68696
 66260
 65067
 64863
