So, 16.02.25    12:56:29
118 Edzards-1
1		
46.280
0.000
0.000


 13487
 13521
 13539
 13561
 13581
 13609
 13633
 13664
 13667
 13688
 13707
 13712
 13718
 13740
 13735
 13742
 13746
 13744
 13751
 13766
 13767
 13762
 13762
 13766
 13760
 13767
 13767
 13772
 13762
 13777
 13780
 13774
 13774
 13776
 13782
 13774
 13780
 13784
 13781
 13781
 13778
 13768
 13776
 13779
 13776
 13776
 13779
 13780
 13777
 13787
 13780
 13792
 13794
 13794
 13787
 13788
 13807
 13793
 13810
 13806
 13795
 13815
 13808
 13797
 13798
 13796
 13807
 13815
 13813
 13805
 13813
 13811
 13809
 13816
 13808
 13817
 13807
 13808
 13819
 13808
 13817
 13812
 13815
 13815
 13818
 13814
 13815
 13806
 13825
 13808
 13819
 13817
 13817
 13811
 13834
 13816
 13819
 13823
 13835
 13821
 13822
 13835
 13834
 13815
 13826
 13812
 13814
 13802
 13791
 13790
 13766
 13762
 13760
 13756
 13771
 13778
 13767
 13762
 13773
 13759
 13736
 13712
 13666
 13655
 13608
 13591
 13553
 13519
 13473
 13416
 13372
 13349
 13309
 13289
 13251
 13221
 13193
 13181
 13163
 13155
 13151
 13113
 13096
 13058
 13019
 12990
 12951
 12905
 12874
 12815
 12771
 12716
 12676
 12638
 12599
 12577
 12543
 12522
 12511
 12517
 12503
 12481
 12469
 12456
 12446
 12440
 12426
 12405
 12401
 12395
 12387
 12389
 12384
 12377
 12368
 12372
 12367
 12366
 12365
 12360
 12368
 12359
 12365
 12355
 12359
 12359
 12353
 12351
 12362
 12363
 12371
 12362
 12367
 12366
 12357
 12349
 12350
 12351
 12347
 12355
 12346
 12351
 12352
 12356
 12345
 12353
 12347
 12340
 12343
 12337
 12339
 12336
 12319
 12331
 12330
 12317
 12301
 12308
 12309
 12311
 12321
 12316
 12327
 12356
 12373
 12418
 12449
 12482
 12490
 12499
 12500
 12506
 12492
 12524
 12531
 12545
 12580
 12626
 12713
 12732
 12770
 12829
 12896
 12936
 12980
 13041
 13115
 13164
 13234
 13288
 13334
 13389
 13432
 13467
 13532
 13578
 13626
 13705
 13810
 13879
 13967
 14052
 14119
 14191
 14282
 14363
 14430
 14507
 14595
 14680
 14791
 14873
 14949
 15062
 15141
 15260
 15371
 15488
 15594
 15711
 15791
 15868
 15964
 16071
 16161
 16238
 16354
 16459
 16592
 16716
 16822
 16956
 17065
 17195
 17277
 17391
 17504
 17598
 17715
 17841
 17937
 18060
 18203
 18351
 18480
 18639
 18783
 18919
 19037
 19155
 19262
 19391
 19522
 19639
 19771
 19915
 20057
 20192
 20322
 20472
 20603
 20727
 20848
 20969
 21088
 21198
 21333
 21470
 21615
 21754
 21912
 22087
 22233
 22401
 22525
 22641
 22748
 22879
 23013
 23150
 23297
 23460
 23637
 23780
 23946
 24100
 24249
 24390
 24522
 24660
 24809
 24968
 25124
 25261
 25405
 25555
 25716
 25880
 26048
 26221
 26366
 26510
 26634
 26784
 26925
 27088
 27233
 27402
 27568
 27717
 27876
 28059
 28208
 28346
 28488
 28639
 28797
 28940
 29096
 29248
 29402
 29559
 29740
 29927
 30112
 30266
 30415
 30538
 30691
 30851
 30999
 31165
 31318
 31480
 31640
 31820
 31991
 32159
 32307
 32452
 32599
 32749
 32911
 33058
 33217
 33383
 33561
 33737
 33938
 34119
 34277
 34424
 34586
 34725
 34890
 35052
 35224
 35389
 35553
 35726
 35888
 36081
 36223
 36376
 36528
 36688
 36835
 37004
 37172
 37346
 37516
 37678
 37863
 38045
 38222
 38372
 38541
 38687
 38845
 38993
 39153
 39322
 39491
 39666
 39840
 40015
 40200
 40360
 40523
 40680
 40829
 40983
 41160
 41297
 41478
 41654
 41812
 42000
 42192
 42375
 42552
 42707
 42848
 43009
 43158
 43319
 43497
 43669
 43830
 43991
 44149
 44334
 44498
 44678
 44853
 45034
 45190
 45347
 45506
 45651
 45807
 45966
 46114
 46257
 46416
 46576
 46723
 46859
 46983
 47123
 47258
 47409
 47535
 47660
 47788
 47932
 48057
 48192
 48324
 48466
 48606
 48729
 48858
 48991
 49115
 49245
 49383
 49519
 49676
 49838
 50015
 50208
 50387
 50543
 50671
 50803
 50970
 51141
 51223
 51316
 51403
 51487
 51557
 51626
 51691
 51772
 51856
 51937
 52022
 52119
 52195
 52277
 52362
 52439
 52507
 52599
 52738
 52967
 53176
 53251
 53232
 53078
 53089
 53130
 53190
 53243
 53308
 53389
 53447
 53521
 53572
 53612
 53665
 53719
 53770
 53825
 53904
 53965
 54038
 54100
 54188
 54444
 54595
 54481
 54455
 54570
 54574
 54590
 54577
 54610
 54658
 54697
 54738
 54777
 54827
 54860
 54914
 54975
 55056
 55121
 55246
 55368
 55485
 55593
 55711
 55817
 55808
 55771
 55762
 55790
 55807
 55793
 55772
 55751
 55734
 55737
 55744
 55768
 55811
 55841
 55890
 55902
 55939
 55962
 55988
 56007
 56022
 56045
 56068
 56076
 56089
 56107
 56126
 56144
 56156
 56183
 56194
 56209
 56238
 56243
 56258
 56267
 56295
 56315
 56342
 56363
 56377
 56413
 56430
 56453
 56467
 56481
 56493
 56508
 56517
 56528
 56552
 56563
 56565
 56582
 56607
 56630
 56658
 56700
 56836
 57067
 57269
 57884
 68736
 68743
 68750
 65040
 57841
 57544
 57036
 56817
 56698
 56654
 56704
 56949
 57269
 65302
 69465
 71001
 71523
 71843
 72020
 71826
 73246
 73572
 73924
 74033
