So, 16.02.25    14:03:31
828 Combe-6
6		
46.280
0.000
0.000


 13353
 13377
 13422
 13452
 13490
 13543
 13587
 13631
 13670
 13710
 13757
 13807
 13850
 13894
 13951
 14015
 14095
 14168
 14236
 14313
 14377
 14458
 14525
 14615
 14693
 14775
 14854
 14936
 15017
 15092
 15145
 15199
 15281
 15414
 15528
 15620
 15703
 15824
 15907
 15990
 16066
 16142
 16227
 16301
 16402
 16486
 16577
 16670
 16845
 16944
 16985
 17078
 17187
 17299
 17433
 17523
 17610
 17718
 17802
 17909
 18010
 18109
 18201
 18305
 18413
 18546
 18675
 18768
 18888
 19014
 19145
 19269
 19396
 19513
 19634
 19749
 19856
 19948
 20077
 20179
 20300
 20424
 20558
 20677
 20797
 20929
 21070
 21190
 21298
 21434
 21543
 21647
 21769
 21891
 22008
 22162
 22307
 22433
 22559
 22692
 22845
 23000
 23143
 23266
 23382
 23506
 23639
 23765
 23904
 24052
 24192
 24343
 24479
 24625
 24778
 24932
 25075
 25216
 25327
 25436
 25577
 25707
 25849
 25990
 26162
 26297
 26446
 26604
 26766
 26942
 27096
 27224
 27345
 27482
 27618
 27768
 27919
 28081
 28226
 28391
 28549
 28708
 28861
 29020
 29165
 29318
 29453
 29599
 29741
 29895
 30043
 30218
 30363
 30536
 30707
 30883
 31041
 31192
 31331
 31480
 31632
 31787
 31941
 32103
 32268
 32440
 32603
 32753
 32913
 33079
 33224
 33376
 33526
 33679
 33837
 34003
 34167
 34335
 34506
 34690
 34872
 35042
 35216
 35354
 35515
 35668
 35830
 35992
 36148
 36324
 36473
 36651
 36823
 36994
 37165
 37325
 37486
 37641
 37795
 37960
 38130
 38297
 38460
 38655
 38823
 39000
 39173
 39333
 39487
 39654
 39818
 39995
 40173
 40348
 40524
 40701
 40872
 41039
 41214
 41361
 41534
 41704
 41869
 42047
 42233
 42400
 42590
 42770
 42937
 43104
 43255
 43429
 43588
 43754
 43935
 44116
 44299
 44473
 44642
 44818
 44992
 45159
 45309
 45465
 45654
 45858
 46011
 46172
 46334
 46536
 46708
 46841
 46950
 47129
 47279
 47415
 47569
 47724
 47877
 48030
 48186
 48345
 48510
 48657
 48809
 48939
 49064
 49184
 49305
 49427
 49542
 49679
 49819
 49950
 50119
 50271
 50442
 50603
 50740
 50905
 51095
 51375
 51572
 51761
 51932
 52694
 68878
 68883
 68879
 68898
 68901
 68921
 68931
 68931
 68934
 68931
 68918
 68908
 68911
 68893
 68874
 68870
 68853
 68846
 68853
 68852
 68863
 68858
 68866
 68862
 68869
 68860
 68862
 68872
 68863
 68864
 68869
 68870
 68868
 68870
 68872
 68873
 68866
 68873
 68874
 68870
 68873
 43552
  3453
  3376
  3348
  3320
  3259
  3141
  3085
  3025
  2996
  2982
  2959
  2970
  2925
  2803
  2780
  2727
  2733
 58075
 68872
 68868
 68863
 68867
 68868
 68862
 68871
 68873
 68871
 68870
 68860
 68868
 68861
 68858
 68851
 68815
 68774
 68494
 66937
 66349
 66129
 65996
 65941
 66038
 66340
 67016
 67862
 67587
 66806
 66416
 66210
 66107
 66018
 65933
 65894
 65902
 65986
 66170
 66357
 66522
 66670
 66887
 67250
 67803
 68588
 68770
 68809
 68811
 68829
