So, 16.02.25    12:40:32
828 Combe-1
1		
46.280
0.000
0.000


 15366
 15433
 15518
 15592
 15681
 15769
 15859
 15935
 16025
 16091
 16168
 16228
 16312
 16373
 16468
 16557
 16648
 16758
 16849
 16961
 17041
 17142
 17252
 17363
 17463
 17577
 17669
 17783
 17875
 17971
 18060
 18151
 18253
 18359
 18464
 18588
 18689
 18795
 18916
 19032
 19156
 19282
 19393
 19512
 19647
 19757
 19855
 19956
 20060
 20180
 20289
 20401
 20535
 20666
 20784
 20901
 21029
 21164
 21298
 21416
 21550
 21647
 21767
 21884
 22005
 22110
 22243
 22383
 22517
 22659
 22767
 22917
 23065
 23208
 23348
 23478
 23588
 23703
 23823
 23962
 24078
 24221
 24375
 24513
 24669
 24801
 24959
 25101
 25252
 25386
 25501
 25635
 25756
 25896
 26021
 26170
 26298
 26455
 26600
 26749
 26911
 27090
 27249
 27391
 27509
 27642
 27764
 27904
 28045
 28201
 28355
 28502
 28666
 28820
 28977
 29143
 29271
 29419
 29550
 29683
 29834
 29964
 30122
 30292
 30435
 30620
 30781
 30967
 31136
 31289
 31413
 31552
 31690
 31846
 32004
 32169
 32346
 32510
 32670
 32828
 32991
 33141
 33292
 33432
 33587
 33743
 33876
 34036
 34201
 34371
 34546
 34712
 34903
 35082
 35260
 35393
 35538
 35699
 35843
 35993
 36163
 36332
 36512
 36686
 36860
 37036
 37202
 37351
 37494
 37645
 37795
 37949
 38116
 38282
 38471
 38637
 38837
 39025
 39205
 39352
 39495
 39654
 39814
 39981
 40164
 40346
 40527
 40693
 40864
 41041
 41215
 41359
 41511
 41669
 41836
 42016
 42204
 42385
 42565
 42742
 42925
 43102
 43263
 43408
 43580
 43736
 43906
 44077
 44246
 44423
 44603
 44782
 44962
 45153
 45337
 45508
 45673
 45836
 46013
 46155
 46312
 46446
 46604
 46744
 46866
 47024
 47188
 47357
 47522
 47677
 47874
 48076
 48256
 48409
 48564
 48654
 48718
 48811
 48931
 49099
 49341
 49531
 49643
 49724
 49776
 49893
 49999
 50144
 50277
 50395
 50555
 50728
 50908
 51088
 51222
 52005
 68867
 68859
 68871
 68874
 68873
 68874
 68867
 68878
 68881
 68872
 68871
 68875
 68872
 68885
 68894
 68915
 68922
 68944
 68934
 68949
 68936
 68946
 68937
 68932
 68940
 68942
 68917
 68918
 68899
 65323
 63179
 62397
 62219
 62158
 62122
 62051
 61984
 61969
 61927
 61897
 61876
 61865
 61838
 61827
 61829
 61812
 61825
 61867
 61970
 62114
