So, 16.02.25    14:05:36
267 Anochili-6
6		
46.280
0.000
0.000


 10088
 10140
 10187
 10241
 10275
 10317
 10371
 10399
 10471
 10506
 10571
 10658
 10741
 10812
 10893
 10967
 11045
 11104
 11179
 11259
 11351
 11435
 11537
 11639
 11733
 11828
 11920
 12085
 12165
 12260
 12379
 12465
 12560
 12653
 12734
 12829
 12939
 13025
 13123
 13213
 13316
 13441
 13537
 13638
 13756
 13870
 13966
 14119
 14257
 14350
 14441
 14544
 14680
 14831
 14939
 15073
 15173
 15271
 15376
 15505
 15611
 15723
 15841
 15949
 16062
 16149
 16261
 16387
 16511
 16640
 16786
 16911
 17056
 17175
 17293
 17419
 17523
 17630
 17739
 17865
 18001
 18162
 18292
 18416
 18557
 18711
 18867
 19000
 19136
 19254
 19365
 19491
 19631
 19766
 19880
 20031
 20179
 20322
 20448
 20605
 20738
 20889
 21039
 21141
 21264
 21394
 21524
 21658
 21785
 21939
 22082
 22234
 22421
 22550
 22701
 22865
 23028
 23173
 23322
 23468
 23617
 23760
 23913
 24059
 24198
 24332
 24472
 24608
 24774
 24959
 25127
 25289
 25425
 25563
 25682
 25823
 25961
 26100
 26253
 26459
 26611
 26746
 26904
 27061
 27231
 27416
 27563
 27691
 27855
 28056
 28244
 28366
 28497
 28640
 28799
 28963
 29126
 29303
 29475
 29641
 29784
 29934
 30066
 30231
 30382
 30571
 30733
 30889
 31048
 31204
 31376
 31554
 31710
 31887
 32037
 32220
 32376
 32529
 32669
 32823
 32983
 33159
 33333
 33519
 33688
 33858
 34010
 34149
 34307
 34483
 34656
 34831
 34985
 35171
 35348
 35522
 35686
 35858
 36014
 36175
 36343
 36508
 36664
 36824
 37007
 37197
 37388
 37566
 37731
 37889
 38057
 38210
 38371
 38538
 38701
 38872
 39039
 39212
 39411
 39574
 39754
 39939
 40116
 40272
 40448
 40613
 40776
 40950
 41138
 41326
 41500
 41683
 41840
 42005
 42181
 42359
 42540
 42697
 42865
 43030
 43206
 43376
 43565
 43734
 43918
 44083
 44257
 44429
 44592
 44790
 44977
 45188
 45358
 45535
 45714
 45878
 45996
 46106
 46278
 46414
 46554
 46718
 46878
 47046
 47193
 47235
 47277
 47319
 47439
 47651
 47844
 48017
 48222
 48629
 48807
 48919
 48948
 48983
 49110
 49329
 60284
 68815
 68807
 59778
 50241
 50233
 50209
 50278
 50381
 50516
 50654
 50810
 50981
 51155
 51322
 51499
 51694
 51796
 52005
 53169
 68803
 68793
 68785
 68775
 68782
 68777
 68776
 68770
 68776
 68772
 68782
 68785
 68775
 68785
 68780
 68778
 68786
 68785
 68792
 68798
 68804
 68811
 68821
 68817
 68812
 68805
 68809
 68816
 68802
 68805
 68807
 68802
 68809
 68807
 68812
 68798
 68810
 68804
 68811
 68800
 68795
 68801
 68794
 68777
 68772
 68763
 68712
 68675
 68626
 68581
     0
