So, 16.02.25    12:37:05
267 Anochili-1
1		
46.280
0.000
0.000


 10893
 10992
 11024
 11068
 11138
 11170
 11238
 11293
 11361
 11442
 11499
 11549
 11622
 11696
 11756
 11811
 11893
 11958
 12058
 12158
 12255
 12336
 12443
 12525
 12605
 12680
 12780
 12867
 12952
 13039
 13128
 13196
 13277
 13366
 13470
 13555
 13669
 13777
 13884
 13987
 14097
 14193
 14295
 14361
 14458
 14559
 14659
 14763
 14894
 15031
 15161
 15252
 15346
 15460
 15580
 15703
 15844
 15948
 16055
 16143
 16266
 16370
 16495
 16605
 16715
 16841
 16933
 17062
 17166
 17303
 17433
 17568
 17668
 17790
 17905
 18030
 18155
 18270
 18394
 18525
 18661
 18771
 18921
 19023
 19162
 19326
 19463
 19603
 19748
 19872
 20013
 20137
 20263
 20395
 20522
 20651
 20794
 20924
 21055
 21174
 21310
 21463
 21610
 21749
 21870
 22001
 22139
 22261
 22403
 22534
 22662
 22808
 22959
 23090
 23247
 23427
 23583
 23719
 23869
 24020
 24157
 24296
 24444
 24582
 24726
 24881
 25027
 25184
 25348
 25499
 25638
 25793
 25939
 26074
 26214
 26350
 26500
 26643
 26795
 26966
 27135
 27289
 27464
 27613
 27762
 27895
 28053
 28187
 28330
 28476
 28643
 28801
 28965
 29139
 29315
 29473
 29632
 29783
 29929
 30098
 30243
 30394
 30555
 30736
 30904
 31077
 31238
 31405
 31554
 31721
 31881
 32040
 32193
 32353
 32508
 32652
 32818
 32980
 33156
 33323
 33509
 33663
 33816
 33973
 34121
 34281
 34445
 34610
 34793
 34985
 35170
 35336
 35503
 35670
 35822
 35993
 36155
 36303
 36459
 36633
 36802
 36981
 37171
 37361
 37530
 37691
 37851
 38004
 38156
 38325
 38503
 38691
 38879
 39045
 39229
 39398
 39568
 39742
 39905
 40086
 40259
 40422
 40605
 40773
 40957
 41148
 41323
 41477
 41647
 41809
 41980
 42146
 42321
 42502
 42661
 42843
 43017
 43197
 43374
 43548
 43721
 43898
 44062
 44233
 44403
 44583
 44782
 44979
 45176
 45344
 45506
 45660
 45822
 45951
 46068
 46195
 46332
 46481
 46642
 46823
 47045
 47404
 47595
 47714
 47295
 47388
 47621
 47917
 48101
 48191
 48506
 48760
 48888
 55855
 68822
 68815
 68806
 68803
 68809
 65960
 50240
 50248
 50175
 50165
 50245
 50364
 50510
 50671
 50903
 51079
 51214
 51351
 51463
 51609
 51757
 65628
 68855
 68803
 68805
 68807
 68801
 68808
 68805
 68805
 68804
 68806
 68802
 68799
 68805
 68800
 68800
 68816
 68810
 68816
 68815
 68836
 68836
 68834
 68829
 68817
 68822
 68798
 68770
 68757
 68714
 68300
 55461
 62861
 55037
 55111
 55146
 55238
 55377
 55492
 55681
 55693
 62495
 68356
 68258
 68222
 68207
 68210
 68213
 68181
 68167
 68140
 68122
 68135
 68147
 68141
 68131
 68104
 68108
 68112
 68128
 68143
 68168
 58505
 53272
 53286
 53334
 53367
 53398
 53411
 53434
 53467
 53496
 53514
 53530
 53535
 53561
 53509
 53505
 53507
 53460
 53537
 53526
 53573
 53599
 53574
 53571
 53568
 53585
 53564
 53562
 53590
 53621
 53639
 53666
 53660
 53673
 53674
 53814
 53692
 53703
 53718
 53730
 53719
 53745
 53730
 53733
 53739
 53750
 53743
 53730
 53742
 53722
 53718
 53720
 53727
 53723
 53717
 53704
 53698
 53696
 53690
 53687
 53679
 53667
 53663
 53657
 53633
 53630
 53633
 53604
 53612
 53606
 53590
 53575
 53581
 53523
 53497
 59159
 69198
 72169
 71061
 71476
 72174
 73007
 73784
 74237
 77130
 78256
 78268
 78271
 78183
 78649
 79334
 79425
 79364
 79311
 79402
 79325
 79376
 79360
 79288
 79328
 78734
 78249
 78188
 78193
 78173
 78185
 78174
 78159
 78180
 78155
 78146
 78138
 78157
 78142
 78152
 78144
 78141
 78141
 78133
 78149
 78131
 78154
 78141
 78143
 78152
