So, 16.02.25    13:15:13
205 Siedler-2
2		
46.280
0.000
0.000


 20827
 20889
 20937
 21003
 21076
 21147
 21216
 21283
 21382
 21479
 21557
 21651
 21741
 21813
 21881
 21967
 22046
 22128
 22216
 22317
 22411
 22499
 22614
 22716
 22825
 22930
 23028
 23118
 23205
 23294
 23392
 23491
 23602
 23711
 23833
 23944
 24076
 24192
 24320
 24448
 24574
 24671
 24784
 24889
 25005
 25103
 25230
 25351
 25474
 25602
 25718
 25847
 25968
 26099
 26221
 26338
 26451
 26571
 26690
 26806
 26923
 27053
 27185
 27317
 27460
 27603
 27737
 27868
 28002
 28104
 28220
 28358
 28485
 28628
 28777
 28923
 29083
 29208
 29361
 29513
 29664
 29793
 29935
 30055
 30217
 30355
 30487
 30634
 30776
 30922
 31078
 31208
 31369
 31509
 31696
 31867
 32003
 32122
 32242
 32354
 32519
 32657
 32802
 32953
 33101
 33247
 33393
 33537
 33701
 33820
 33979
 34119
 34262
 34426
 34573
 34744
 34927
 35088
 35241
 35376
 35521
 35665
 35817
 35963
 36124
 36279
 36443
 36597
 36766
 36935
 37098
 37253
 37398
 37542
 37692
 37851
 37993
 38156
 38304
 38472
 38654
 38829
 38992
 39153
 39300
 39444
 39597
 39747
 39902
 40072
 40248
 40405
 40572
 40749
 40917
 41082
 41235
 41390
 41554
 41706
 41870
 42027
 42197
 42360
 42543
 42714
 42886
 43057
 43211
 43355
 43515
 43678
 43830
 43972
 44134
 44311
 44472
 44640
 44828
 44997
 45169
 45299
 45411
 45629
 45803
 45946
 46117
 46269
 46437
 46605
 46728
 46849
 46965
 47133
 47286
 47451
 47593
 47742
 47889
 48028
 48187
 48346
 48506
 48663
 48819
 48978
 49103
 49213
 49316
 49429
 49528
 49656
 49810
 49971
 50117
 50267
 50413
 50588
 50763
 50995
 51249
 51358
 63608
 68783
 68779
 68791
 68804
 68817
 68813
 68833
 68842
 68513
 68162
 68203
 68322
 68374
 68386
 68374
 68361
 68368
 68357
 68368
 68366
 68378
 68379
 68388
 68407
 68413
 68416
 68426
 68424
 68425
 68422
 68430
 68435
 68439
 68439
 68426
 68435
 68434
 68423
 68425
 68442
 68431
 68445
 68437
 68441
 68438
 68441
 68447
 68452
 68446
