So, 16.02.25    13:55:18
828 Combe-5
5		
46.280
0.000
0.000


 16551
 16633
 16723
 16836
 16932
 17031
 17142
 17239
 17361
 17464
 17563
 17670
 17759
 17875
 17960
 18066
 18151
 18245
 18346
 18451
 18581
 18683
 18788
 18917
 19042
 19160
 19295
 19412
 19523
 19653
 19769
 19873
 19982
 20108
 20212
 20313
 20438
 20557
 20676
 20818
 20935
 21077
 21200
 21313
 21442
 21553
 21673
 21791
 21919
 22041
 22167
 22300
 22434
 22546
 22682
 22826
 22975
 23121
 23252
 23389
 23512
 23634
 23770
 23887
 24023
 24152
 24286
 24423
 24553
 24704
 24845
 24995
 25148
 25296
 25427
 25573
 25696
 25824
 25967
 26093
 26241
 26357
 26510
 26652
 26812
 26975
 27137
 27287
 27440
 27579
 27723
 27843
 27991
 28135
 28276
 28424
 28572
 28724
 28885
 29040
 29197
 29349
 29494
 29628
 29771
 29925
 30064
 30243
 30375
 30528
 30702
 30857
 31033
 31205
 31348
 31493
 31648
 31795
 31936
 32092
 32261
 32411
 32570
 32726
 32881
 33042
 33201
 33345
 33521
 33673
 33823
 33983
 34147
 34291
 34453
 34614
 34797
 34982
 35168
 35339
 35497
 35652
 35802
 35958
 36111
 36275
 36427
 36585
 36750
 36923
 37092
 37244
 37418
 37579
 37728
 37885
 38047
 38207
 38363
 38549
 38716
 38898
 39077
 39243
 39405
 39567
 39725
 39899
 40063
 40230
 40407
 40585
 40751
 40926
 41095
 41257
 41411
 41609
 41769
 41955
 42134
 42311
 42482
 42658
 42840
 43013
 43192
 43365
 43530
 43702
 43836
 44007
 44196
 44367
 44531
 44690
 44836
 44992
 45091
 45183
 45401
 45695
 45866
 46034
 46170
 46301
 46518
 46718
 46884
 47006
 47141
 47289
 47437
 47573
 47726
 47870
 48014
 48166
 48307
 48470
 48618
 48771
 48922
 49067
 49202
 49334
 49467
 49600
 49738
 49874
 49989
 50136
 50279
 50453
 50607
 50732
 50880
 51036
 51228
 51498
 51708
 51836
 51986
 52076
 52093
 68991
 68983
 68995
 69011
 69021
 69041
 69026
 69032
 69032
 69030
 69030
 69025
 69016
 69008
 69006
 68990
 68994
 68992
 68998
 68995
 69008
 69008
 69006
 68993
 69006
 69000
 68999
 69004
 69009
 69008
 69013
 68994
 68998
 68998
 68989
 68998
 69000
 69003
 68999
 69008
 69000
 68999
 69004
 69002
 68997
 69010
 68993
 68993
 68995
 69006
