So, 16.02.25    12:37:46
288 Opitz-1
1		
46.280
0.000
0.000


 17455
 17538
 17617
 17706
 17788
 17875
 17986
 18101
 18196
 18274
 18353
 18479
 18576
 18690
 18786
 18902
 19008
 19100
 19190
 19277
 19369
 19461
 19585
 19689
 19823
 19937
 20081
 20215
 20330
 20431
 20549
 20664
 20775
 20871
 21003
 21120
 21228
 21345
 21491
 21618
 21755
 21903
 22016
 22129
 22255
 22353
 22492
 22600
 22720
 22846
 22981
 23114
 23265
 23429
 23571
 23694
 23823
 23945
 24065
 24204
 24337
 24492
 24642
 24802
 24937
 25081
 25238
 25380
 25520
 25662
 25799
 25939
 26079
 26220
 26336
 26478
 26622
 26773
 26943
 27108
 27269
 27416
 27540
 27670
 27798
 27937
 28088
 28247
 28410
 28574
 28727
 28893
 29049
 29198
 29343
 29489
 29646
 29787
 29948
 30086
 30244
 30401
 30558
 30738
 30917
 31067
 31216
 31338
 31498
 31644
 31800
 31972
 32158
 32307
 32474
 32627
 32785
 32936
 33099
 33253
 33406
 33562
 33710
 33859
 34019
 34181
 34357
 34537
 34716
 34885
 35040
 35201
 35336
 35492
 35670
 35843
 36008
 36186
 36332
 36501
 36665
 36835
 37004
 37181
 37345
 37490
 37653
 37797
 37949
 38115
 38293
 38482
 38667
 38840
 39009
 39156
 39303
 39466
 39643
 39824
 39999
 40188
 40343
 40515
 40696
 40859
 41034
 41210
 41356
 41528
 41698
 41858
 42027
 42215
 42397
 42579
 42749
 42919
 43077
 43235
 43402
 43573
 43742
 43929
 44086
 44236
 44399
 44583
 44743
 44905
 45018
 45174
 45388
 45567
 45724
 45891
 46061
 46219
 46341
 46464
 46589
 46733
 46882
 47021
 47159
 47319
 47455
 47622
 47771
 47937
 48119
 48247
 48408
 48593
 48892
 49204
 49220
 49367
 56988
 49806
 49944
 50304
 50076
 50010
 49928
 49988
 50113
 50284
 50439
 50642
 50836
 50992
 51105
 60004
 68848
 68844
 68847
 68846
 68845
 68841
 68858
 68842
 68857
 68857
 68865
 68866
 68872
 68889
 68908
 68914
 68919
 68918
 68932
 68925
 68915
 68930
 68936
 68925
 68925
 68927
 68917
 68912
 68906
 68922
 68934
 68932
 68926
 68920
 68921
 68922
 68908
 68908
 68915
 68915
 68901
 68908
 68902
 68903
 68881
 68885
 68887
 68890
 68888
