So, 16.02.25    13:35:28
813 Sohn-3
3		
46.280
0.000
0.000


  8539
  8558
  8585
  8611
  8658
  8676
  8712
  8707
  8699
  8723
  8749
  8791
  8826
  8860
  8908
  8970
  9006
  9047
  9115
  9170
  9233
  9295
  9354
  9425
  9500
  9570
  9639
  9708
  9766
  9840
  9919
  9980
 10040
 10120
 10169
 10260
 10342
 10422
 10503
 10587
 10685
 10769
 10874
 10940
 11045
 11104
 11166
 11253
 11355
 11434
 11531
 11645
 11762
 11874
 11993
 12119
 12249
 12376
 12492
 12589
 12685
 12800
 12893
 12994
 13119
 13230
 13348
 13458
 13594
 13706
 13837
 13963
 14095
 14219
 14343
 14445
 14558
 14668
 14787
 14894
 15029
 15149
 15289
 15431
 15562
 15700
 15850
 15986
 16112
 16226
 16321
 16482
 16583
 16720
 16854
 16995
 17126
 17279
 17441
 17579
 17720
 17891
 18046
 18167
 18320
 18462
 18601
 18738
 18845
 18985
 19151
 19286
 19422
 19595
 19747
 19918
 20091
 20236
 20376
 20515
 20653
 20796
 20939
 21075
 21220
 21365
 21528
 21676
 21846
 22019
 22198
 22356
 22500
 22644
 22787
 22950
 23078
 23220
 23375
 23506
 23682
 23853
 24007
 24180
 24367
 24536
 24701
 24859
 25008
 25163
 25301
 25456
 25626
 25779
 25962
 26129
 26273
 26454
 26636
 26804
 26966
 27115
 27288
 27450
 27602
 27752
 27920
 28077
 28221
 28383
 28569
 28750
 28953
 29120
 29269
 29426
 29576
 29731
 29890
 30057
 30238
 30404
 30580
 30764
 30935
 31112
 31292
 31449
 31610
 31780
 31949
 32111
 32279
 32451
 32621
 32768
 32931
 33122
 33303
 33498
 33674
 33847
 34006
 34168
 34326
 34495
 34667
 34841
 35023
 35213
 35394
 35575
 35761
 35938
 36109
 36251
 36426
 36601
 36764
 36938
 37106
 37279
 37447
 37641
 37833
 38031
 38198
 38365
 38537
 38709
 38883
 39054
 39228
 39399
 39586
 39764
 39967
 40159
 40333
 40513
 40683
 40854
 41030
 41203
 41351
 41527
 41706
 41899
 42093
 42282
 42480
 42655
 42807
 42979
 43144
 43306
 43496
 43680
 43857
 44011
 44185
 44360
 44542
 44730
 44907
 45094
 45268
 45431
 45602
 45758
 45916
 46076
 46218
 46350
 46474
 46610
 46759
 46938
 47105
 47117
 47017
 47382
 47627
 47845
 48015
 48158
 48236
 48318
 48416
 48682
 49055
 49305
 49633
 49734
 49810
 49811
 49764
 49835
 49941
 50052
 50180
 50316
 50474
 50646
 50790
 50959
 51066
 60204
 68754
 68755
 68764
 68778
 68802
 68828
 68847
 68876
 68910
 68940
 68946
 68966
 68964
 68982
 68983
 68981
 68993
 68995
 68986
 68984
 68980
 68978
 68977
 68979
 59540
 54376
 54370
 54418
 54538
 54803
 54926
 55019
 55249
 55375
 55552
 55651
 55767
 55801
 55787
 55787
 58340
 67316
 68973
 68960
 68969
 68974
 68965
 68973
 68964
 68974
 68971
 68970
 68967
 68968
 68969
 68975
 68967
 68971
 68968
 68978
 68968
 68977
 68968
 68968
 68968
 68967
 68975
 68963
 68981
 68975
 68968
 68975
 68970
 68975
 68969
 68970
 68973
 68970
 68967
 68970
 68978
 68980
 68977
 68956
 68971
 68969
 68969
 68966
 68968
 68971
