So, 16.02.25    13:52:46
585 Götze-5
5		
46.280
0.000
0.000


 10921
 10956
 11024
 11070
 11119
 11166
 11228
 11281
 11341
 11407
 11465
 11505
 11580
 11639
 11708
 11761
 11833
 11904
 11977
 12043
 12136
 12192
 12250
 12316
 12371
 12424
 12485
 12567
 12635
 12739
 12826
 12938
 13025
 13099
 13201
 13275
 13380
 13484
 13578
 13688
 13777
 13857
 13951
 14054
 14151
 14253
 14373
 14487
 14600
 14714
 14796
 14921
 14998
 15112
 15204
 15302
 15381
 15484
 15576
 15679
 15789
 15925
 16062
 16173
 16243
 16344
 16466
 16592
 16719
 16823
 16930
 17046
 17166
 17297
 17427
 17554
 17652
 17769
 17891
 18031
 18169
 18307
 18457
 18578
 18699
 18808
 18918
 19026
 19127
 19265
 19394
 19532
 19681
 19795
 19936
 20067
 20202
 20327
 20464
 20593
 20705
 20833
 20949
 21068
 21188
 21333
 21471
 21612
 21770
 21939
 22090
 22242
 22369
 22500
 22604
 22729
 22861
 22990
 23123
 23274
 23429
 23577
 23724
 23869
 24008
 24155
 24281
 24401
 24552
 24694
 24834
 24981
 25149
 25288
 25453
 25617
 25798
 25941
 26077
 26207
 26319
 26435
 26580
 26721
 26881
 27048
 27187
 27360
 27511
 27674
 27830
 27982
 28103
 28246
 28394
 28546
 28686
 28837
 29011
 29160
 29324
 29506
 29676
 29848
 29996
 30136
 30273
 30412
 30552
 30718
 30874
 31019
 31195
 31353
 31526
 31672
 31842
 31988
 32138
 32286
 32434
 32592
 32733
 32889
 33065
 33222
 33405
 33601
 33761
 33898
 34052
 34194
 34331
 34488
 34649
 34827
 34999
 35182
 35345
 35515
 35695
 35838
 35983
 36143
 36287
 36449
 36613
 36791
 36951
 37123
 37316
 37507
 37674
 37831
 37985
 38124
 38273
 38436
 38613
 38765
 38943
 39119
 39287
 39465
 39638
 39796
 39948
 40111
 40274
 40438
 40608
 40775
 40952
 41140
 41312
 41486
 41643
 41792
 41963
 42112
 42290
 42452
 42630
 42787
 42957
 43124
 43289
 43443
 43605
 43766
 43918
 44091
 44260
 44434
 44599
 44796
 44994
 45179
 45347
 45506
 45664
 45836
 45976
 46124
 46251
 46378
 46490
 46624
 46784
 46952
 47129
 47285
 47258
 47560
 47900
 48055
 48201
 48347
 48464
 48590
 48708
 48839
 48964
 49091
 49217
 49347
 49464
 49572
 49677
 49803
 49897
 50010
 50119
 50239
 50366
 50512
 50680
 50857
 51021
 51275
 51492
 54606
 68863
 68847
 68842
 68838
 68848
 68859
 68868
 68878
 68878
 68888
 68892
 68906
 68896
 68896
 68901
 68900
 68899
 68915
 68929
 68939
 68944
 68950
 68973
 68979
 68988
 68993
 69010
 69012
 69016
 69008
 69013
 69005
 69006
 69010
 69000
 68994
 69004
 68989
 68995
 68990
 68992
 68977
 68973
 68970
 68976
 68966
 68968
 68936
 68914
 68898
