So, 16.02.25    13:32:31
205 Siedler-3
3		
46.280
0.000
0.000


 20680
 20739
 20791
 20854
 20897
 20952
 21021
 21077
 21143
 21191
 21263
 21341
 21419
 21518
 21597
 21669
 21769
 21856
 21933
 21992
 22076
 22163
 22248
 22337
 22421
 22526
 22617
 22709
 22800
 22919
 23015
 23115
 23214
 23309
 23398
 23485
 23591
 23700
 23805
 23903
 24014
 24142
 24251
 24369
 24491
 24599
 24703
 24803
 24903
 25024
 25139
 25252
 25367
 25498
 25623
 25739
 25874
 25992
 26115
 26220
 26340
 26438
 26564
 26672
 26798
 26936
 27058
 27200
 27339
 27491
 27625
 27739
 27857
 27976
 28088
 28222
 28335
 28487
 28619
 28779
 28928
 29061
 29209
 29364
 29487
 29613
 29754
 29877
 30017
 30140
 30275
 30412
 30558
 30715
 30861
 31014
 31168
 31295
 31421
 31562
 31697
 31829
 31977
 32126
 32274
 32429
 32567
 32723
 32877
 33027
 33162
 33304
 33445
 33582
 33733
 33867
 34012
 34165
 34330
 34500
 34660
 34831
 34992
 35126
 35272
 35416
 35558
 35701
 35852
 36015
 36159
 36314
 36477
 36643
 36811
 36960
 37106
 37259
 37416
 37551
 37701
 37829
 38000
 38159
 38322
 38500
 38679
 38829
 38982
 39120
 39275
 39410
 39568
 39734
 39898
 40084
 40245
 40410
 40579
 40751
 40903
 41056
 41202
 41350
 41513
 41660
 41831
 41996
 42180
 42365
 42532
 42694
 42845
 43001
 43148
 43297
 43455
 43604
 43757
 43931
 44103
 44272
 44421
 44599
 44765
 44917
 45021
 45159
 45379
 45558
 45729
 45872
 46042
 46202
 46354
 46485
 46590
 46725
 46886
 47028
 47192
 47327
 47474
 47624
 47767
 47913
 48068
 48224
 48368
 48544
 48678
 48806
 48937
 49041
 49152
 49254
 49379
 49508
 49631
 49776
 49950
 50127
 50299
 50461
 50637
 50895
 51099
 54668
 68856
 68844
 68850
 68846
 68850
 68861
 68861
 68873
 68877
 68889
 68887
 68907
 68918
 68916
 68918
 68931
 68934
 68936
 68937
 68936
 68936
 68933
 68933
 68938
 68937
 68937
 68930
 68917
 68926
 68935
 68932
 68912
 68909
 65078
 63402
 63030
 63005
 63435
 65368
 68891
 68905
 68909
 68920
 68920
 68921
 68922
 68924
 68924
 68924
 68929
