So, 16.02.25    13:21:36
79 Loewenthal-3
3		
46.280
0.000
0.000


 13172
 13216
 13244
 13294
 13263
 13322
 13333
 13373
 13413
 13460
 13489
 13520
 13558
 13595
 13646
 13684
 13734
 13795
 13880
 13940
 14024
 14110
 14181
 14266
 14360
 14457
 14523
 14597
 14660
 14715
 14781
 14860
 14905
 14989
 15037
 15121
 15219
 15301
 15378
 15473
 15579
 15655
 15741
 15828
 15907
 15984
 16070
 16140
 16236
 16316
 16412
 16517
 16616
 16716
 16832
 16949
 17073
 17199
 17312
 17421
 17499
 17599
 17681
 17764
 17892
 17996
 18110
 18247
 18356
 18491
 18612
 18738
 18857
 18994
 19126
 19217
 19331
 19456
 19557
 19694
 19813
 19935
 20063
 20182
 20308
 20453
 20590
 20729
 20878
 21012
 21112
 21208
 21323
 21452
 21581
 21721
 21868
 22008
 22165
 22314
 22456
 22591
 22721
 22878
 22994
 23126
 23268
 23396
 23546
 23678
 23819
 23985
 24116
 24278
 24432
 24601
 24757
 24908
 25041
 25165
 25302
 25441
 25598
 25735
 25899
 26062
 26212
 26356
 26512
 26669
 26823
 26981
 27114
 27277
 27431
 27575
 27723
 27874
 28034
 28181
 28359
 28545
 28723
 28886
 29024
 29165
 29300
 29446
 29597
 29764
 29934
 30116
 30275
 30436
 30591
 30756
 30922
 31075
 31212
 31380
 31536
 31705
 31858
 32034
 32209
 32379
 32558
 32732
 32905
 33061
 33208
 33352
 33496
 33651
 33823
 33993
 34162
 34333
 34511
 34669
 34843
 35024
 35179
 35330
 35495
 35645
 35818
 35989
 36153
 36318
 36512
 36693
 36885
 37061
 37227
 37369
 37531
 37686
 37832
 37990
 38165
 38346
 38522
 38694
 38860
 39035
 39192
 39365
 39520
 39670
 39846
 40022
 40208
 40377
 40573
 40762
 40936
 41119
 41272
 41423
 41590
 41762
 41931
 42101
 42274
 42455
 42609
 42792
 42951
 43124
 43283
 43441
 43603
 43769
 43954
 44119
 44285
 44462
 44656
 44832
 45026
 45211
 45364
 45526
 45683
 45849
 45997
 46151
 46289
 46452
 46613
 46756
 46895
 47042
 47193
 47347
 47508
 47663
 47814
 48007
 48095
 48347
 48391
 48417
 48728
 48837
 48955
 49044
 49136
 49234
 49363
 49502
 49650
 49802
 49967
 50130
 50299
 50481
 50648
 50838
 51150
 51338
 51433
 51572
 51672
 51813
 51838
 63254
 68825
 68821
 68828
 68830
 68829
 68833
 68831
 68828
 68830
 68827
 68836
 68832
 68833
 68825
 68827
 68822
 68826
 68831
 68836
 68844
 68854
 68872
 68867
 68884
 68923
 68812
 68276
 68037
 68039
 68193
 67991
 68613
 68743
 68743
 68659
 68416
 68150
 68047
 68057
 68063
 68091
 68103
 68089
 68083
 68092
 68096
 68098
 68109
 68099
