So, 16.02.25    13:08:00
814 Schinko-2
2		
46.280
0.000
0.000


 12196
 12199
 12205
 12210
 12226
 12215
 12209
 12221
 12225
 12234
 12234
 12223
 12236
 12249
 12239
 12245
 12241
 12255
 12253
 12252
 12251
 12255
 12264
 12257
 12263
 12252
 12253
 12253
 12261
 12256
 12267
 12257
 12254
 12264
 12259
 12256
 12263
 12264
 12263
 12266
 12270
 12261
 12250
 12254
 12259
 12255
 12265
 12270
 12273
 12274
 12281
 12276
 12272
 12273
 12270
 12278
 12270
 12285
 12287
 12280
 12289
 12278
 12262
 12290
 12297
 12281
 12283
 12281
 12286
 12295
 12289
 12291
 12289
 12284
 12296
 12283
 12287
 12291
 12293
 12299
 12295
 12279
 12291
 12291
 12294
 12280
 12304
 12289
 12283
 12282
 12287
 12287
 12300
 12281
 12289
 12290
 12292
 12288
 12278
 12270
 12269
 12283
 12278
 12277
 12278
 12269
 12270
 12269
 12274
 12265
 12267
 12273
 12278
 12259
 12267
 12269
 12268
 12266
 12267
 12274
 12274
 12267
 12267
 12260
 12256
 12267
 12266
 12259
 12269
 12270
 12269
 12271
 12271
 12263
 12261
 12262
 12257
 12264
 12264
 12257
 12264
 12264
 12248
 12277
 12263
 12257
 12262
 12261
 12261
 12254
 12260
 12267
 12254
 12267
 12251
 12258
 12259
 12242
 12257
 12269
 12256
 12250
 12269
 12252
 12268
 12269
 12262
 12254
 12253
 12242
 12268
 12259
 12249
 12251
 12243
 12246
 12239
 12263
 12243
 12254
 12247
 12239
 12239
 12235
 12243
 12238
 12235
 12016
  9997
  9167
  9014
  8995
  8998
  9000
  9008
  9011
  9022
  9037
  9059
  9067
  9067
  9083
  9109
  9168
  9196
  9231
  9286
  9835
 10751
 11598
 12171
 12231
 12218
 12209
 12208
 12196
 12198
 12205
 12188
 12159
 12167
 12164
 12138
 12134
 12141
 12150
 12143
 12146
 12140
 12140
 12128
 12120
 12115
 12100
 12089
 12089
 12075
 12055
 12041
 12033
 12017
 11990
 11968
 11950
 11934
 11903
 11888
 11867
 11850
 11817
 11814
 11792
 11775
 11759
 11764
 11749
 11743
 11738
 11734
 11730
 11728
 11718
 11721
 11712
 11733
 11731
 11724
 11736
 11724
 11726
 11716
 11721
 11729
 11727
 11739
 11740
 11756
 11778
 11756
 11785
 11800
 11813
 11824
 11835
 11844
 11854
 11889
 11915
 11943
 11953
 11992
 12031
 12087
 12136
 12204
 12289
 12348
 12389
 12444
 12489
 12567
 12624
 12678
 12761
 12820
 12884
 12941
 13000
 13050
 13120
 13180
 13260
 13328
 13408
 13499
 13579
 13672
 13752
 13828
 13911
 13989
 14068
 14157
 14257
 14329
 14445
 14574
 14723
 14766
 14852
 14952
 15039
 15128
 15233
 15355
 15460
 15539
 15606
 15700
 15803
 15901
 16007
 16082
 16187
 16265
 16375
 16484
 16600
 16725
 16846
 16976
 17073
 17179
 17290
 17405
 17500
 17604
 17723
 17850
 17978
 18085
 18221
 18361
 18494
 18642
 18758
 18876
 18993
 19094
 19201
 19327
 19453
 19556
 19700
 19835
 19967
 20116
 20227
 20383
 20500
 20645
 20752
 20853
 20981
 21111
 21235
 21375
 21513
 21669
 21800
 21962
 22107
 22258
 22397
 22520
 22637
 22758
 22884
 23019
 23150
 23278
 23419
 23564
 23720
 23862
 24041
 24184
 24347
 24470
 24604
 24729
 24868
 25021
 25188
 25330
 25495
 25650
 25797
 25965
 26132
 26255
 26396
 26535
 26668
 26811
 26967
 27117
 27270
 27425
 27579
 27740
 27896
 28055
 28194
 28348
 28486
 28649
 28805
 28968
 29118
 29278
 29433
 29600
 29768
 29935
 30100
 30252
 30395
 30561
 30715
 30875
 31027
 31159
 31314
 31492
 31665
 31841
 31991
 32133
 32289
 32436
 32594
 32750
 32921
 33088
 33246
 33421
 33590
 33752
 33901
 34048
 34216
 34376
 34535
 34709
 34865
 35033
 35217
 35384
 35563
 35721
 35864
 36019
 36174
 36340
 36516
 36701
 36860
 37025
 37224
 37371
 37538
 37681
 37834
 37998
 38170
 38313
 38491
 38657
 38827
 39004
 39188
 39347
 39504
 39672
 39828
 39993
 40169
 40347
 40507
 40688
 40859
 41034
 41177
 41324
 41475
 41647
 41820
 41976
 42143
 42311
 42485
 42666
 42838
 43004
 43171
 43321
 43494
 43661
 43830
 44009
 44173
 44351
 44515
 44691
 44854
 45056
 45208
 45291
 45346
 45568
 45814
 45960
 46155
 46264
 46338
 46565
 46724
 46841
 47006
 47142
 47258
 47394
 47519
 47661
 47804
 47935
 48078
 48226
 48373
 48529
 48662
 48809
 48949
 49098
 49245
 49393
 49555
 49734
 49919
 50133
 50268
 50410
 50544
 50633
 50795
 50961
 51147
 51282
 51418
 51573
 51739
 51947
 52117
 55130
 68950
 68977
 68971
 68987
 68975
 68994
 68973
 68972
 68963
 68962
 68957
 55119
 53661
 53978
 53848
 54015
 66907
 68793
 68811
 68853
 68838
 68828
 61592
 55303
 55165
 55389
 55473
 55590
 55928
 56612
 56604
 56607
 56606
 56580
 56585
 56584
 56618
 56681
 56757
 56853
 56959
 57055
 57148
 57239
 57316
 57413
 57522
 57622
 57732
 57822
 57932
 58033
 58137
 58243
 58346
 58459
 58557
 58682
 58809
 59029
 59237
 59392
 59522
 59685
 59844
 60048
 60300
 60572
 60759
 60831
 60884
 60842
 60911
 60959
 61126
 61363
 61648
 61798
 66617
