So, 16.02.25    13:45:57
350 Waldkirch-4
4		
46.280
0.000
0.000


  8167
  8209
  8271
  8299
  8381
  8440
  8517
  8577
  8644
  8715
  8795
  8856
  8917
  8970
  9020
  9100
  9163
  9242
  9324
  9423
  9517
  9597
  9698
  9781
  9843
  9942
 10029
 10112
 10146
  7321
  6033
  5626
  5234
  5090
  5030
  4997
  4992
  4967
  4954
  4934
  4947
  4945
  4882
  4816
  4733
  4738
  4781
  4704
  5533
  5909
  9847
 12352
 12473
 12567
 12665
 12770
 12896
 13023
 13157
 13291
 13419
 13537
 13678
 13790
 13903
 14017
 14126
 14220
 14336
 14451
 14558
 14683
 14809
 14936
 15092
 15216
 15359
 15509
 15644
 15751
 15886
 15973
 16081
 16191
 16302
 16418
 16559
 16701
 16865
 17016
 17142
 17306
 17442
 17598
 17720
 17844
 17975
 18091
 18226
 18350
 18496
 18634
 18772
 18933
 19076
 19212
 19366
 19509
 19654
 19784
 19914
 20049
 20186
 20301
 20470
 20616
 20764
 20903
 21063
 21222
 21382
 21520
 21678
 21805
 21940
 22112
 22255
 22425
 22571
 22716
 22874
 23029
 23194
 23338
 23497
 23637
 23780
 23919
 24072
 24240
 24408
 24572
 24740
 24910
 25095
 25244
 25380
 25524
 25666
 25839
 25995
 26164
 26326
 26502
 26656
 26828
 26991
 27137
 27292
 27430
 27595
 27739
 27916
 28101
 28267
 28469
 28653
 28812
 28960
 29106
 29235
 29405
 29583
 29769
 29963
 30142
 30298
 30481
 30638
 30790
 30942
 31087
 31245
 31405
 31588
 31785
 31968
 32160
 32335
 32522
 32676
 32810
 32976
 33130
 33298
 33501
 33689
 33876
 34058
 34227
 34396
 34549
 34724
 34890
 35059
 35221
 35407
 35586
 35778
 35967
 36151
 36343
 36518
 36659
 36827
 36995
 37182
 37378
 37551
 37737
 37927
 38090
 38264
 38449
 38616
 38804
 38958
 39133
 39306
 39486
 39664
 39852
 40044
 40246
 40423
 40620
 40796
 40965
 41123
 41304
 41481
 41676
 41860
 42033
 42223
 42402
 42583
 42751
 42916
 43082
 43230
 43428
 43603
 43778
 43962
 44133
 44324
 44508
 44713
 44892
 45079
 45268
 45422
 45599
 45769
 45932
 46111
 46259
 46420
 46552
 46708
 46860
 47034
 47208
 47213
 47333
 47746
 47948
 48126
 48282
 48436
 48590
 48733
 48901
 49031
 49171
 49320
 49435
 49537
 49614
 49725
 49866
 50013
 50165
 50325
 50507
 50670
 50834
 50994
 51178
 51437
 51678
 51746
 52665
 68985
 68972
 68977
 68993
 68999
 69009
 69022
 69023
 69018
 69022
 69005
 69001
 69001
 69010
 69008
 69008
 69006
 69004
 69001
 69013
 68988
 68974
 68955
 68926
 68898
 68867
 68851
 68855
 68865
 68861
 68841
 68822
 68804
 68818
 68829
 68801
 68816
 68786
 68798
 68791
 68797
 68787
 68793
 68787
 68782
 68781
 68775
 68769
 68779
 68772
