So, 16.02.25    13:05:57
687 Winkler-2
2		
46.280
0.000
0.000


  8595
  8604
  8614
  8607
  8609
  8627
  8610
  8620
  8605
  8588
  8580
  8560
  8556
  8551
  8553
  8552
  8544
  8535
  8539
  8541
  8536
  8527
  8552
  8575
  8599
  8633
  8659
  8645
  8717
  8636
  8774
  8771
  8857
  8842
  8867
  8782
  8926
  8908
  8955
  9011
  9024
  9086
  9094
  9169
  9220
  9261
  9320
  9364
  9419
  9469
  9550
  9600
  9662
  9718
  9773
  9835
  9891
  9942
 10016
 10113
 10207
 10280
 10377
 10480
 10574
 10658
 10761
 10844
 10942
 11032
 11096
 11193
 11294
 11362
 11444
 11550
 11626
 11733
 11834
 11934
 12043
 12146
 12241
 12352
 12432
 12532
 12612
 12713
 12794
 12910
 12994
 13101
 13214
 13329
 13435
 13566
 13703
 13826
 13949
 14047
 14170
 14287
 14394
 14490
 14622
 14743
 14861
 14995
 15101
 15198
 15317
 15444
 15567
 15691
 15813
 15933
 16029
 16127
 16230
 16330
 16450
 16571
 16705
 16835
 16967
 17116
 17254
 17390
 17529
 17638
 17740
 17880
 18006
 18132
 18268
 18411
 18562
 18703
 18844
 18966
 19131
 19267
 19402
 19531
 19657
 19784
 19921
 20065
 20211
 20337
 20478
 20628
 20773
 20932
 21082
 21213
 21373
 21501
 21634
 21778
 21924
 22075
 22224
 22374
 22513
 22654
 22793
 22945
 23095
 23238
 23408
 23552
 23690
 23841
 23989
 24119
 24249
 24397
 24547
 24708
 24879
 25048
 25202
 25348
 25494
 25649
 25786
 25944
 26101
 26238
 26381
 26534
 26700
 26869
 27033
 27183
 27326
 27474
 27609
 27770
 27925
 28074
 28229
 28390
 28561
 28731
 28902
 29057
 29203
 29348
 29509
 29657
 29835
 29996
 30157
 30315
 30471
 30651
 30816
 30970
 31111
 31255
 31410
 31573
 31739
 31898
 32060
 32234
 32406
 32587
 32741
 32916
 33054
 33201
 33361
 33525
 33702
 33868
 34023
 34196
 34359
 34536
 34700
 34860
 35034
 35198
 35345
 35500
 35672
 35832
 35984
 36161
 36331
 36519
 36679
 36860
 37010
 37169
 37335
 37490
 37655
 37822
 37995
 38156
 38310
 38485
 38658
 38827
 38988
 39144
 39311
 39466
 39632
 39786
 39954
 40142
 40329
 40502
 40689
 40870
 41018
 41189
 41339
 41503
 41669
 41837
 42000
 42161
 42339
 42520
 42683
 42837
 43014
 43162
 43322
 43472
 43630
 43790
 43945
 44106
 44278
 44452
 44639
 44833
 45013
 45182
 45355
 45525
 45696
 45854
 45989
 46141
 46271
 46426
 46582
 46728
 46885
 47036
 47158
 47297
 47442
 47584
 47709
 47861
 48016
 48152
 48282
 48410
 48547
 48675
 48819
 48960
 49076
 49816
 68824
 68834
 68845
 68847
 68864
 68869
 68867
 68872
 68874
 68858
 68862
 68856
 68854
 68851
 68850
 68847
 68837
 68843
 68837
 68828
 68821
 68812
 68797
 68790
 68759
 68748
 68750
 68739
 68739
 68746
 68724
 68716
 68715
 68721
 68717
 68703
 68708
 68700
 68704
 68700
 68699
 68692
 68687
 68674
 68684
 68698
 68674
 68679
 68681
 68673
