So, 16.02.25    13:26:22
655 Freitag-3
3		
46.280
0.000
0.000


  9863
  9853
  9868
  9879
  9874
  9878
  9881
  9909
  9927
  9932
 10003
 10034
 10085
 10107
 10163
 10190
 10237
 10279
 10318
 10386
 10420
 10447
 10457
 10537
 10578
 10634
 10680
 10747
 10818
 10877
 10953
 11039
 11143
 11230
 11302
 11359
 11421
 11517
 11598
 11691
 11774
 11863
 11961
 12047
 12159
 12265
 12370
 12494
 12589
 12686
 12766
 12869
 12972
 13063
 13162
 13273
 13388
 13514
 13631
 13810
 13938
 14051
 14167
 14257
 14366
 14480
 14588
 14705
 14839
 14977
 15104
 15225
 15357
 15510
 15607
 15722
 15827
 15940
 16063
 16166
 16287
 16432
 16589
 16734
 16885
 17059
 17183
 17304
 17413
 17540
 17665
 17799
 17931
 18072
 18254
 18409
 18563
 18735
 18886
 19006
 19134
 19263
 19382
 19522
 19664
 19821
 19994
 20150
 20321
 20497
 20654
 20768
 20906
 21039
 21175
 21315
 21459
 21612
 21802
 21974
 22163
 22318
 22480
 22631
 22765
 22908
 23058
 23199
 23341
 23503
 23668
 23845
 24021
 24211
 24379
 24522
 24664
 24817
 24966
 25152
 25305
 25456
 25642
 25834
 26016
 26190
 26341
 26493
 26655
 26819
 26963
 27136
 27290
 27468
 27633
 27799
 27988
 28183
 28353
 28524
 28681
 28846
 29004
 29154
 29331
 29490
 29670
 29879
 30072
 30259
 30409
 30578
 30744
 30904
 31070
 31229
 31394
 31559
 31732
 31924
 32127
 32334
 32508
 32661
 32818
 32977
 33146
 33300
 33480
 33666
 33869
 34066
 34269
 34445
 34593
 34772
 34949
 35120
 35275
 35463
 35643
 35831
 35999
 36143
 36340
 36541
 36720
 36904
 37072
 37243
 37400
 37583
 37773
 37971
 38140
 38295
 38460
 38644
 38830
 39016
 39189
 39368
 39532
 39707
 39878
 40053
 40234
 40417
 40620
 40818
 41019
 41186
 41351
 41512
 41689
 41860
 42054
 42222
 42408
 42588
 42756
 42945
 43119
 43289
 43455
 43636
 43808
 43981
 44160
 44340
 44534
 44729
 44930
 45128
 45314
 45479
 45646
 45826
 45994
 46164
 46315
 46499
 46663
 46826
 46973
 47122
 47277
 47439
 47616
 47747
 47759
 47921
 48141
 48377
 48597
 48877
 49093
 49265
 49350
 49365
 49398
 49515
 49633
 49776
 49922
 50071
 50207
 50353
 50520
 50699
 50866
 51038
 51192
 51393
 51670
 51950
 52028
 52059
 57893
 68824
 68814
 68811
 68806
 68808
 68810
 68813
 68822
 68842
 68860
 68865
 68881
 68894
 68912
 68911
 68905
 68894
 68884
 68890
 68889
 68896
 68893
 68892
 68891
 68890
 68881
 68888
 68886
 68877
 68866
 68870
 68862
 68869
 68876
 68859
 68843
 68846
 68837
 68863
 68850
 68842
 68833
 68829
 68847
 68835
 68837
 68842
 68830
 68822
