So, 16.02.25    13:08:37
350 Waldkirch-2
2		
46.280
0.000
0.000


  8645
  8658
  8695
  8748
  8799
  8835
  8897
  8934
  9005
  9046
  9131
  9173
  9248
  9316
  9393
  9452
  9484
  9546
  9612
  9690
  9753
  9829
  9918
 10005
 10093
 10181
 10265
 10349
 10446
 10540
 10627
 10730
 10783
 10860
 10947
 11030
 11117
 11190
 11278
 11369
 11470
 11577
 11711
 11801
 11935
 12050
 12176
 12300
 12412
 12521
 12625
 12719
 12821
 12911
 13009
 13112
 13219
 13320
 13436
 13562
 13714
 13822
 13948
 14072
 14205
 14336
 14453
 14550
 14655
 14762
 14879
 14992
 15099
 15221
 15334
 15464
 15585
 15711
 15851
 15970
 16084
 16206
 16346
 16480
 16598
 16719
 16831
 16955
 17079
 17199
 17326
 17436
 17566
 17693
 17822
 17971
 18127
 18277
 18450
 18561
 18701
 18803
 18934
 19064
 19190
 19321
 19446
 19590
 19712
 19889
 20059
 20198
 20338
 20481
 20636
 20783
 20910
 21051
 21180
 21287
 21415
 21570
 21710
 21868
 22029
 22176
 22341
 22501
 22644
 22776
 22914
 23016
 23153
 23293
 23438
 23621
 23788
 23962
 24119
 24260
 24426
 24567
 24713
 24867
 25008
 25171
 25320
 25465
 25617
 25755
 25894
 26073
 26235
 26387
 26557
 26729
 26876
 27036
 27180
 27344
 27500
 27670
 27828
 27987
 28151
 28300
 28463
 28630
 28780
 28927
 29074
 29221
 29385
 29535
 29714
 29882
 30051
 30243
 30411
 30566
 30708
 30877
 31020
 31186
 31353
 31507
 31706
 31861
 32044
 32217
 32377
 32527
 32683
 32820
 32979
 33136
 33310
 33493
 33677
 33859
 34030
 34215
 34386
 34546
 34689
 34856
 35047
 35218
 35393
 35567
 35740
 35913
 36096
 36251
 36415
 36578
 36744
 36911
 37081
 37252
 37434
 37606
 37770
 37951
 38140
 38313
 38496
 38670
 38834
 39007
 39177
 39367
 39534
 39704
 39876
 40052
 40220
 40387
 40558
 40741
 40905
 41079
 41238
 41399
 41592
 41779
 41975
 42151
 42317
 42496
 42651
 42820
 43012
 43166
 43335
 43510
 43670
 43837
 43999
 44173
 44334
 44516
 44680
 44852
 45045
 45238
 45414
 45601
 45770
 45944
 46103
 46260
 46414
 46575
 46774
 46935
 47105
 47237
 47362
 47502
 47645
 47796
 47951
 48061
 48218
 48448
 48676
 48896
 49067
 49243
 49390
 49539
 49650
 49748
 49854
 49956
 50101
 50244
 50389
 50544
 50689
 50855
 51007
 51161
 51389
 51584
 51741
 51916
 52024
 52098
 55083
 68903
 68882
 68888
 68896
 68885
 68889
 68886
 68893
 68887
 68893
 68898
 68892
 68899
 68905
 68912
 68923
 68920
 68934
 68929
 68911
 68917
 68912
 68912
 68912
 68924
 68907
 68912
 68905
 68907
 68885
 68870
 68848
 68799
 68804
 68793
 68799
 68779
 68771
 68764
 68745
 68753
 68738
 68751
 68734
 68743
 68716
 68723
 68717
 68719
 68728
