So, 16.02.25    13:45:15
828 Combe-4
4		
46.280
0.000
0.000


 15904
 15989
 16081
 16135
 16204
 16292
 16380
 16461
 16552
 16648
 16743
 16833
 16943
 17056
 17116
 17218
 17334
 17434
 17544
 17645
 17749
 17859
 17963
 18061
 18153
 18260
 18368
 18484
 18590
 18690
 18810
 18930
 19060
 19183
 19309
 19435
 19550
 19639
 19741
 19865
 19968
 20095
 20211
 20321
 20440
 20569
 20693
 20816
 20931
 21064
 21201
 21318
 21426
 21546
 21651
 21773
 21879
 22010
 22128
 22266
 22414
 22546
 22667
 22810
 22946
 23102
 23230
 23365
 23471
 23592
 23714
 23845
 23983
 24126
 24281
 24408
 24560
 24703
 24848
 25004
 25148
 25266
 25398
 25509
 25651
 25790
 25921
 26055
 26210
 26346
 26489
 26633
 26804
 26969
 27125
 27287
 27422
 27546
 27661
 27806
 27955
 28110
 28258
 28405
 28555
 28728
 28890
 29047
 29196
 29321
 29459
 29601
 29751
 29901
 30062
 30221
 30371
 30520
 30684
 30861
 31040
 31203
 31345
 31455
 31617
 31764
 31928
 32088
 32260
 32415
 32572
 32728
 32885
 33043
 33198
 33345
 33481
 33647
 33781
 33954
 34118
 34287
 34447
 34611
 34793
 34981
 35169
 35325
 35457
 35611
 35763
 35925
 36096
 36261
 36408
 36583
 36753
 36930
 37100
 37262
 37409
 37559
 37716
 37871
 38036
 38203
 38365
 38558
 38725
 38923
 39106
 39267
 39435
 39568
 39727
 39897
 40073
 40250
 40423
 40583
 40769
 40944
 41112
 41280
 41425
 41583
 41761
 41931
 42120
 42298
 42463
 42648
 42821
 43004
 43168
 43330
 43500
 43658
 43833
 44003
 44175
 44348
 44535
 44712
 44883
 45060
 45236
 45401
 45578
 45734
 45918
 46083
 46229
 46382
 46547
 46700
 46810
 46973
 47133
 47310
 47502
 47681
 47872
 48063
 48227
 48380
 48427
 48444
 48537
 48693
 48845
 49119
 49377
 49533
 49700
 49850
 49908
 49943
 50056
 50173
 50298
 50386
 50479
 63401
 68826
 68813
 68830
 68822
 68827
 68844
 68849
 68861
 68874
 68878
 68895
 68911
 68919
 68917
 68918
 68907
 68903
 68903
 68891
 68898
 68894
 68887
 68887
 68887
 68897
 68899
 68908
 68892
 68902
 68891
 68876
 68873
 68855
 68838
 68852
 68848
 68841
 68821
 68827
 68816
 68823
 68822
 68823
 68812
 68812
 68811
 68805
 68808
 68803
