So, 16.02.25    13:25:36
687 Winkler-3
3		
46.280
0.000
0.000


 23926
 24052
 24213
 24347
 24492
 24648
 24780
 24914
 25057
 25206
 25365
 25515
 25687
 25839
 25996
 26141
 26285
 26400
 26546
 26699
 26847
 26989
 27156
 27311
 27450
 27606
 27758
 27901
 28041
 28199
 28339
 28492
 28635
 28792
 28929
 29094
 29261
 29429
 29604
 29764
 29931
 30075
 30226
 30371
 30520
 30675
 30831
 30998
 31164
 31293
 31444
 31590
 31764
 31921
 32092
 32236
 32396
 32547
 32691
 32832
 33001
 33164
 33326
 33508
 33685
 33840
 33987
 34140
 34299
 34446
 34610
 34764
 34919
 35087
 35252
 35396
 35565
 35720
 35891
 36048
 36199
 36329
 36481
 36636
 36800
 36970
 37141
 37331
 37515
 37668
 37827
 37973
 38133
 38283
 38429
 38616
 38769
 38945
 39094
 39255
 39416
 39582
 39746
 39917
 40083
 40234
 40374
 40531
 40686
 40841
 41011
 41182
 41349
 41507
 41674
 41835
 41983
 42151
 42314
 42477
 42629
 42772
 42944
 43088
 43245
 43414
 43560
 43720
 43875
 44036
 44211
 44380
 44540
 44714
 44912
 45099
 45233
 45409
 45542
 45693
 45850
 45997
 46129
 46239
 46382
 46538
 46693
 46853
 47001
 47112
 47238
 47371
 47509
 47624
 47747
 47873
 47946
 48059
 48261
 48435
 48570
 48691
 48807
 48917
 49044
 49177
 49292
 49425
 49563
 49735
 49858
 49994
 50169
 50294
 53221
 63114
 62843
 63014
 63614
 64168
 68675
 68711
 68726
 68724
 68728
 68727
 65385
 62766
 62461
 62683
 65198
 68706
 68715
 68712
 68712
 68718
 68719
 68726
 68729
 67130
 62722
 62434
 62641
 63254
 63291
 65001
 68710
 68718
 68718
 68720
 68720
 68717
 68719
 68725
 68716
 68722
 68719
 68704
 68696
 64349
 62647
 62535
 62716
 62996
 63145
