So, 16.02.25    13:17:09
118 Edzards-2
2		
46.280
0.000
0.000


 12688
 12691
 12674
 12685
 12681
 12689
 12679
 12696
 12703
 12711
 12732
 12747
 12752
 12783
 12797
 12826
 12833
 12851
 12868
 12890
 12905
 12918
 12936
 12949
 12966
 12981
 13015
 13027
 13041
 13078
 13100
 13131
 13171
 13201
 13223
 13264
 13288
 13310
 13343
 13358
 13394
 13411
 13433
 13454
 13465
 13462
 13482
 13487
 13495
 13514
 13513
 13535
 13523
 13538
 13542
 13551
 13551
 13551
 13561
 13563
 13559
 13565
 13561
 13562
 13566
 13571
 13567
 13574
 13581
 13568
 13577
 13577
 13574
 13582
 13580
 13581
 13577
 13589
 13586
 13581
 13582
 13579
 13585
 13582
 13580
 13586
 13579
 13588
 13579
 13586
 13567
 13582
 13582
 13580
 13565
 13548
 13546
 13546
 13532
 13547
 13534
 13538
 13522
 13511
 13490
 13480
 13433
 13405
 13380
 13349
 13315
 13272
 13244
 13188
 13145
 13113
 13076
 13066
 13024
 12996
 12964
 12931
 12902
 12897
 12895
 12871
 12835
 12805
 12755
 12726
 12694
 12656
 12609
 12561
 12521
 12471
 12425
 12383
 12345
 12320
 12288
 12274
 12248
 12233
 12215
 12209
 12199
 12173
 12155
 12146
 12125
 12108
 12102
 12101
 12092
 12099
 12073
 12087
 12069
 12071
 12072
 12070
 12066
 12060
 12048
 12051
 12053
 12054
 12045
 12049
 12045
 12025
 12038
 12048
 12039
 12039
 12046
 12031
 12024
 12012
 12016
 12021
 12011
 12009
 12022
 12001
 12001
 12012
 12013
 12016
 12006
 12020
 12033
 12053
 12058
 12088
 12111
 12147
 12177
 12202
 12226
 12264
 12273
 12289
 12295
 12310
 12340
 12364
 12399
 12458
 12483
 12552
 12615
 12662
 12704
 12820
 12881
 12919
 12981
 13008
 13053
 13106
 13161
 13201
 13244
 13298
 13377
 13433
 13501
 13575
 13644
 13727
 13776
 13865
 13958
 14032
 14134
 14195
 14264
 14330
 14410
 14490
 14576
 14670
 14761
 14861
 14939
 15051
 15147
 15264
 15377
 15488
 15575
 15665
 15765
 15834
 15945
 16021
 16120
 16210
 16323
 16447
 16576
 16672
 16783
 16906
 17044
 17138
 17256
 17346
 17444
 17550
 17656
 17770
 17893
 18020
 18155
 18309
 18461
 18588
 18724
 18851
 18974
 19081
 19199
 19327
 19458
 19583
 19720
 19858
 19983
 20127
 20267
 20425
 20543
 20664
 20787
 20903
 21026
 21161
 21292
 21418
 21577
 21709
 21868
 22039
 22199
 22352
 22474
 22596
 22712
 22845
 22986
 23116
 23264
 23427
 23578
 23739
 23896
 24051
 24197
 24323
 24453
 24596
 24741
 24882
 25043
 25198
 25340
 25499
 25667
 25835
 26011
 26139
 26260
 26392
 26536
 26688
 26845
 27003
 27172
 27339
 27502
 27658
 27818
 27978
 28114
 28245
 28387
 28553
 28712
 28868
 29024
 29180
 29341
 29512
 29700
 29870
 30050
 30192
 30334
 30466
 30627
 30783
 30956
 31123
 31269
 31429
 31596
 31778
 31940
 32099
 32244
 32388
 32531
 32670
 32841
 33011
 33172
 33328
 33514
 33699
 33879
 34031
 34188
 34331
 34485
 34641
 34807
 34971
 35154
 35318
 35480
 35661
 35847
 36003
 36159
 36301
 36463
 36608
 36776
 36945
 37121
 37292
 37455
 37635
 37816
 37994
 38143
 38296
 38452
 38621
 38766
 38933
 39095
 39279
 39447
 39611
 39792
 39969
 40151
 40314
 40480
 40644
 40793
 40966
 41140
 41288
 41436
 41619
 41793
 41980
 42162
 42353
 42513
 42680
 42828
 42981
 43156
 43305
 43471
 43634
 43810
 43970
 44134
 44300
 44458
 44611
 44749
 44891
 45071
 45276
 45465
 45624
 45801
 45954
 46104
 46258
 46424
 46556
 46697
 46829
 46952
 47093
 47214
 47342
 47476
 47608
 47731
 47874
 48006
 48133
 48274
 48422
 48557
 48684
 48820
 48957
 49086
 49219
 49356
 49490
 49676
 49864
 50020
 50192
 50350
 50502
 50693
 50950
 51099
 51188
 51872
 68794
 68761
 68765
 68778
 68798
 68816
 68822
 68830
 68847
 68870
 68732
 68414
 68328
 68383
 68439
 68486
 68589
 68748
 68922
 69027
 69114
 69120
 69107
 69066
 69058
 69097
 69105
 69094
 69086
 69093
 69086
 69075
 69094
 69086
 69081
 69086
 69086
 69094
 69080
 69077
 69087
 69084
 69090
 69083
 69082
 69088
 69084
 69083
 69086
 69081
