So, 16.02.25    12:49:38
585 Götze-1
1		
46.280
0.000
0.000


 10926
 10964
 10984
 11015
 11062
 11088
 11121
 11164
 11211
 11271
 11323
 11402
 11458
 11509
 11557
 11621
 11673
 11734
 11787
 11846
 11922
 12004
 12069
 12153
 12208
 12271
 12328
 12367
 12420
 12483
 12549
 12627
 12684
 12753
 12864
 12959
 13074
 13151
 13218
 13331
 13424
 13512
 13617
 13718
 13820
 13897
 13991
 14083
 14186
 14268
 14387
 14507
 14607
 14729
 14837
 14954
 15030
 15129
 15210
 15296
 15381
 15492
 15611
 15725
 15853
 15967
 16093
 16201
 16321
 16453
 16560
 16656
 16772
 16879
 17004
 17109
 17233
 17340
 17472
 17597
 17710
 17859
 17994
 18119
 18249
 18369
 18485
 18603
 18706
 18807
 18926
 19066
 19177
 19321
 19468
 19618
 19757
 19900
 20036
 20183
 20305
 20438
 20557
 20689
 20826
 20952
 21089
 21213
 21361
 21518
 21683
 21833
 21977
 22119
 22237
 22346
 22465
 22594
 22730
 22867
 23023
 23174
 23309
 23467
 23623
 23765
 23903
 24037
 24178
 24307
 24445
 24596
 24743
 24887
 25061
 25228
 25397
 25555
 25711
 25867
 25982
 26119
 26251
 26375
 26519
 26669
 26847
 27011
 27163
 27318
 27476
 27620
 27767
 27893
 28043
 28175
 28319
 28459
 28621
 28765
 28944
 29106
 29297
 29463
 29613
 29753
 29894
 30038
 30198
 30350
 30486
 30656
 30824
 30995
 31161
 31318
 31476
 31620
 31782
 31929
 32076
 32236
 32384
 32546
 32697
 32847
 33030
 33207
 33387
 33548
 33684
 33838
 33993
 34159
 34295
 34451
 34621
 34788
 34974
 35153
 35321
 35476
 35630
 35790
 35937
 36101
 36266
 36397
 36561
 36739
 36910
 37106
 37294
 37468
 37623
 37766
 37927
 38069
 38213
 38378
 38544
 38726
 38909
 39083
 39254
 39425
 39597
 39761
 39920
 40080
 40244
 40403
 40557
 40739
 40913
 41095
 41279
 41442
 41602
 41757
 41920
 42094
 42266
 42422
 42599
 42748
 42932
 43107
 43258
 43421
 43584
 43742
 43909
 44078
 44225
 44398
 44586
 44775
 44985
 45163
 45327
 45485
 45665
 45824
 45969
 46111
 46237
 46367
 46496
 46665
 46838
 47006
 47193
 47377
 47395
 47019
 47817
 48041
 48278
 48441
 48567
 48701
 48847
 48929
 48962
 49216
 49364
 49472
 49603
 49670
 49749
 49863
 50013
 50162
 50305
 50457
 50623
 50795
 50957
 51217
 51426
 54365
 68646
 68615
 68588
 68590
 68594
 68574
 68592
 68598
 68634
 68644
 68668
 68672
 68655
 68610
 68595
 68565
 68541
 68497
 68449
 68438
 68416
 68419
 68426
 68406
 68393
 68367
 68343
 68266
 67335
 66402
 66007
 64085
 60402
 64156
 65489
 65473
 65448
 65414
 65414
 65419
 65459
 65485
 65519
 65553
 65593
 65633
 65688
 65746
 65814
 65875
