So, 16.02.25    12:41:12
79 Loewenthal-1
1		
46.280
0.000
0.000


 13355
 13399
 13439
 13459
 13492
 13520
 13555
 13577
 13589
 13632
 13644
 13683
 13724
 13764
 13789
 13819
 13876
 13918
 13978
 14062
 14102
 14180
 14255
 14327
 14437
 14513
 14589
 14664
 14746
 14824
 14897
 14957
 15006
 15086
 15144
 15210
 15259
 15362
 15439
 15521
 15598
 15687
 15769
 15866
 15952
 16039
 16095
 16157
 16234
 16318
 16405
 16494
 16592
 16673
 16775
 16891
 16998
 17133
 17251
 17371
 17475
 17556
 17644
 17746
 17847
 17955
 18061
 18180
 18302
 18440
 18562
 18682
 18815
 18942
 19074
 19193
 19296
 19385
 19508
 19638
 19754
 19883
 20003
 20132
 20236
 20376
 20530
 20668
 20823
 20936
 21052
 21166
 21259
 21384
 21524
 21671
 21818
 21951
 22098
 22241
 22391
 22541
 22679
 22807
 22928
 23051
 23177
 23314
 23445
 23593
 23748
 23893
 24038
 24195
 24363
 24527
 24669
 24801
 24919
 25062
 25209
 25336
 25485
 25645
 25807
 25969
 26117
 26272
 26414
 26578
 26720
 26862
 27016
 27160
 27305
 27467
 27629
 27773
 27939
 28102
 28270
 28446
 28618
 28763
 28897
 29039
 29192
 29345
 29502
 29665
 29835
 30011
 30184
 30357
 30524
 30684
 30832
 30958
 31130
 31273
 31436
 31606
 31765
 31934
 32106
 32279
 32474
 32653
 32795
 32939
 33081
 33243
 33387
 33546
 33716
 33892
 34069
 34236
 34404
 34575
 34739
 34914
 35063
 35218
 35381
 35536
 35710
 35871
 36048
 36207
 36392
 36586
 36763
 36927
 37080
 37240
 37398
 37566
 37732
 37889
 38065
 38226
 38405
 38596
 38770
 38932
 39086
 39244
 39404
 39570
 39736
 39917
 40114
 40277
 40457
 40657
 40842
 41014
 41167
 41306
 41460
 41648
 41805
 41974
 42166
 42341
 42513
 42704
 42856
 43019
 43181
 43340
 43507
 43667
 43849
 44029
 44200
 44387
 44590
 44777
 44954
 45146
 45315
 45467
 45642
 45802
 45946
 46104
 46232
 46364
 46500
 46642
 46794
 46938
 47097
 47262
 47440
 47627
 47889
 48105
 48294
 48385
 48511
 48622
 48707
 48841
 48966
 49083
 49155
 49244
 49327
 49427
 49566
 49710
 49861
 49999
 50178
 50417
 50596
 50754
 50876
 51190
 51476
 51603
 51779
 51800
 51844
 57743
 68902
 68915
 68900
 68905
 68907
 68898
 68907
 68912
 68906
 68920
 68905
 68925
 68930
 68939
 68955
 68972
 68981
 69015
 69025
 69054
 69038
 69045
 69049
 69045
 69045
 69041
 69025
 62407
 54340
 54581
 60265
 68999
 68984
 68977
 68978
 68969
 68965
 68948
 68947
 68939
 68928
 68923
 68922
 68909
 68891
 68913
 68912
 68916
 68913
 68899
 68899
 68891
 68891
 68902
 68895
 68892
 68871
 68876
 68887
 68884
 68886
 68879
 68884
 68868
 68877
 68866
 68870
 68881
 68872
 68869
 68873
 68868
 68860
 68865
 68851
 68864
 68862
 68855
 68854
 68866
