So, 16.02.25    12:42:44
343 Michelmann-1
1		
46.280
0.000
0.000


 14416
 14486
 14527
 14627
 14721
 14783
 14861
 14970
 15057
 15128
 15235
 15315
 15397
 15497
 15588
 15670
 15742
 15818
 15906
 15987
 16075
 16159
 16272
 16386
 16501
 16601
 16715
 16808
 16903
 16969
 17074
 17190
 17298
 17397
 17514
 17614
 17740
 17859
 17967
 18082
 18187
 18288
 18376
 18500
 18629
 18747
 18862
 18979
 19092
 19232
 19365
 19513
 19646
 19769
 19892
 20007
 20102
 20223
 20356
 20505
 20634
 20763
 20894
 21048
 21183
 21323
 21445
 21547
 21677
 21810
 21938
 22090
 22218
 22364
 22503
 22648
 22779
 22951
 23090
 23203
 23310
 23469
 23606
 23734
 23883
 24037
 24188
 24334
 24493
 24658
 24812
 24968
 25094
 25210
 25340
 25506
 25664
 25799
 25952
 26108
 26252
 26416
 26591
 26746
 26888
 27034
 27167
 27308
 27466
 27616
 27771
 27944
 28095
 28254
 28421
 28589
 28740
 28867
 29016
 29162
 29335
 29476
 29639
 29807
 29975
 30169
 30342
 30513
 30682
 30822
 30978
 31132
 31281
 31441
 31616
 31781
 31953
 32121
 32310
 32486
 32643
 32776
 32919
 33075
 33231
 33397
 33575
 33741
 33920
 34105
 34292
 34457
 34619
 34760
 34923
 35100
 35253
 35440
 35611
 35796
 35967
 36152
 36323
 36500
 36662
 36813
 36970
 37149
 37328
 37511
 37667
 37826
 38005
 38192
 38380
 38553
 38711
 38869
 39024
 39189
 39357
 39541
 39736
 39932
 40118
 40311
 40490
 40679
 40837
 40996
 41141
 41304
 41486
 41665
 41853
 42031
 42204
 42384
 42565
 42745
 42909
 43078
 43224
 43401
 43575
 43744
 43929
 44105
 44291
 44476
 44649
 44830
 44987
 45109
 45193
 45371
 45662
 45875
 46047
 46192
 46323
 46481
 46639
 46789
 46932
 47085
 47243
 47376
 47530
 47681
 47823
 47989
 48125
 48277
 48414
 48573
 48694
 48832
 48964
 49103
 49233
 49360
 49502
 49648
 49793
 49946
 50098
 50296
 50505
 50692
 50874
 51074
 51306
 53027
 68308
 68299
 68291
 68302
 68282
 68304
 68307
 68297
 68306
 68316
 68307
 68325
 68337
 68338
 68351
 68329
 68335
 68313
 68309
 68302
 68283
 68278
 68286
 68296
 68330
 68359
 68357
 68356
 68340
 68339
 68354
 68367
 68377
 68372
 68364
 68359
 68340
 68337
 68346
 68335
 68342
 68346
 68336
 68356
 68355
 68357
 68350
 68378
 68371
 68365
