So, 16.02.25    13:33:34
459 Ehlers-3
3		
46.280
0.000
0.000


 11341
 11369
 11401
 11465
 11507
 11554
 11598
 11653
 11716
 11752
 11805
 11844
 11888
 11930
 11976
 12033
 12086
 12127
 12172
 12233
 12305
 12357
 12417
 12509
 12572
 12653
 12764
 12837
 12927
 12995
 13068
 13157
 13235
 13319
 13412
 13488
 13559
 13653
 13744
 13818
 13915
 14018
 14110
 14207
 14302
 14379
 14471
 14556
 14640
 14717
 14798
 14888
 14996
 15108
 15242
 15348
 15463
 15555
 15654
 15752
 15867
 15972
 16042
 16120
 16218
 16297
 16405
 16519
 16623
 16754
 16876
 17016
 17144
 17269
 17391
 17515
 17617
 17729
 17834
 17939
 18023
 18136
 18269
 18412
 18558
 18695
 18828
 18950
 19079
 19208
 19339
 19450
 19550
 19691
 19788
 19930
 20056
 20190
 20312
 20465
 20609
 20736
 20876
 21029
 21139
 21254
 21356
 21475
 21614
 21741
 21884
 22044
 22198
 22350
 22484
 22625
 22762
 22900
 23018
 23158
 23276
 23414
 23566
 23703
 23848
 24019
 24161
 24297
 24457
 24625
 24763
 24901
 25037
 25168
 25303
 25431
 25595
 25768
 25919
 26057
 26206
 26352
 26503
 26673
 26808
 26938
 27077
 27221
 27366
 27529
 27685
 27839
 27990
 28143
 28306
 28482
 28635
 28786
 28919
 29049
 29198
 29351
 29531
 29686
 29843
 30004
 30168
 30344
 30483
 30647
 30785
 30944
 31085
 31244
 31398
 31552
 31715
 31878
 32041
 32228
 32400
 32565
 32715
 32845
 32983
 33116
 33276
 33459
 33622
 33794
 33951
 34122
 34283
 34448
 34603
 34765
 34900
 35079
 35243
 35417
 35589
 35746
 35913
 36080
 36256
 36419
 36584
 36748
 36909
 37060
 37221
 37383
 37552
 37710
 37869
 38026
 38196
 38360
 38522
 38692
 38858
 39008
 39175
 39331
 39501
 39654
 39840
 40005
 40198
 40374
 40545
 40722
 40884
 41032
 41200
 41347
 41518
 41706
 41892
 42041
 42220
 42389
 42551
 42719
 42877
 43044
 43193
 43356
 43533
 43702
 43882
 44057
 44222
 44414
 44603
 44779
 44962
 45131
 45293
 45454
 45613
 45757
 45897
 46034
 46199
 46353
 46479
 46627
 46762
 46899
 47075
 47258
 47446
 47694
 47863
 47985
 48099
 48215
 48334
 48467
 48598
 48732
 48872
 49006
 49148
 49263
 49393
 49484
 49601
 49723
 49854
 49983
 50127
 50274
 50399
 50532
 50681
 50834
 51038
 51249
 51523
 51653
 55148
 68877
 68866
 68865
 68868
 68878
 68877
 68877
 68895
 68904
 68919
 68918
 68913
 68913
 68915
 68912
 68918
 68912
 68907
 68927
 68916
 68915
 68898
 68907
 68903
 68903
 68913
 68907
 68911
 68899
 68907
 68908
 68906
 68901
 68905
 68897
 68906
 68904
 68914
 68896
 68907
 68902
 68906
 68900
 68907
 68890
 68899
 68911
 68905
 68906
 68908
