So, 16.02.25    13:02:05
777 Roos-2
2		
46.280
0.000
0.000


 16589
 16638
 16670
 16738
 16789
 16866
 16930
 17014
 17100
 17186
 17269
 17339
 17417
 17465
 17523
 17591
 17672
 17739
 17827
 17907
 18003
 18084
 18158
 18246
 18345
 18461
 18573
 18682
 18779
 18871
 18967
 19044
 19132
 19213
 19291
 19389
 19489
 19613
 19725
 19851
 19948
 20078
 20190
 20279
 20386
 20491
 20589
 20685
 20756
 20858
 20956
 21076
 21186
 21303
 21440
 21561
 21692
 21819
 21958
 22067
 22181
 22289
 22395
 22523
 22642
 22753
 22872
 23027
 23152
 23294
 23434
 23569
 23689
 23816
 23932
 24059
 24175
 24305
 24441
 24582
 24719
 24862
 25019
 25176
 25324
 25447
 25572
 25700
 25817
 25963
 26093
 26220
 26360
 26509
 26662
 26820
 26982
 27127
 27272
 27412
 27535
 27669
 27801
 27938
 28083
 28242
 28381
 28536
 28704
 28877
 29021
 29164
 29295
 29428
 29562
 29709
 29873
 30025
 30190
 30353
 30504
 30667
 30829
 30974
 31131
 31255
 31393
 31548
 31688
 31856
 32008
 32161
 32336
 32507
 32677
 32829
 32983
 33121
 33261
 33403
 33559
 33725
 33898
 34054
 34219
 34387
 34557
 34726
 34886
 35052
 35199
 35350
 35498
 35651
 35806
 35962
 36141
 36312
 36490
 36659
 36822
 36977
 37144
 37305
 37450
 37613
 37765
 37932
 38100
 38275
 38446
 38622
 38804
 38958
 39119
 39285
 39450
 39602
 39760
 39926
 40090
 40289
 40462
 40655
 40824
 40991
 41154
 41308
 41470
 41623
 41798
 41966
 42151
 42330
 42522
 42691
 42860
 43031
 43178
 43350
 43518
 43674
 43838
 44018
 44181
 44346
 44519
 44713
 44913
 45094
 45277
 45440
 45613
 45800
 45963
 46107
 46242
 46386
 46513
 46701
 46855
 46992
 47133
 47289
 47434
 47569
 62464
 55001
 47620
 62076
 68841
 68837
 68828
 68827
 68830
 68286
 49325
 49342
 49449
 49560
 49662
 49773
 49786
 63186
 68742
 68742
 68730
 68736
 68744
 68745
 68735
 68745
 68742
 68753
 68765
 68782
 68826
 68842
 68875
 68910
 68929
 68946
 68937
 68946
 68941
 68930
 68926
 68927
 68925
 68922
 68932
 68917
 68912
 68921
 68920
 68923
 68916
 68926
 68919
 68921
 68918
 68910
 68924
 68921
 68915
 68923
 68929
 68918
 68917
 68922
 68918
 63400
 53214
 53147
 53302
 54561
 64613
 68919
 68912
 68906
 57741
 53816
 66235
 68923
 68922
 68915
 68918
 68902
 68926
 68921
 68911
 68924
 68915
 68914
 68916
 68913
 68919
 68921
 68916
 68913
 68915
 68912
 68916
 68913
 68910
 68920
 68928
 68911
 68910
 68924
 68915
 68920
 68915
 68928
 68913
 68926
 68925
 68921
 68918
 68914
 68923
 68924
 68913
 68917
 68917
 68912
 68910
 68912
 33341
 13260
 13039
 12920
 12918
 12972
 12949
 13032
 32634
 68900
 68868
 65571
 64159
 63779
 63550
 63489
 63468
 63350
 63221
 63139
 63085
 63070
 63051
 63042
 63058
 63172
 63292
 63363
 63365
 63344
 63409
 63572
 64138
 68241
 68904
 68914
 68916
 68915
 68922
 68919
 68919
 68923
 68943
 58121
 52817
 52701
 52652
 56370
 68950
 68951
 68932
 56327
 53101
 52963
 52833
 52831
 52811
 52872
 52869
 68880
 71780
 71120
 71123
 71785
 72046
 72901
 73215
 73730
 74248
 74857
 75097
 75449
 78062
 78269
 78256
 78221
 78182
 78178
 78186
 78199
 78202
 78194
 78188
 78168
 78188
 78194
 78190
 78188
 78174
 78157
 78135
 78077
 78009
 77933
 77894
 77871
 77884
 77892
 77865
 77846
 77833
 77816
 77804
 77793
 77793
 77782
 77781
 77781
 77780
