So, 16.02.25    13:20:49
828 Combe-3
3		
46.280
0.000
0.000


 14898
 14976
 15065
 15148
 15229
 15321
 15424
 15523
 15619
 15727
 15825
 15909
 16007
 16089
 16167
 16256
 16324
 16410
 16488
 16598
 16697
 16805
 16943
 17058
 17164
 17255
 17360
 17456
 17561
 17648
 17758
 17861
 17965
 18081
 18175
 18273
 18403
 18526
 18627
 18755
 18877
 19002
 19107
 19199
 19317
 19438
 19548
 19672
 19774
 19899
 20035
 20166
 20277
 20411
 20543
 20670
 20813
 20943
 21050
 21167
 21267
 21385
 21506
 21636
 21756
 21878
 22030
 22162
 22303
 22459
 22609
 22764
 22912
 23037
 23141
 23259
 23382
 23507
 23648
 23800
 23937
 24083
 24218
 24355
 24504
 24663
 24808
 24931
 25075
 25193
 25325
 25450
 25609
 25750
 25896
 26037
 26188
 26327
 26494
 26660
 26818
 26964
 27090
 27218
 27351
 27499
 27659
 27802
 27947
 28103
 28243
 28396
 28551
 28716
 28870
 28997
 29133
 29272
 29407
 29555
 29713
 29869
 30057
 30214
 30372
 30555
 30733
 30889
 31022
 31162
 31297
 31443
 31610
 31766
 31950
 32117
 32283
 32439
 32608
 32769
 32932
 33063
 33211
 33345
 33510
 33682
 33850
 34014
 34175
 34329
 34513
 34699
 34876
 35035
 35172
 35310
 35458
 35616
 35794
 35970
 36146
 36300
 36464
 36638
 36808
 36962
 37117
 37274
 37419
 37573
 37738
 37904
 38090
 38258
 38433
 38628
 38819
 38973
 39123
 39267
 39437
 39591
 39765
 39946
 40133
 40299
 40473
 40649
 40829
 40997
 41145
 41287
 41440
 41619
 41800
 41989
 42173
 42343
 42527
 42717
 42879
 43045
 43202
 43350
 43511
 43671
 43854
 44030
 44197
 44367
 44552
 44738
 44922
 45101
 45276
 45442
 45610
 45772
 45924
 46081
 46240
 46374
 46523
 46650
 46796
 46962
 47114
 47278
 47412
 47581
 47731
 47899
 48090
 48274
 48423
 48508
 48601
 48775
 48929
 49045
 49152
 49398
 49610
 49639
 49701
 49785
 49902
 50021
 50166
 50312
 50452
 50625
 50791
 50971
 51119
 51328
 51591
 57465
 68928
 68933
 68947
 68952
 68975
 68965
 68998
 69005
 69016
 69037
 69046
 69053
 69062
 69059
 69057
 69058
 60282
 67215
 69039
 69044
 69048
 69039
 69045
 69045
 69038
 69024
 69017
 68984
 68956
 68899
 68855
 68854
 68793
 68669
 68615
 68559
 68542
 68568
 68582
 68555
 68537
 68510
 68497
 68533
 68522
 68506
 68495
 68483
 68482
