So, 16.02.25    12:57:49
359 Schwesig-2
2		
46.280
0.000
0.000


 13252
 13278
 13317
 13351
 13413
 13483
 13555
 13606
 13704
 13754
 13804
 13865
 13929
 13978
 14051
 14111
 14171
 14221
 14285
 14353
 14423
 14494
 14550
 14621
 14697
 14759
 14835
 14909
 14982
 15063
 15138
 15206
 15282
 15373
 15451
 15540
 15553
 13612
 11090
 10651
 11111
 12973
 13014
 12063
 11009
 10877
 10815
 10788
 10763
 10768
 10753
 10792
 10940
 11527
 16438
 17341
 17434
 17539
 17639
 17736
 17853
 17943
 18056
 18158
 18276
 18388
 18495
 18616
 18712
 18822
 18935
 19030
 19145
 19275
 19388
 19513
 19600
 19721
 19845
 19980
 20098
 20213
 20330
 20446
 20556
 20656
 20770
 20872
 20986
 21109
 21226
 21353
 21470
 21610
 21744
 21892
 22014
 22150
 22265
 22382
 22507
 22635
 22753
 22883
 23012
 23141
 23268
 23401
 23544
 23671
 23827
 23956
 24072
 24199
 24326
 24454
 24560
 24708
 24851
 24997
 25143
 25284
 25430
 25570
 25713
 25842
 25963
 26102
 26227
 26356
 26505
 26637
 26775
 26932
 27062
 27219
 27376
 27511
 27651
 27787
 27915
 28048
 28185
 28325
 28485
 28617
 28773
 28934
 29086
 29236
 29375
 29522
 29645
 29780
 29926
 30070
 30221
 30371
 30517
 30670
 30813
 30971
 31136
 31257
 31390
 31529
 31670
 31829
 31969
 32128
 32289
 32441
 32601
 32760
 32925
 33070
 33202
 33340
 33478
 33625
 33777
 33911
 34078
 34234
 34395
 34556
 34716
 34865
 35013
 35176
 35315
 35461
 35600
 35763
 35904
 36077
 36220
 36373
 36554
 36713
 36869
 37019
 37167
 37312
 37462
 37612
 37751
 37919
 38078
 38232
 38390
 38547
 38710
 38867
 39015
 39154
 39304
 39460
 39610
 39772
 39933
 40095
 40275
 40441
 40616
 40772
 40934
 41076
 41222
 41367
 41515
 41686
 41848
 42009
 42162
 42325
 42485
 42652
 42791
 42945
 43092
 43237
 43376
 43542
 43696
 43862
 44013
 44164
 44340
 44508
 44668
 44838
 44996
 45153
 45298
 45447
 45601
 45730
 45880
 46018
 46161
 46279
 46402
 46536
 46673
 46838
 46983
 47128
 47266
 47407
 47532
 47672
 47816
 47945
 48075
 48198
 48322
 48442
 48558
 48716
 48881
 49015
 49191
 49333
 49481
 49680
 49841
 49987
 50129
 50289
 50413
 50543
 50656
 50752
 50834
 50936
 50959
 51055
 51159
 51276
 51427
 51545
 52409
 68916
 68909
 68886
 68860
 68813
 68750
 68708
 68642
 68536
 68462
 68467
 68463
 68486
 68424
 68409
 68375
 68377
 68391
 68377
 68384
 68363
 68340
 68355
 68349
 68354
 68351
 68342
 61766
 55076
 55744
 55070
 58074
 68315
 68319
 68308
 68306
 68313
 68303
 68276
 68297
 68296
 68311
 68303
 68311
 68298
 68296
 68298
 68303
 68294
 68292
 68286
 68294
 68277
 68301
 68303
 68273
 68282
 68282
 68272
 68280
 68281
 68292
 68277
 68273
 68273
 68271
 68262
 68268
 68257
 68281
 68247
 68262
 68274
 68263
 68266
 68255
 68260
 68278
 68258
 68267
 68266
