So, 16.02.25    12:59:19
288 Opitz-2
2		
46.280
0.000
0.000


 15281
 15309
 15350
 15404
 15443
 15475
 15509
 15549
 15593
 15627
 15681
 15748
 15864
 15930
 16000
 16055
 16138
 16211
 16277
 16332
 16406
 16473
 16554
 16640
 16695
 16761
 16860
 16953
 17047
 17168
 17256
 17331
 17421
 17505
 17591
 17681
 17775
 17882
 17964
 18068
 18170
 18270
 18409
 18514
 18630
 18745
 18845
 18941
 19050
 19143
 19248
 19329
 19447
 19553
 19649
 19779
 19907
 20035
 20157
 20278
 20380
 20468
 20577
 20683
 20802
 20916
 21023
 21155
 21294
 21432
 21560
 21703
 21816
 21937
 22059
 22195
 22316
 22440
 22560
 18015
 13917
 13456
 12921
 12659
 12615
 12606
 12619
 12537
 12520
 12596
 12683
 17639
 24415
 24594
 24767
 24917
 25063
 25198
 25351
 25481
 25615
 25737
 25877
 26020
 26146
 26282
 26426
 26561
 26720
 26899
 27060
 27209
 27357
 27492
 27641
 27780
 27930
 28081
 28248
 28387
 28537
 28693
 28857
 29007
 29167
 29314
 29482
 29652
 29795
 29925
 30078
 30232
 30387
 30556
 30742
 30905
 31059
 31190
 31326
 31473
 31646
 31820
 32010
 32156
 32300
 32473
 32626
 32771
 32932
 33097
 33247
 33413
 33550
 33691
 33842
 33999
 34168
 34353
 34529
 34698
 34856
 35010
 35178
 35341
 35491
 35654
 35827
 35997
 36162
 36315
 36471
 36637
 36815
 36981
 37140
 37308
 37471
 37626
 37769
 37933
 38114
 38281
 38458
 38651
 38817
 38967
 39138
 39302
 39458
 39622
 39799
 39980
 40155
 40325
 40495
 40677
 40845
 41005
 41178
 41332
 41486
 41649
 41824
 41999
 42180
 42370
 42547
 42719
 42885
 43056
 43209
 43378
 43550
 43724
 43908
 44071
 44230
 44398
 44545
 44721
 44878
 45055
 45202
 45387
 45531
 45712
 45872
 46042
 46202
 46374
 46532
 46656
 46782
 46913
 47078
 47229
 47389
 47538
 47683
 47828
 47992
 48170
 48332
 48453
 48587
 48734
 48832
 48929
 49052
 49158
 49271
 49382
 49501
 49643
 49784
 49954
 50100
 50283
 50467
 50635
 50787
 50980
 51109
 51238
 51289
 66058
 68810
 68806
 68803
 68803
 68800
 68807
 68806
 68806
 68800
 68809
 68809
 68797
 68806
 68807
 68806
 68812
 68803
 68805
 68803
 68806
 68807
 68809
 68809
 68807
 68797
 68803
 68796
 68785
 68777
 68789
 68774
 68786
 68776
 68785
 68792
 68788
 68779
 68785
 68791
 68781
 68781
 68788
 68782
 68780
 68769
 68781
 68766
 68779
 68782
