So, 16.02.25    12:43:24
595 Utassy-1
1		
46.280
0.000
0.000


  8934
  9010
  9068
  9129
  9220
  9293
  9416
  9519
  9627
  9706
  9803
  9882
  9971
 10064
 10141
 10222
 10313
 10403
 10506
 10583
 10677
 10786
 10870
 10958
 11048
 11150
 11248
 11352
 11446
 11534
 11656
 11752
 11860
 11959
 12067
 12171
 12267
 12385
 12513
 12623
 12739
 12853
 12978
 13106
 13223
 13344
 13442
 13555
 13680
 13783
 13889
 14003
 14123
 14251
 14395
 14529
 14653
 14779
 14929
 15066
 15182
 15291
 15421
 15560
 15662
 15783
 15899
 16032
 16168
 16290
 16421
 16574
 16731
 16881
 17006
 17141
 17282
 17386
 17516
 17658
 17778
 17924
 18088
 18211
 18366
 18528
 18674
 18818
 18942
 19084
 19227
 19357
 19506
 19644
 19822
 19947
 20110
 20255
 20434
 20579
 20696
 20860
 20978
 21110
 21238
 21386
 21537
 21719
 21885
 22037
 22211
 22363
 22512
 22641
 22768
 22916
 23049
 23205
 23355
 23518
 23671
 23831
 23985
 24153
 24332
 24480
 24631
 24760
 24926
 25074
 25236
 25386
 25550
 25725
 25888
 26062
 26233
 26384
 26549
 26692
 26844
 27008
 27171
 27333
 27491
 27643
 27796
 27982
 28144
 28323
 28472
 28626
 28765
 28916
 29066
 29226
 29391
 29555
 29741
 29916
 30110
 30279
 30447
 30598
 30748
 30917
 31086
 31237
 31409
 31581
 31752
 31937
 32104
 32290
 32455
 32598
 32754
 32899
 33043
 33207
 33363
 33557
 33714
 33892
 34083
 34265
 34427
 34591
 34748
 34918
 35086
 35252
 35427
 35601
 35771
 35948
 36128
 36301
 36486
 36656
 36814
 36980
 37136
 37303
 37478
 37653
 21580
  7567
  7571
  7526
  7491
  7558
  7632
  7664
  7747
  7833
  7913
  7923
  7949
  8172
  8243
 19532
 40651
 40821
 40992
 41146
 41294
 41451
 41630
 41829
 42004
 42179
 42359
 42546
 42726
 42897
 43051
 43225
 43385
 43558
 43737
 43915
 44089
 44269
 44461
 44656
 44858
 45052
 45213
 45380
 45576
 45727
 45904
 46034
 46192
 46344
 46512
 46674
 46843
 46989
 47150
 47335
 47510
 47360
 47742
 58459
 68360
 68354
 64688
 48876
 48925
 48920
 48918
 49287
 49402
 49516
 49606
 49731
 49867
 49990
 50130
 50296
 50480
 50625
 50804
 50974
 51038
 51293
 54379
 68557
 68577
 68573
 68586
 68595
 68593
 68586
 68584
 68595
 68586
 68569
 68521
 68397
 68277
 68209
 68203
 68208
 68231
 68242
 68284
 68357
 68431
 68561
 68511
 68278
 68288
 68590
 68940
 69047
 69071
 69070
 69089
 69075
 69076
 69077
 69070
 69069
 69062
 69066
 69057
 69048
 69040
 69022
 68990
 68964
 68953
 68957
 68946
 68931
 68907
