So, 16.02.25    13:24:52
638 Kermes-3
3		
46.280
0.000
0.000


 19878
 19973
 20077
 20163
 20246
 20320
 20404
 20504
 20582
 20691
 20779
 20879
 20959
 21067
 21178
 21318
 21431
 21530
 21649
 21747
 21856
 21983
 22094
 22224
 22371
 22506
 22626
 22755
 22885
 22976
 23077
 23207
 23322
 23428
 23551
 23672
 23803
 23950
 24085
 24231
 24366
 24477
 24592
 24713
 24834
 24960
 25098
 25248
 25398
 25572
 25704
 25844
 25982
 26101
 26224
 26350
 26480
 26625
 26770
 26937
 27078
 27241
 27394
 27553
 27681
 27814
 27924
 28059
 28194
 28334
 28507
 28660
 28830
 28988
 29151
 29299
 29436
 29579
 29723
 29866
 30002
 30178
 30335
 30488
 30658
 30835
 31005
 31172
 31291
 31420
 31558
 31710
 31875
 32038
 32214
 32378
 32553
 32713
 32881
 33015
 33168
 33317
 33463
 33622
 33797
 33964
 34121
 34295
 34490
 34673
 34835
 34992
 35134
 35290
 35431
 35616
 35776
 35941
 36121
 36285
 36458
 36636
 36795
 36965
 37117
 37284
 37439
 37619
 37786
 37951
 38123
 38311
 38506
 38688
 38849
 38985
 39132
 39303
 39468
 39633
 39828
 39995
 40196
 40362
 40556
 40728
 40876
 41045
 41197
 41359
 41527
 41704
 41873
 42061
 42252
 42442
 42624
 42787
 42958
 43117
 43268
 43423
 43602
 43769
 43941
 44126
 44308
 44484
 44678
 44849
 45024
 45201
 45358
 45523
 45688
 45845
 46001
 46145
 46304
 46466
 46604
 46758
 46922
 47096
 47263
 47424
 47591
 47731
 47868
 47991
 48107
 48251
 48400
 48555
 48702
 48840
 48964
 49092
 49228
 49362
 49496
 49648
 49786
 49938
 50116
 50309
 50511
 50694
 50870
 66401
 68868
 68866
 68874
 68879
 68874
 68880
 68868
 68870
 68873
 68872
 68879
 68869
 68872
 68881
 68878
 68875
 68883
 68873
 68864
 68866
 68878
 68848
 68815
 68799
 68698
 68552
 68335
 68178
 68113
 68125
 68229
 68322
 68387
 68299
 68183
 68159
 68194
 68225
 68201
 68179
 68170
 68146
 68181
 68233
 68333
 68491
 68603
 68600
 68544
