So, 16.02.25    13:47:51
267 Anochili-4
4		
46.280
0.000
0.000


 19212
 19361
 19490
 19630
 19768
 19884
 20011
 20116
 20235
 20355
 20477
 20606
 20739
 20866
 21010
 21151
 21278
 21426
 21576
 21704
 21843
 21987
 22128
 22269
 22398
 22536
 22663
 22809
 22963
 23104
 23235
 23384
 23554
 23700
 23829
 23989
 24126
 24275
 24420
 24560
 24695
 24834
 24974
 25117
 25270
 25420
 25584
 25748
 25891
 26031
 26172
 26311
 26440
 26590
 26737
 26896
 27056
 27218
 27359
 27529
 27689
 27833
 27990
 28136
 28282
 28442
 28591
 28729
 28881
 29043
 29198
 29379
 29549
 29702
 29861
 30015
 30164
 30321
 30470
 30624
 30790
 30937
 31104
 31268
 31418
 31604
 31763
 31923
 32080
 32247
 32411
 32556
 32712
 32868
 33044
 33209
 33377
 33560
 33737
 33885
 34052
 34210
 34379
 34528
 34691
 34855
 35040
 35205
 35386
 35561
 35730
 35897
 36052
 36220
 36372
 36530
 36692
 36864
 37040
 37214
 37407
 37585
 37751
 37910
 38072
 38235
 38388
 38566
 38725
 38912
 39080
 39246
 39431
 39607
 39780
 39948
 40135
 40307
 40467
 40641
 40806
 40974
 41155
 41319
 41498
 41678
 41849
 42028
 42200
 42368
 42545
 42712
 42885
 43055
 43229
 43398
 43575
 43749
 43918
 44092
 44266
 44435
 44605
 44797
 44979
 45165
 45338
 45520
 45698
 45869
 46034
 46172
 46302
 46438
 46620
 46811
 46958
 47113
 47254
 47418
 47568
 47736
 47956
 48115
 48301
 48433
 48553
 48702
 48842
 48992
 49121
 26464
 17146
 17105
 17083
 17078
 17105
 17063
 16968
 33680
 50441
 50578
 50690
 50846
 50994
 51133
 51288
 51495
 51666
 51780
 52777
 68911
 68843
 68832
 68829
 68827
 68833
 68825
 68823
 68830
 68830
 68831
 68834
 68840
 68832
 68841
 68845
 68853
 68853
 68851
 68840
 68836
 68839
 68848
 68841
 68831
 68832
 68838
 68831
 68839
 68827
 68835
 68838
 68838
 68827
 68841
 68839
 68837
 68836
 68845
 68832
 68838
 68844
 68834
 68827
 68843
 68841
 68841
 68847
 68845
 68848
