So, 16.02.25    12:57:09
813 Sohn-1
1		
46.280
0.000
0.000


  9329
  9311
  9323
  9321
  9313
  9319
  9317
  9313
  9315
  9292
  9308
  9315
  9310
  9313
  9323
  9306
  9306
  9317
  9307
  9299
  9303
  9325
  9310
  9314
  9309
  9319
  9333
  9330
  9328
  9343
  9340
  9344
  9360
  9359
  9362
  9387
  9400
  9423
  9452
  9485
  9505
  9522
  9568
  9580
  9615
  9648
  9673
  9681
  9714
  9718
  9737
  9761
  9779
  9825
  9890
  9924
  9970
 10021
 10113
 10156
 10196
 10263
 10316
 10391
 10464
 10523
 10604
 10665
 10741
 10799
 10876
 10943
 11011
 11101
 11156
 11219
 11306
 11383
 11488
 11572
 11685
 11765
 11860
 11947
 12021
 12105
 12206
 12291
 12414
 12526
 12613
 12707
 12837
 12947
 13062
 13171
 13281
 13389
 13512
 13603
 13694
 13808
 13897
 14032
 14132
 14272
 14383
 14513
 14632
 14765
 14911
 15029
 15139
 15258
 15370
 15498
 15612
 15714
 15833
 15977
 16090
 16207
 16340
 16481
 16641
 16786
 16924
 17047
 17175
 17301
 17422
 17542
 17679
 17820
 17972
 18112
 18242
 18406
 18560
 18720
 18856
 18995
 19140
 19281
 19410
 19541
 19692
 19814
 19960
 20113
 20270
 20432
 20603
 20755
 20905
 21044
 21187
 21321
 21452
 21603
 21733
 21924
 22092
 22242
 22404
 22558
 22731
 22877
 23041
 23185
 23341
 23492
 23656
 23809
 23962
 24094
 24250
 24422
 24592
 24773
 24956
 25125
 25283
 25438
 25595
 25752
 25907
 26065
 26240
 26406
 26572
 26726
 26911
 27088
 27259
 27415
 27570
 27717
 27857
 28063
 28233
 28397
 28561
 28723
 28887
 29064
 29259
 29436
 29597
 29759
 29928
 30085
 30249
 30423
 30593
 30783
 30940
 31122
 31278
 31438
 31634
 31795
 31973
 32150
 32313
 32485
 32658
 32816
 32970
 33143
 33306
 33505
 33707
 33895
 34075
 34241
 34401
 34556
 34734
 34906
 35095
 35273
 35452
 35635
 35818
 35994
 36173
 36333
 36497
 36669
 36857
 37032
 37212
 37383
 37558
 37728
 37901
 38100
 38284
 38469
 38655
 38824
 38994
 39170
 39339
 39524
 39696
 39883
 40078
 40268
 40442
 40636
 40811
 40994
 41169
 41330
 41503
 41686
 41851
 42030
 42226
 42429
 42620
 42802
 42975
 43158
 43318
 43500
 43681
 43856
 44048
 44240
 44404
 44580
 44743
 44944
 45117
 45281
 45377
 45546
 45791
 46003
 46173
 46339
 46506
 46663
 46859
 47058
 47193
 47321
 47450
 47572
 47719
 47888
 48068
 48229
 48327
 48515
 48708
 48924
 49155
 49388
 49566
 49729
 49876
 49993
 50095
 50174
 50248
 50343
 50460
 50594
 50732
 50867
 50989
 51153
 51286
 51529
 54444
 68667
 68650
 68629
 68642
 68637
 68637
 68645
 68642
 68652
 68652
 68646
 68663
 68660
 68670
 68678
 68685
 68682
 68685
 68688
 68683
 68697
 68691
 68703
 68701
 68710
 68717
 68722
 68725
 62169
 55308
 55405
 55339
 55335
 55347
 55445
 55577
 55747
 55796
 55977
 56079
 56132
 56258
 56360
 56386
 56499
 56693
 56835
 56914
 60202
 68777
 68770
 68758
 68764
 68784
 68786
 68781
 68773
 68775
 68767
 68749
 68756
 68762
 68764
 68763
 68761
 68770
 68764
 68758
 68761
 68763
 68764
 68772
 68753
 68758
 68764
 68761
 68752
 68765
 68763
 68744
 68764
 68762
 68762
 68765
 68764
 68766
 68766
 68761
 68767
 68771
 68760
 68755
