So, 16.02.25    13:59:54
655 Freitag-5
5		
46.280
0.000
0.000


  9866
  9872
  9883
  9891
  9882
  9906
  9977
 10008
 10037
 10088
 10131
 10155
 10210
 10242
 10277
 10336
 10377
 10412
 10434
 10459
 10506
 10532
 10597
 10638
 10682
 10746
 10821
 10908
 10978
 11067
 11154
 11211
 11270
 11352
 11420
 11485
 11564
 11649
 11745
 11835
 11909
 12019
 12136
 12239
 12335
 12422
 12524
 12617
 12695
 12784
 12881
 12974
 13071
 13178
 13283
 13388
 13505
 13628
 13770
 13895
 14005
 14109
 14209
 14326
 14437
 14551
 14669
 14776
 14917
 15070
 15194
 15332
 15468
 15581
 15691
 15807
 15917
 16039
 16160
 16262
 16411
 16543
 16699
 16854
 16993
 17129
 17253
 17355
 17485
 17600
 17732
 17874
 18035
 18189
 18345
 18503
 18670
 18827
 18970
 19092
 19232
 19356
 19489
 19625
 19778
 19918
 20083
 20244
 20406
 20568
 20709
 20835
 20966
 21106
 21227
 21374
 21524
 21693
 21868
 22029
 22205
 22380
 22543
 22671
 22799
 22932
 23080
 23237
 23378
 23548
 23726
 23883
 24082
 24256
 24418
 24558
 24700
 24839
 24991
 25149
 25306
 25484
 25654
 25829
 26007
 26174
 26349
 26486
 26638
 26780
 26925
 27085
 27243
 27419
 27588
 27755
 27941
 28131
 28309
 28472
 28619
 28769
 28934
 29084
 29267
 29439
 29619
 29795
 29986
 30173
 30342
 30507
 30649
 30801
 30965
 31122
 31282
 31451
 31626
 31817
 31999
 32211
 32390
 32559
 32689
 32865
 33004
 33168
 33342
 33526
 33706
 33888
 34073
 34266
 34458
 34631
 34780
 34947
 35112
 35276
 35437
 35611
 35784
 35977
 36137
 36331
 36528
 36700
 36855
 37014
 37183
 37346
 37515
 37687
 37856
 38043
 38222
 38401
 38601
 38791
 38968
 39114
 39263
 39442
 39604
 39779
 39949
 40140
 40319
 40504
 40713
 40899
 41082
 41234
 41381
 41545
 41717
 41905
 42086
 42273
 42469
 42643
 42833
 43024
 43180
 43343
 43506
 43685
 43854
 44037
 44211
 44401
 44590
 44792
 44983
 45174
 45344
 45521
 45689
 45854
 46013
 46168
 46311
 46477
 46630
 46764
 46921
 47089
 47245
 47400
 47569
 47712
 47833
 47998
 48198
 48375
 48453
 48663
 48835
 49137
 49350
 49545
 60154
 68826
 68830
 49968
 49978
 50076
 50166
 50273
 50399
 50540
 50687
 50840
 51012
 51200
 51371
 51545
 51728
 51917
 63382
 68798
 68801
 68803
 68793
 68793
 68795
 68789
 68786
 68787
 68791
 68796
 68783
 68780
 68790
 68772
 68787
 68776
 68778
 68779
 68781
 68800
 68797
 68800
 68797
 68812
 68800
 67111
 68806
 68797
 68805
 68805
 68812
 68809
 68817
 68814
 65463
 54113
 54134
 54106
 54102
 59370
 68743
 68624
 68489
 68460
 68390
 68326
 68314
 68300
 68283
 68249
 68222
 68242
 68232
 68227
 68214
 68202
 68211
 68183
 68195
 68191
 68181
 68181
 68174
 68170
 68173
 68168
 68158
 68155
 68170
 68155
 68160
 68145
 68141
 68147
 68150
 68136
 68137
 68143
 68142
 68130
 68137
 68137
 68134
 68124
 68121
 68126
 68110
 68117
 68121
