So, 16.02.25    13:01:28
79 Loewenthal-2
2		
46.280
0.000
0.000


 13105
 13108
 13110
 13135
 13162
 13190
 13213
 13238
 13275
 13307
 13355
 13373
 13380
 13402
 13434
 13472
 13511
 13565
 13611
 13645
 13684
 13719
 13761
 13805
 13822
 13867
 13906
 13955
 14014
 14095
 14149
 14223
 14316
 14390
 14485
 14542
 14626
 14706
 14768
 14838
 14924
 14982
 15038
 15104
 15146
 15233
 15322
 15408
 15480
 15591
 15673
 15775
 15866
 15954
 16042
 16111
 16199
 16291
 16382
 16480
 16572
 16681
 16788
 16887
 16989
 17108
 17219
 17359
 17470
 17569
 17670
 17761
 17846
 17929
 18018
 18132
 18251
 18376
 18502
 18627
 18757
 18882
 18996
 19118
 19246
 19385
 19461
 19584
 19698
 19807
 19926
 20052
 20169
 20305
 20430
 20564
 20689
 20841
 20983
 21123
 21254
 21373
 21487
 21608
 21722
 21865
 22007
 22150
 22290
 22451
 22562
 22697
 22826
 22967
 23107
 23228
 23372
 23515
 23654
 23785
 23910
 24067
 24202
 24347
 24503
 24653
 24832
 24990
 25136
 25258
 25384
 25538
 25666
 25805
 25962
 26094
 26253
 26404
 26553
 26708
 26866
 27027
 27177
 27317
 27458
 27595
 27739
 27887
 28045
 28208
 28361
 28542
 28721
 28898
 29054
 29201
 29343
 29470
 29625
 29775
 29943
 30102
 30259
 30447
 30601
 30760
 30932
 31080
 31231
 31372
 31522
 31685
 31841
 32004
 32179
 32339
 32512
 32684
 32876
 33044
 33205
 33331
 33475
 33648
 33797
 33945
 34122
 34290
 34458
 34623
 34807
 34979
 35136
 35311
 35459
 35611
 35777
 35931
 36098
 36257
 36427
 36605
 36797
 36980
 37165
 37333
 37483
 37634
 37789
 37947
 38109
 38272
 38446
 38625
 38804
 38982
 39146
 39296
 39466
 39633
 39791
 39958
 40131
 40303
 40481
 40661
 40842
 41034
 41208
 41374
 41531
 41688
 41858
 42016
 42195
 42365
 42537
 42697
 42873
 43034
 43202
 43361
 43528
 43675
 43848
 44020
 44189
 44362
 44541
 44730
 44922
 45122
 45287
 45446
 45621
 45797
 45938
 46095
 46224
 46355
 46493
 46641
 46799
 46929
 47086
 47241
 47416
 47614
 47977
 48082
 48325
 48524
 54007
 68970
 68963
 60039
 49190
 49131
 49272
 49358
 49434
 49469
 49492
 49583
 49711
 49858
 50011
 50197
 50348
 50484
 50659
 50819
 51019
 51330
 51525
 51722
 51803
 51935
 52026
 52675
 68830
 68824
 68807
 68816
 68801
 68788
 68781
 68781
 68764
 68756
 68757
 68770
 68760
 68765
 68767
 68764
 68758
 68766
 68763
 68773
 68769
 68777
 68767
 68771
 68773
 63696
 54131
 55133
 68760
 68758
 68766
 68758
 68765
 68777
 68762
 68768
 68776
 68771
 68757
 68760
 68765
 68766
 68764
 68770
 68770
 68771
 68771
 68771
 68759
 68769
 68775
 68766
 68774
 68776
 68764
 68772
 68769
 68768
 68778
 68763
 68772
 68768
 68774
 68771
 68770
 68767
 68764
 68765
 68762
 68773
 68770
 68776
 68764
 68772
 68771
 68761
 68769
 68767
