So, 16.02.25    13:13:45
658 Zeigermann-2
2		
46.280
0.000
0.000


  9742
  9749
  9772
  9790
  9815
  9821
  9856
  9889
  9902
  9938
  9972
 10033
 10074
 10137
 10168
 10224
 10269
 10324
 10369
 10433
 10520
 10577
 10636
 10682
 10740
 10784
 10829
 10879
 10953
 11009
 11061
 11158
 11225
 11310
 11396
 11479
 11569
 11637
 11723
 11814
 11879
 11959
 12060
 12121
 12226
 12317
 12431
 12585
 12678
 12749
 12820
 12879
 12984
 13069
 13168
 13261
 13357
 13450
 13548
 13646
 13742
 13841
 13941
 14037
 14148
 14256
 14373
 14490
 14607
 14737
 14833
 14949
 15055
 15165
 15267
 15378
 15474
 15598
 15707
 15844
 15955
 16063
 16171
 16277
 16401
 16513
 16632
 16755
 16869
 16988
 17101
 17225
 17350
 17475
 17624
 17760
 17908
 18025
 18155
 18276
 18405
 18518
 18661
 18777
 18926
 19064
 19194
 19316
 19457
 19594
 19727
 19865
 20002
 20144
 20268
 20403
 20515
 20659
 20805
 20962
 21115
 21262
 21407
 21540
 21673
 21811
 21959
 22103
 22255
 22394
 22544
 22681
 22827
 22982
 23129
 23270
 23423
 23571
 23716
 23869
 24012
 24145
 24301
 24454
 24617
 24791
 24957
 25126
 25273
 25410
 25556
 25708
 25856
 26013
 26168
 26318
 26471
 26635
 26796
 26949
 27101
 27259
 27418
 27569
 27715
 27857
 28008
 28178
 28350
 28535
 28711
 28883
 29032
 29185
 29335
 29499
 29671
 29830
 29996
 30159
 30322
 30482
 30665
 30819
 30973
 31136
 31294
 31445
 31602
 31762
 31927
 32122
 32302
 32486
 32658
 32811
 32975
 33117
 33270
 33440
 33619
 33783
 33940
 34119
 34291
 34458
 34620
 34792
 34956
 35132
 35302
 35468
 35605
 35783
 35972
 36144
 36326
 36509
 36683
 36849
 37012
 37186
 37345
 37515
 37677
 37850
 38010
 38183
 38354
 38530
 38709
 38863
 39040
 39214
 39372
 39528
 39698
 39876
 40063
 40255
 40443
 40640
 40813
 40972
 41148
 41288
 41458
 41631
 41809
 16262
 10728
 10813
 10912
 10890
 10905
 10907
 10898
 10894
 10918
 10924
 10932
 10950
 10979
 11037
 11055
 11244
 11309
 11283
 11490
 29805
 45662
 45837
 45994
 46149
 46299
 46460
 46629
 46781
 46927
 47068
 47248
 47413
 47588
 47632
 47780
 47960
 48135
 48424
 48610
 48776
 48928
 49059
 49172
 49289
 49413
 49548
 49690
 49828
 49970
 50131
 50278
 50428
 50616
 50802
 51010
 51115
 51280
 65970
 68772
 68775
 68771
 68776
 68784
 68778
 68787
 68794
 68793
 68794
 68784
 68791
 68781
 68781
 68770
 68775
 68778
 68782
 68778
 68790
 68797
 68791
 68808
 68818
 68804
 68810
 68800
 68792
 68784
 68765
 68752
 68739
 68740
 68733
 68748
 68736
 68739
 68746
 68746
 68742
 68744
 68748
 68742
 68749
 68750
 68744
 68748
 68742
 68745
