So, 16.02.25    13:43:35
459 Ehlers-4
4		
46.280
0.000
0.000


 12153
 12203
 12252
 12306
 12334
 12407
 12476
 12553
 12610
 12712
 12799
 12905
 12960
 13031
 13117
 13192
 13279
 13358
 13435
 13526
 13606
 13698
 13773
 13852
 13948
 14049
 14140
 14239
 14348
 14443
 14544
 14634
 14734
 14803
 14884
 14986
 15081
 15186
 15321
 15458
 15546
 15640
 15734
 15866
 15945
 16060
 16155
 16229
 16331
 16428
 16533
 16640
 16765
 16899
 17039
 17180
 17281
 17411
 17542
 17659
 17794
 17883
 17990
 18109
 18218
 18344
 18497
 18662
 18779
 18899
 19023
 19156
 19283
 19430
 19531
 19641
 19782
 19897
 20033
 20167
 20310
 20455
 20590
 20712
 20867
 21017
 21155
 21265
 21396
 21512
 21646
 21774
 21934
 22084
 22228
 22383
 22517
 22654
 22808
 22944
 23075
 23202
 23331
 23474
 23611
 23762
 23900
 24072
 24226
 24374
 24541
 24692
 24852
 24999
 25143
 25275
 25404
 25563
 25719
 25876
 26024
 26169
 26311
 26475
 26627
 26780
 26931
 27085
 27219
 27371
 27529
 27691
 27841
 27989
 28150
 28310
 28477
 28660
 28809
 28955
 29087
 29229
 29386
 29548
 29708
 29886
 30036
 30204
 30364
 30533
 30694
 30838
 30989
 31135
 31292
 31454
 31622
 31786
 31942
 32114
 32296
 32469
 32639
 32788
 32939
 33092
 33249
 33398
 33577
 33735
 33900
 34073
 34237
 34410
 34574
 34746
 34903
 35060
 35242
 35397
 35553
 35729
 35893
 36062
 36236
 36408
 36581
 36749
 36919
 37073
 37231
 37393
 37555
 37727
 37889
 38059
 38217
 38381
 38563
 38734
 38884
 39048
 39211
 39376
 39552
 39718
 39890
 40061
 40258
 40425
 40616
 40794
 40946
 41109
 41274
 41425
 41609
 41785
 41972
 42146
 42317
 42485
 42655
 42812
 42977
 43139
 43302
 43470
 43644
 43815
 43999
 44169
 44348
 44528
 44724
 44902
 45071
 45253
 45403
 45567
 45721
 45859
 46025
 46174
 46329
 46465
 46602
 46742
 46885
 47048
 47230
 47435
 47612
 47788
 47974
 48109
 48247
 48363
 48496
 48670
 48812
 48958
 49064
 49192
 49308
 49416
 49544
 49657
 49772
 49920
 50086
 50231
 22308
  7751
  7680
 30204
 51037
 51360
 51477
 52128
 68881
 68895
 68887
  8141
  8043
  7914
  7875
  7904
  7954
  8037
  8069
  8086
  8099
  8105
  8133
  8135
  8148
  8170
  8186
  8193
  8226
  8245
  8269
  8293
  8310
  8323
  8364
  8371
  8396
  8418
  8440
  8459
  8491
  8509
  8521
  8542
  8568
  8595
  8614
  8639
  8654
  8678
  8691
  8710
  8729
  8737
  8749
  8779
  8790
  8812
  8812
  8831
  8833
  8857
  8870
  8887
  8892
  8908
  8918
  8940
  8963
  8971
  8998
  9010
  9018
  9032
  9062
  9061
  9068
  9112
  9130
  9161
  9175
  9206
  9214
  9243
  9272
  9285
  9296
  9337
  9340
  9350
  9366
  9383
  9405
  9420
  9440
  9467
  9432
  9381
  9342
  9427
  9440
  9496
  9455
  9483
  9501
  9543
  9556
  9545
  9544
  9554
  9559
  9576
  9568
  9600
  9654
  9668
  9662
  9642
  9633
  9627
  9602
  9612
  9628
  9632
  9627
  9644
  9658
  9695
  9717
  9712
  9727
  9727
  9730
  9736
  9730
  9744
  9726
  9726
  9734
  9715
  9695
  9682
  9681
  9671
  9659
  9686
  9749
  9788
  9803
  9793
  9785
  9782
  9777
  9773
  9764
  9766
  9766
  9763
  9766
  9772
  9772
  9774
  9765
  9781
  9774
  9779
  9777
  9796
  9779
  9794
  9796
  9781
  9788
  9797
  9789
  9792
  9801
  9789
  9778
  9764
  9762
  9767
  9752
  9725
  9743
 21405
 36521
 76505
 77163
 77364
 78340
 79515
 79120
 78143
 77046
 76061
 75092
 74130
 73362
 72589
 72003
 71333
 70894
 70171
 68354
 67046
 66475
 64935
 63761
 62600
 61975
 61415
 60450
 60009
 59775
 59696
 59737
 59828
 59855
 59822
 59668
 59522
 59422
 59448
 59508
 59636
 59737
 59793
 59914
 59988
 59991
 60043
 60085
 60153
 60224
 60162
 60247
