So, 16.02.25    13:28:55
585 Götze-3
3		
46.280
0.000
0.000


 11374
 11429
 11502
 11545
 11607
 11677
 11735
 11798
 11826
 11885
 11959
 12024
 12073
 12153
 12226
 12296
 12380
 12432
 12495
 12563
 12618
 12669
 12716
 12807
 12884
 12954
 13053
 13145
 13230
 13324
 13412
 13502
 13600
 13700
 13798
 13894
 13978
 14060
 14139
 14237
 14340
 14443
 14544
 14658
 14762
 14875
 14989
 15091
 15176
 15259
 15352
 15450
 15555
 15680
 15786
 15894
 16017
 16111
 16228
 16350
 16451
 16575
 16676
 16789
 16909
 17012
 17127
 17252
 17360
 17482
 17618
 17739
 17850
 17996
 18128
 18264
 18400
 18535
 18640
 18756
 18865
 18991
 19110
 19250
 19371
 19493
 19628
 19761
 19894
 20041
 20172
 20290
 20407
 20542
 20671
 20801
 20922
 21062
 21191
 21314
 21453
 21631
 21783
 21934
 22068
 22195
 22325
 22451
 22569
 22696
 22827
 22983
 23125
 23267
 23405
 23558
 23706
 23854
 23998
 24131
 24263
 24397
 24536
 24662
 24832
 24976
 25131
 25281
 25437
 25608
 25769
 25914
 26051
 26175
 26290
 26426
 26564
 26716
 26876
 27030
 27189
 27342
 27512
 27664
 27805
 27946
 28085
 28222
 28359
 28528
 28680
 28841
 28992
 29141
 29316
 29482
 29647
 29799
 29949
 30098
 30244
 30388
 30542
 30708
 30861
 31015
 31181
 31342
 31495
 31668
 31810
 31968
 32114
 32281
 32425
 32590
 32746
 32892
 33062
 33230
 33408
 33588
 33751
 33900
 34041
 34179
 34349
 34502
 34676
 34846
 35008
 35190
 35352
 35517
 35687
 35842
 35984
 36145
 36289
 36459
 36621
 36792
 36970
 37153
 37341
 37512
 37677
 37837
 37984
 38136
 38292
 38450
 38628
 38791
 38968
 39133
 39299
 39471
 39642
 39801
 39964
 40136
 40297
 40450
 40624
 40782
 40958
 41139
 41309
 41485
 41650
 41814
 41978
 42143
 42301
 42464
 42635
 42798
 42965
 43136
 43292
 43468
 43633
 43792
 43956
 44117
 44279
 44451
 44619
 44794
 44983
 45166
 45352
 45512
 45675
 45828
 45981
 46147
 46288
 46436
 46577
 46698
 46844
 46994
 47160
 47322
 47481
 47232
 47615
 48027
 48213
 48381
 48513
 48658
 48789
 48906
 49040
 49172
 49292
 49410
 49531
 49637
 49745
 49849
 49976
 50126
 50257
 50407
 50563
 50723
 50887
 51125
 51356
 55055
 68921
 68915
 68916
 68925
 68927
 68917
 68920
 68908
 68922
 68917
 68927
 68922
 68925
 68923
 68928
 68929
 68941
 68942
 68959
 68974
 68993
 68999
 69012
 69022
 69016
 69011
 69016
 68996
 68994
 68974
 68961
 68952
 68952
 68949
 68935
 68930
 68918
 68903
 68902
 68883
 68870
 68857
 68852
 68820
 68805
 68795
 68782
 68790
 68763
 68757
