So, 16.02.25    12:45:49
655 Freitag-1
1		
46.280
0.000
0.000


 10274
 10302
 10334
 10384
 10414
 10428
 10456
 10493
 10534
 10577
 10655
 10740
 10822
 10888
 10958
 11049
 11136
 11189
 11254
 11307
 11373
 11451
 11526
 11620
 11717
 11796
 11885
 11970
 12076
 12189
 12291
 12391
 12482
 12547
 12653
 12742
 12839
 12941
 13044
 13148
 13250
 13379
 13513
 13631
 13727
 13854
 13969
 14068
 14159
 14281
 14397
 14517
 14618
 14761
 14916
 15050
 15177
 15297
 15403
 15527
 15641
 15759
 15863
 15999
 16129
 16218
 16346
 16509
 16671
 16825
 16954
 17073
 17208
 17327
 17457
 17586
 17713
 17849
 18002
 18155
 18314
 18489
 18639
 18758
 18887
 19037
 19173
 19304
 19434
 19576
 19720
 19877
 20064
 20231
 20390
 20521
 20665
 20806
 20942
 21075
 21234
 21371
 21524
 21703
 21889
 22077
 22244
 22394
 22522
 22679
 22829
 22975
 23110
 23259
 23437
 23593
 23769
 23949
 24134
 24307
 24428
 24578
 24715
 24883
 25050
 25227
 25425
 25579
 25748
 25918
 26102
 26245
 26387
 26529
 26692
 26845
 26999
 27172
 27345
 27503
 27673
 27859
 28053
 28205
 28350
 28514
 28664
 28830
 28989
 29160
 29343
 29535
 29715
 29906
 30090
 30276
 30417
 30576
 30732
 30898
 31060
 31231
 31402
 31575
 31761
 31971
 32175
 32336
 32497
 32652
 32796
 32958
 33136
 33310
 33513
 33690
 33877
 34059
 34245
 34421
 34583
 34743
 34904
 35076
 35256
 35429
 35601
 35788
 35971
 36174
 36358
 36536
 36695
 36857
 37034
 37200
 37368
 37557
 37736
 37921
 38106
 38280
 38485
 38669
 38827
 38993
 39153
 39327
 39496
 39683
 39871
 40053
 40268
 40468
 40672
 40842
 40996
 41159
 41317
 41488
 41678
 41881
 42078
 42254
 42438
 42632
 42814
 42995
 43154
 43323
 43516
 43693
 43863
 44030
 44206
 44396
 44584
 44795
 44983
 45180
 45349
 45519
 38110
 22498
 22536
 22519
 24720
 46469
 22664
 22302
 22250
 22192
 22173
 22168
 22177
 22181
 22140
 39565
 48135
 48231
 48481
 48614
 48980
 49250
 68340
 68864
 68876
 68862
 62100
 49867
 49971
 50056
 50167
 50273
 50408
 50553
 50707
 50886
 51099
 51265
 51457
 51646
 51760
 52360
 68828
 68823
 68822
 68809
 68809
 68815
 68803
 68801
 58340
 68790
 68803
 68803
 68806
 68808
 68818
 68814
 68821
 68828
 68831
 68843
 68858
 68836
 68840
 68845
 68837
 68842
 68828
 68831
 68831
 68834
 68830
 68831
 68832
 68834
 68826
 68838
 68833
 68829
 68846
 68852
 68842
 68836
 68835
 68835
 68833
 68826
 68813
 68826
 68823
 68829
