So, 16.02.25    13:42:23
585 Götze-4
4		
46.280
0.000
0.000


 21309
 21427
 21537
 21646
 21800
 21954
 22109
 22248
 22406
 22529
 22633
 22752
 22884
 23003
 23152
 23304
 23452
 23590
 23728
 23876
 24033
 24167
 24297
 24434
 10088
 11176
 24864
 25006
 25173
 25302
 25431
 25584
 25758
 25936
 25542
  3874
  3618
  3563
  3461
  3394
  3379
  3363
  3334
  3328
  3343
  3328
  3292
  3269
  3215
  3170
  3134
  3102
  3063
  3073
  3055
  3016
  2997
  2992
  3030
  3133
  3157
  3142
  3118
  3071
  3065
  3287
  3666
  3758
  3977
  3992
  3968
  3964
  3976
  3967
  3940
  3905
  3855
  3842
  3854
  3861
  3864
  3816
  3772
  3733
  3702
  3684
  3672
  3651
  3620
  3609
  3580
  3565
  3548
  3504
  3487
  3348
 14693
 35826
 35984
 36152
 36295
 36439
 36605
 36775
 36947
 37108
 37274
 37455
 37621
 37790
 37951
 38116
 38266
 38415
 38594
 38752
 38913
 39089
 39257
 39412
 39484
 39546
 39673
 39793
 40169
 41652
 68999
 69015
 69039
 69055
 69079
 69086
 69103
 69112
 69140
 69143
 69161
 69175
 69162
 69173
 69177
 69169
 69166
 69166
 69162
 69167
 69161
 69166
 69161
 69163
 69173
 69171
 69174
 69158
 69164
 69166
 69164
 69167
 69162
 69153
 69167
 69175
 69167
 69164
 69169
 69175
 69165
 69161
 69166
 69177
 69165
 69153
 69151
 69170
 69162
 69164
