So, 16.02.25    13:07:05
655 Freitag-2
2		
46.280
0.000
0.000


  9571
  8798
  8483
  8356
  8301
  8253
  8225
  8200
  8200
  8201
  8194
  8238
  8420
  9320
  9989
 10031
 10031
 10018
 10015
 10018
 10022
 10020
 10025
 10030
 10025
 10016
 10026
 10022
 10024
 10027
 10029
 10029
 10021
 10020
 10029
 10028
 10026
 10029
 10031
 10024
 10030
 10030
 10034
 10034
 10031
 10023
 10030
 10033
 10036
 10044
 10026
 10032
 10046
 10037
 10037
 10031
 10029
 10034
 10041
 10031
 10044
 10039
 10041
 10045
 10035
 10037
 10051
 10042
 10050
 10036
 10039
 10041
 10037
 10039
 10045
 10034
 10035
 10029
 10039
 10040
 10042
 10039
 10042
 10035
 10044
 10040
 10043
 10040
 10050
 10037
 10045
 10036
 10044
 10049
 10037
 10056
 10054
 10047
 10056
 10050
 10059
 10055
 10054
 10059
 10067
 10058
 10058
 10066
 10072
 10080
 10074
 10074
 10081
 10092
 10086
 10085
 10080
 10089
 10092
 10101
 10103
 10100
 10111
 10104
 10121
 10092
 10102
 10110
 10124
 10122
 10127
 10127
 10141
 10144
 10149
 10147
 10153
 10165
 10160
 10164
 10155
 10158
 10157
 10150
 10158
 10156
 10154
 10151
 10151
 10151
 10138
 10140
 10130
 10126
 10130
 10126
 10123
 10113
 10107
 10100
 10104
 10085
 10082
 10089
 10086
 10079
 10066
 10086
 10088
 10091
 10089
 10101
 10104
 10112
 10119
 10132
 10133
 10140
 10152
 10145
 10138
 10149
 10158
 10157
 10148
 10157
 10158
 10149
 10154
 10142
 10140
 10138
 10129
 10129
 10127
 10121
 10120
 10105
 10105
 10105
 10092
 10087
 10096
 10076
 10077
 10065
 10064
 10060
 10084
 10075
 10079
 10081
 10092
 10091
 10091
 10099
 10108
 10116
 10123
 10116
 10137
 10146
 10144
 10135
 10120
 10113
 10118
 10069
 10046
 10004
 10011
 10037
 10092
 10099
 10061
 10063
 10140
 10128
  9985
 10107
 10128
 10145
 10042
 10130
 12135
 31179
 54333
 40177
 58035
 57334
 66471
 47447
 57367
 57263
 49253
 40273
 57247
 10016
 10081
 10133
 10011
 13709
 10197
 19928
 29359
 40477
 64566
 66468
 66427
 66422
 66405
 66380
 66356
 66350
 66381
 66368
 66379
 66348
 66353
 66359
 66355
 66366
 66366
 66370
 66367
 66384
 66369
 66368
 66378
 66387
 66375
 66365
 10453
 10305
 10311
 10291
 10255
 10246
 10252
 10255
 10247
 10228
 10220
 10216
 10210
 10208
 10201
 10196
 10193
 10184
 10185
 10198
 10193
 10189
 10197
 10199
 10196
 10198
 10192
 10183
 10181
 10161
 10159
 10157
 10160
 10135
 10150
 10147
 10081
 10072
 10070
 10070
 10045
 10147
 10190
 10166
 10148
 10177
 10183
 10125
 10184
 10179
 10200
 10069
 10210
     0
     0
     0
     0
     0
     0
     0
     0
     0
     0
     0
     0
     0
     0
     0
 10155
 10118
 10133
 10036
 10055
 10091
 10125
 10146
 10141
 10185
 10186
 10206
 10216
  6805
  4469
  3954
  3905
  3884
  3872
  3873
  3836
  3769
  3799
  3740
  4174
  9141
 10107
 10100
 10114
 10130
 10119
 10124
 10123
 10120
 10130
 10135
 10124
 10119
 10119
 10119
 10119
 10119
 10119
 10119
 10119
 10119
 10119
 10119
 10117
 10110
 10111
 10102
 10119
 10104
 10088
 10086
 10086
 10083
 10089
 10086
 10090
 10079
 10078
 10074
 10063
 10070
 10067
 10075
 10069
 10053
 10069
 10044
 10062
 10059
 10071
 10058
 10070
 10066
 10066
 10068
 10069
 10067
 10080
 10086
 10086
 10090
 10089
 10097
 10091
 10092
 10106
 10105
 10106
 10103
 10103
 10109
 10101
 10101
 10114
 10097
 10109
 10106
 10108
 10109
 10116
 10110
 10115
 10116
 10108
 10103
 10114
 10119
 10114
 10103
 10103
 10106
 10111
 10110
 10108
 10123
 10118
 10122
 10114
 10116
 10118
 10111
 10099
 10113
 10111
 10106
 10109
 10111
 10111
 10108
 10106
 10116
 10105
 10108
 10104
 10108
 10110
 10110
 10107
 10105
 10110
 10106
 10098
 10105
 10099
 10101
 10108
 10110
 10105
 10109
 10107
 10099
 10096
 10107
 10100
 10101
 10102
 10092
 10104
 10099
 10098
 10096
 10097
 10098
 10089
 10084
 10106
 10095
 10096
 10090
 10103
 10101
 10090
 10095
 10096
 10084
 10095
 10101
 10097
 10096
 10091
 10103
 10101
 10089
 10089
 10098
 10079
 10075
 10069
 10078
 10068
 10074
 10073
 10064
 10055
 10055
 10047
 10036
 10021
 10024
 10015
 10021
 10005
  9991
 10009
 10018
 10003
 10015
  9997
 10009
  9991
  9984
  9958
  9952
  9912
  9899
  9873
  9866
  9840
  9829
  9810
  9802
  9781
  9781
  9764
  9768
  9757
  9748
  9743
  9752
  9753
  9739
  9755
  9740
  9745
  9757
  9755
  9749
  9744
  9774
  9758
  9781
  9784
  9767
  9803
  9795
  9814
  9803
  9798
  9810
  9812
  9837
  9851
  9870
  9902
  9943
  9990
 10039
 10088
 10123
 10215
 10302
 10397
 10410
 10378
 10356
 10362
 10378
 10403
 10444
 10489
 10553
 10605
 10661
 10730
 10804
 10878
 10958
 11052
 11130
 11180
 11258
 11298
 11381
 11440
 11541
 11627
 11742
 11815
 11942
 12007
 12126
 12242
 12325
 12420
 12494
 12577
 12656
 12744
 12841
 12941
 13059
 13160
 13271
 13402
 13526
 13657
 13770
 13892
 13955
 14063
 14150
 14274
 14372
 14530
 14646
 14769
 14922
 15040
 15191
 15309
 15429
 15525
 15635
 15763
 15867
 15984
 16108
 16218
 16366
 16527
 16685
 16826
 16939
 17072
 17205
 17316
 17434
 17568
 17695
 17835
 17975
 18119
 18277
 18433
 18597
 18735
 18859
 18992
 19126
 19258
 19400
 19548
 19695
 19844
 20008
 20188
 20331
 20466
 20594
 20741
 20882
 21027
 21170
 21320
 21482
 21657
 21814
 21994
 22162
 22290
 22440
 22583
 22729
 22867
 23027
 23166
 23346
 23501
 23684
 23848
 24008
 24170
 24312
 24469
 24626
 24787
 24954
 25136
 25299
 25473
 25666
 25815
 25986
 26117
 26246
 26412
 26608
 26754
 26899
 27089
 27236
 27384
 27581
 27760
 27944
 28080
 28230
 28391
 28565
 28722
 28900
 29078
 29260
 29427
 29633
 29807
 29973
 30115
 30268
 30432
 30603
 30759
 30924
 31094
 31272
 31444
 31634
 31826
 32001
 32167
 32337
 32499
 32664
 32819
 32991
 33164
 33341
 33537
 33736
 33917
 34085
 34238
 34416
 34578
 34743
 34910
 35084
 35263
 35440
 35627
 35808
 36008
 36192
 36330
 36520
 36680
 36860
 37057
 37237
 37415
 37599
 37766
 37949
 38139
 38307
 38501
 38662
 38834
 38997
 39150
 39328
 39518
 39694
 39874
 40062
 40280
 40466
 40657
 40816
 40963
 41121
 41287
 41468
 41662
 41847
 42021
 42210
 42401
 42584
 42749
 42933
 43101
 43273
 43438
 43613
 43786
 43960
 44145
 44321
 44521
 44727
 44918
 45102
 45263
 45433
 45599
 45760
 45931
 46081
 46238
 46380
 46534
 46683
 46839
 47023
 47204
 47351
 47156
 47342
 47810
 48056
 48057
 48136
 48352
 48593
 48793
 49166
 56224
 68809
 68823
 68814
 62571
 49847
 49823
 49889
 49987
 50111
 50244
 50376
 50538
 50721
 50900
 51057
 51206
 51402
 51682
 51849
 51871
 52187
 63479
 68765
 68768
 68777
 68797
 68814
 68805
 68801
 68777
 68759
 68736
 68728
 68734
 68742
 68736
 68735
 68743
 68753
 68734
 68757
 68754
 68748
 68756
 68751
 68759
 68754
 68760
 68752
 68754
 68744
 68750
 68759
 68745
 68733
 68747
 68744
 68750
 68737
 68736
 68741
 68746
 68746
 68749
 68743
 68739
 68741
 68742
 68751
 68746
 68739
     0
