Sa, 15.02.25    15:33:36
729 Limberg-1
1		
47.680
0.000
0.000


 22956
 23060
 23150
 23230
 23324
 23424
 23529
 23633
 23746
 23872
 23977
 24084
 24183
 24275
 24379
 24512
 24639
 24781
 24905
 25025
 25114
 25225
 25327
 25428
 25545
 25673
 25803
 25933
 26057
 26168
 26300
 26419
 26532
 26670
 26790
 26912
 27044
 27174
 27307
 27442
 27563
 27707
 27840
 27980
 28088
 28234
 28380
 28521
 28661
 28797
 28949
 29085
 29236
 29379
 29521
 29668
 29805
 29921
 30071
 30220
 30369
 30501
 30678
 30838
 30984
 31131
 31272
 31406
 31543
 31697
 31840
 31991
 32131
 32299
 32452
 32608
 32756
 32907
 33067
 33203
 33349
 33513
 33668
 33830
 33987
 34140
 34297
 34452
 34603
 34763
 34930
 35094
 35265
 35410
 35556
 35719
 35887
 36040
 36186
 36347
 36502
 36671
 36846
 37016
 37197
 37367
 37514
 37667
 37825
 37996
 38158
 38334
 38503
 38671
 38833
 38993
 39180
 39350
 39516
 39689
 39862
 40016
 40192
 40362
 40512
 40685
 40857
 41041
 41220
 41385
 41555
 41744
 41909
 42057
 42226
 42393
 42576
 42752
 42932
 43106
 43267
 43438
 43611
 43805
 43984
 44166
 44334
 44504
 44678
 44860
 45048
 45232
 45419
 45597
 45810
 46002
 46192
 46359
 46535
 46706
 46879
 47047
 47221
 47405
 47568
 47731
 47867
 48034
 48231
 48411
 48577
 48721
 48893
 49032
 49185
 49299
 49477
 49700
 49895
 50079
 50236
 50398
 50552
 50716
 50882
 51056
 51239
 51414
 51601
 51760
 51909
 52066
 52245
 52426
 52567
 52724
 52853
 53007
 53161
 53305
 53452
 53636
 53787
 53942
 54106
 54264
 54423
 54598
 54777
 54932
 55095
 55240
 55400
 55555
 55706
 55866
 56028
 56176
 56308
 56457
 56618
 56754
 56888
 57032
 57152
 57290
 57427
 57563
 57702
 57815
 57939
 58054
 58164
 58277
 58393
 58528
 58672
 72967
 79708
 79709
 79721
 79737
 79734
 79729
 79727
 79740
 79723
 79719
 79708
 79698
 79674
 79673
 79677
 79672
 79666
 79673
 79656
 79656
 79656
 79650
 79657
 79661
 79654
 79670
 79668
 79667
 79666
 79660
 79659
 79676
 79677
 79681
 79671
 79676
 79665
 79677
 79676
 79681
