Sa, 15.02.25    16:40:08
23 Osazee-5
5		
45.680
0.000
0.000


  5547
  5555
  5575
  5578
  5559
  5574
  5578
  5576
  5577
  5578
  5567
  5568
  5573
  5560
  5549
  5544
  5531
  5507
  5505
  5496
  5496
  5471
  5476
  5477
  5463
  5489
  5477
  5466
  5494
  5481
  5477
  5463
  5454
  5435
  5439
  5428
  5424
  5387
  5369
  5344
  5333
  5314
  5281
  5248
  5232
  5209
  5205
  5194
  5163
  5163
  5159
  5153
  5133
  5127
  5116
  5112
  5110
  5098
  5095
  5106
  5105
  5107
  5117
  5102
  5127
  5135
  5123
  5134
  5127
  5140
  5140
  5156
  5174
  5190
  5191
  5212
  5263
  5308
  5373
  5438
  5494
  5557
  5607
  5667
  5724
  5783
  5834
  5896
  5934
  5992
  6024
  6068
  6126
  6180
  6261
  6350
  6420
  6501
  6600
  6690
  6772
  6838
  6890
  6952
  7032
  7082
  7165
  7312
  7446
  7551
  7592
  7770
  7869
  7984
  8113
  8228
  8347
  8452
  8551
  8662
  8764
  8878
  8999
  9109
  9233
  9362
  9497
  9643
  9755
  9883
 10016
 10129
 10237
 10346
 10466
 10571
 10714
 10817
 10948
 11090
 11209
 11341
 11503
 11643
 11794
 11924
 12069
 12207
 12342
 12475
 12610
 12772
 12912
 13056
 13244
 13413
 13584
 13729
 13873
 14019
 14168
 14308
 14454
 14593
 14744
 14905
 15065
 15232
 15384
 15556
 15713
 15860
 16000
 16153
 16286
 16435
 16579
 16746
 16907
 17087
 17263
 17437
 17617
 17801
 17958
 18134
 18293
 18458
 18630
 18774
 18925
 19103
 19267
 19439
 19600
 19777
 19968
 20160
 20324
 20488
 20648
 20807
 20975
 21133
 21288
 21434
 21610
 21802
 22003
 22206
 22412
 22601
 22773
 22946
 23116
 23271
 23433
 23611
 23793
 23978
 24155
 24337
 24536
 24735
 24927
 25116
 25289
 25451
 25631
 25812
 25998
 26164
 26330
 26512
 26711
 26918
 27129
 27334
 27523
 27689
 27867
 28040
 28210
 28386
 28562
 28753
 28955
 29137
 29333
 29527
 29733
 29920
 30111
 30302
 30465
 30665
 30845
 31018
 31197
 31386
 31576
 31786
 32000
 32199
 32401
 32593
 32774
 32953
 33137
 33314
 33495
 33682
 33879
 34071
 34271
 34474
 34674
 34870
 35070
 35261
 35439
 35628
 35824
 35998
 36188
 36371
 36562
 36782
 36998
 37218
 37417
 37627
 37802
 37979
 38169
 38354
 38551
 38747
 38953
 39141
 39335
 39526
 39716
 39918
 40120
 40308
 40501
 40684
 40876
 41067
 41278
 41461
 41656
 41854
 42056
 42239
 42424
 42608
 42786
 42979
 43164
 43360
 43556
 43745
 43938
 44121
 44307
 44503
 44679
 44871
 45072
 45278
 45468
 45669
 45869
 46087
 46277
 46457
 46648
 46843
 47032
 47212
 47403
 47569
 47752
 47926
 48120
 48302
 48486
 48679
 48861
 49042
 49219
 49399
 49566
 49758
 49939
 50117
 50324
 50512
 50700
 50885
 51054
 51234
 51402
 51581
 51761
 51948
 52133
 52308
 52493
 52658
 52833
 53003
 53170
 53352
 53536
 53715
 53893
 54089
 54275
 54450
 54628
 54805
 54988
 55148
 55324
 55497
 55667
 55842
 56025
 56185
 56372
 56537
 56717
 56917
 57079
 57262
 57419
 57596
 57763
 57917
 58082
 58244
 58381
 58510
 58664
 58816
 58964
 59117
 59256
 59384
 59490
 59624
 59769
 59895
 60014
 59992
 60137
 60305
 60562
 60791
 61086
 61343
 61528
 61707
 61870
 61970
 62066
 62135
 62186
 62263
 62351
 62450
 62557
 62681
 62811
 62938
 63088
 63386
 63772
 63904
 63947
 63816
 63950
 64131
 64219
 64281
 70442
 79670
