Sa, 15.02.25    16:37:50
293 Warnig 13-5
5		
45.680
0.000
0.000


 12625
 12637
 12646
 12651
 12681
 12690
 12695
 12709
 12734
 12754
 12768
 12784
 12802
 12827
 12851
 12869
 12903
 12920
 12949
 12981
 13012
 13046
 13080
 13121
 13156
 13203
 13252
 13287
 13331
 13378
 13424
 13486
 13521
 13592
 13633
 13673
 13730
 13792
 13854
 13905
 13957
 14002
 14074
 14154
 14216
 14271
 14329
 14369
 14450
 14511
 14595
 14669
 14750
 14829
 14918
 15003
 15085
 15169
 15284
 15358
 15458
 15560
 15643
 15733
 15812
 15902
 16011
 16104
 16213
 16290
 16366
 16453
 16530
 16623
 16724
 16817
 16908
 16988
 17096
 17201
 17317
 17420
 17524
 17640
 17733
 17849
 17964
 18093
 18206
 18327
 18447
 18578
 18684
 18774
 18880
 18977
 19078
 19177
 19280
 19377
 19496
 19602
 19738
 19875
 19988
 20109
 20215
 20346
 20484
 20618
 20753
 20887
 20995
 21107
 21211
 21319
 21424
 21553
 21678
 21806
 21932
 22061
 22200
 22334
 22472
 22606
 22741
 22868
 23014
 23160
 23290
 23408
 23526
 23654
 23779
 23903
 24038
 24166
 24297
 24430
 24576
 24711
 24862
 25024
 25164
 25310
 25448
 25577
 25701
 25826
 25955
 26097
 26233
 26352
 26484
 26630
 26781
 26941
 27100
 27245
 27398
 27563
 27704
 27835
 27968
 28101
 28233
 28372
 28520
 28663
 28803
 28964
 29125
 29265
 29426
 29587
 29751
 29913
 30065
 30189
 30327
 30465
 30613
 30758
 30905
 31055
 31198
 31366
 31512
 31661
 31815
 31979
 32158
 32324
 32463
 32610
 32747
 32892
 33031
 33184
 33347
 33507
 33678
 33843
 34011
 34194
 34359
 34522
 34678
 34825
 34961
 35127
 35287
 35427
 35600
 35765
 35929
 36079
 36259
 36402
 36564
 36746
 36908
 37064
 37218
 37386
 37537
 37717
 37862
 38018
 38183
 38332
 38506
 38689
 38865
 39056
 39231
 39394
 39548
 39705
 39855
 40027
 40201
 40370
 40524
 40713
 40875
 41040
 41213
 41375
 41553
 41721
 41897
 42056
 42221
 42395
 42575
 42742
 42903
 43071
 43233
 43401
 43595
 43779
 43972
 44150
 44323
 44501
 44663
 44828
 45002
 45177
 45341
 45503
 45675
 45839
 46007
 46173
 46320
 46453
 46594
 46736
 46879
 47035
 47192
 47351
 47513
 47661
 47808
 47947
 48108
 48253
 48424
 48590
 48760
 48922
 49086
 49270
 49445
 49623
 49786
 49982
 50153
 50322
 50469
 50605
 50737
 50905
 51070
 51217
 51342
 51519
 51685
 51861
 52008
 52160
 52321
 52474
 52617
 52762
 52912
 53066
 53210
 53357
 53512
 53654
 53777
 53903
 54057
 54205
 54342
 54499
 54631
 54750
 54879
 54984
 55103
 55218
 55332
 55431
 55554
 55684
 55793
 55916
 56041
 56166
 56283
 56405
 56531
 56678
 56812
 56957
 57150
 57311
 57431
 57570
 57798
 57942
 58272
 58604
 58697
 66881
 79734
 79734
 79737
 79732
 79738
 79736
 79744
 79751
 79752
 79759
 79777
 79785
 79783
 79793
 79797
 79800
 79797
 79794
 79782
 79766
 79762
 79763
 79762
 79753
 79762
 79755
 79760
 79753
 79758
 79754
 79756
 79745
 79754
 79758
 79757
 79762
 79752
 79754
 79753
 79766
 79757
 79755
 79752
 79759
