Sa, 15.02.25    16:09:04
257 Judt-3
3		
47.680
0.000
0.000


 12162
 12281
 12397
 12529
 12638
 12726
 12833
 12906
 13003
 13118
 13206
 13322
 13423
 13552
 13671
 13789
 13927
 14055
 14181
 14300
 14410
 14526
 14621
 14739
 14845
 14952
 15076
 15213
 15347
 15464
 15595
 15740
 15886
 15984
 16129
 16239
 16348
 16470
 16601
 16720
 16853
 17018
 17163
 17314
 17461
 17610
 17780
 17913
 18049
 18198
 18325
 18458
 18596
 18730
 18888
 19047
 19194
 19344
 19505
 19646
 19798
 19974
 20127
 20270
 20403
 20561
 20723
 20863
 21002
 21164
 21302
 21426
 21601
 21783
 21962
 22138
 22309
 22450
 22589
 22729
 22880
 23033
 23201
 23358
 23526
 23706
 23853
 24025
 24197
 24362
 24518
 24679
 24827
 24989
 25152
 25324
 25480
 25647
 25828
 25999
 26188
 26360
 26515
 26670
 26820
 26986
 27153
 27335
 27499
 27673
 27847
 28017
 28190
 28370
 28547
 28729
 28892
 29056
 29218
 29400
 29553
 29733
 29906
 30086
 30293
 30466
 30655
 30827
 31000
 31148
 31318
 31461
 31622
 31804
 32003
 32182
 32355
 32540
 32737
 32917
 33096
 33249
 33417
 33585
 33769
 33953
 34127
 34293
 34492
 34690
 34900
 35096
 35276
 35437
 35598
 35765
 35935
 36128
 36303
 36477
 36654
 36836
 37028
 37215
 37402
 37581
 37737
 37916
 38089
 38257
 38433
 38629
 38815
 39017
 39215
 39413
 39592
 39763
 39928
 40107
 40284
 40469
 40657
 40847
 41038
 41224
 41400
 41597
 41791
 41957
 42144
 42328
 42494
 42665
 42840
 43019
 43209
 43414
 43642
 43842
 44040
 44221
 44393
 44559
 44745
 44931
 45120
 45298
 45486
 45674
 45866
 46049
 46252
 46423
 46620
 46807
 46983
 47170
 47356
 47538
 47716
 47875
 48056
 48247
 48432
 48595
 48744
 48879
 49044
 49211
 49402
 49589
 49781
 49978
 50181
 50354
 50541
 50711
 50913
 51103
 51235
 51394
 51592
 51774
 51930
 52095
 52253
 52407
 52560
 52697
 52817
 52958
 53104
 53249
 53426
 53593
 53759
 53904
 54042
 54196
 54328
 54474
 54623
 54783
 54957
 55120
 55290
 55434
 55578
 55753
 55925
 56095
 56244
 56372
 56489
 56611
 56717
 56820
 56947
 57084
 57205
 57332
 57475
 57591
 57702
 57830
 57961
 58093
 58133
 57933
 57998
 58193
 58408
 58664
 58920
 59117
 59250
 59349
 59487
 59635
 59860
 60053
 60213
 60353
 60507
 60608
 60693
 60696
 60722
 61133
 61278
 76954
 79446
 79438
 78745
 74237
 74805
 79434
 79525
 79550
 79554
 79556
 79546
 79535
 79536
 79550
 79559
 79550
 79548
 79550
 79549
 79552
 79563
 69661
