Sa, 15.02.25    15:49:17
729 Limberg-2
2		
47.680
0.000
0.000


 23583
 23697
 23802
 23914
 24025
 24153
 24257
 24303
 24362
 24467
 24561
 24673
 24801
 24919
 25042
 25153
 25290
 25398
 25503
 25614
 25760
 25878
 25991
 26110
 26218
 26306
 26395
 26525
 26668
 26811
 26950
 27099
 27230
 27370
 27492
 27621
 27754
 27880
 28024
 28153
 28257
 28359
 28508
 28660
 28810
 28948
 29095
 29232
 29356
 29489
 29627
 29781
 30001
 30153
 30258
 30356
 30470
 30606
 30758
 30900
 31047
 31196
 31347
 31474
 31616
 31768
 31923
 32060
 32203
 32365
 32508
 32644
 32809
 32932
 33094
 33264
 33415
 33577
 33728
 33878
 34031
 34191
 34345
 34499
 34648
 34791
 34951
 35124
 35290
 35451
 35608
 35770
 35932
 18595
  9105
  9074
  9086
  9068
  9051
  9030
  9043
  9055
  9059
  9056
  9059
  9074
  9099
  9110
  9119
  9133
  9164
  9197
  9211
  9210
  9226
  9228
  9235
  9235
  9229
  9244
  9282
  9323
  9365
  9372
  9254
 41327
 41498
 41668
 41865
 42047
 42224
 42381
 42535
 42700
 42865
 43041
 43219
 43394
 43563
 43739
 43907
 44079
 44247
 44430
 44604
 44786
 44960
 45144
 45332
 45501
 45687
 45885
 46062
 46245
 46423
 46605
 46782
 46964
 47149
 47319
 47490
 47651
 47812
 47956
 48147
 48335
 48511
 48662
 48822
 48976
 49130
 49293
 49475
 49647
 49843
 50027
 50202
 50367
 50510
 50672
 50820
 50978
 51149
 51299
 51495
 51697
 51877
 52040
 52199
 52370
 52538
 52691
 52830
 52987
 53149
 53296
 53436
 53595
 53760
 53932
 54079
 54246
 54398
 54575
 54721
 54892
 55065
 55225
 55386
 55544
 55698
 55851
 56003
 56147
 56289
 56425
 56572
 56727
 56890
 57060
 57218
 57394
 57540
 57624
 57755
 76812
 74482
 58264
 62455
 79804
 79817
 79813
 79825
 79836
 79843
 79841
 79860
 79862
 79861
 79872
 79874
 79879
 79883
 79891
 79888
 79896
 79898
 79894
 79896
 79896
 79893
 79891
 79898
 79885
 79888
 79886
 79891
 79880
 79889
 79874
 79871
 79867
 79864
 79851
 79845
 79833
 79821
 79838
 79825
 79826
 79817
 79827
 79802
 78171
