Sa, 15.02.25    15:55:51
293 Warnig 13-2
2		
45.680
0.000
0.000


 13900
 13930
 13978
 14012
 14049
 14085
 14119
 14169
 14200
 14250
 14278
 14331
 14382
 14426
 14480
 14518
 14583
 14646
 14704
 14736
 14790
 14853
 14908
 15000
 15058
 15125
 15193
 15264
 15321
 15395
 15467
 15544
 15626
 15690
 15767
 15853
 15926
 16027
 16134
 16214
 16293
 16384
 16487
 16590
 16673
 16794
 16890
 16968
 17051
 17127
 17222
 17333
 17425
 17504
 17597
 17682
 17793
 17881
 18000
 18127
 18247
 18366
 18484
 18608
 18726
 18848
 18970
 19070
 19177
 19282
 19382
 19486
 19597
 19693
 19805
 19917
 20038
 20159
 20284
 20396
 20531
 20662
 20773
 20892
 21028
 21163
 21279
 21391
 21513
 21631
 21751
 21870
 21981
 22106
 22234
 22355
 22490
 22635
 22757
 22897
 23033
 23169
 23314
 23445
 23595
 23745
 23870
 23996
 24127
 24246
 24352
 24484
 24609
 24746
 24891
 25044
 25190
 25327
 25460
 25617
 25778
 25910
 26046
 26186
 26308
 26443
 26582
 26719
 26851
 26999
 27131
 27286
 27435
 27594
 27748
 27888
 28036
 28185
 28342
 28502
 28646
 28784
 28925
 29060
 29202
 29333
 29488
 29631
 29793
 29949
 30111
 30295
 30445
 30600
 30757
 30901
 31037
 31187
 31319
 31453
 31602
 31754
 31906
 32078
 32246
 32405
 32565
 32720
 32873
 33035
 33192
 33329
 33488
 33644
 33797
 33957
 34116
 34283
 34451
 34616
 34792
 34961
 35138
 35314
 35466
 35616
 35767
 35917
 36064
 36222
 36380
 36535
 36697
 36871
 37036
 37212
 37382
 37567
 37723
 37870
 38031
 38175
 38327
 38487
 38655
 38828
 38993
 39172
 39330
 39530
 39724
 39908
 40069
 40235
 40377
 40535
 40698
 40867
 41046
 41222
 41393
 41569
 41735
 41918
 42094
 42272
 42426
 42596
 42746
 42901
 43075
 43251
 43430
 43625
 43806
 44002
 44182
 44369
 44544
 44724
 44904
 45071
 45257
 45414
 45573
 45742
 45905
 46071
 46231
 46372
 46502
 46651
 46805
 46960
 47123
 47305
 47480
 47651
 47808
 47953
 48105
 48247
 48404
 48566
 48716
 48889
 49034
 49181
 49347
 49508
 49702
 49887
 50085
 50275
 50440
 50607
 50763
 50907
 51046
 51212
 51350
 51493
 51649
 51812
 51970
 52158
 52312
 52476
 52629
 52767
 52900
 53062
 53210
 53351
 53500
 53668
 53804
 53957
 54107
 54243
 54364
 54501
 54628
 54773
 54921
 55061
 55183
 55286
 55399
 55513
 55638
 55760
 55884
 55997
 56108
 56231
 56333
 56467
 56594
 56733
 56869
 57014
 57141
 57255
 57370
 57491
 57626
 57741
 57865
 58007
 58159
 58342
 58509
 58653
 58648
 62944
 79289
 79428
 75634
 71710
 71265
 70996
 70856
 70798
 70771
 70775
 70804
 70947
 71199
 71352
 71233
 71123
 71136
 71042
 70991
 70884
 70696
 70636
 70621
 70591
 70575
 70565
 70606
 70709
 70807
 70879
 70939
 71001
 71029
 71017
 71033
 71037
 71052
 71099
 71240
 71459
 72708
