Sa, 15.02.25    16:13:40
115 Yamal-3
3		
45.680
0.000
0.000


 13766
 13798
 13852
 13922
 14000
 14071
 14126
 14204
 14320
 14350
 14455
 14567
 14642
 14720
 14815
 14925
 15031
 15087
 15141
 15229
 15328
 15430
 15526
 15651
 15719
 15806
 15895
 16005
 16104
 16231
 16339
 16454
 16549
 16683
 16809
 16942
 17048
 17170
 17293
 17399
 17539
 17664
 17765
 17890
 18020
 18144
 18278
 18422
 18578
 18713
 18831
 18947
 19076
 19194
 19338
 19489
 19642
 19771
 19933
 20081
 20230
 20366
 20501
 20646
 20772
 20913
 21048
 21178
 21319
 21464
 21626
 21788
 21966
 22157
 22309
 22441
 22593
 22729
 22887
 23035
 23194
 23340
 23503
 23648
 23816
 23993
 24164
 24314
 24455
 24605
 24770
 24918
 25092
 25246
 25419
 25576
 25750
 25942
 26110
 26288
 26427
 26565
 26720
 26884
 27064
 27230
 27413
 27587
 27759
 27926
 28104
 28275
 28433
 28609
 28781
 28958
 29114
 29299
 29458
 29630
 29817
 30003
 30216
 30384
 30552
 30712
 30868
 31034
 31181
 31357
 31532
 31714
 31891
 32080
 32260
 32463
 32641
 32797
 32975
 33134
 33305
 33478
 33649
 33828
 34008
 34221
 34420
 34625
 34824
 34999
 35173
 35353
 35511
 35695
 35874
 36057
 36241
 36410
 36601
 36783
 36984
 37166
 37346
 37515
 37690
 37864
 38031
 38206
 38383
 38586
 38790
 38997
 39210
 39403
 39595
 39770
 39955
 40137
 40321
 40493
 40672
 40858
 41041
 41221
 41397
 41599
 41789
 41969
 42144
 42333
 42510
 42690
 42861
 43046
 43247
 43439
 43661
 43862
 44079
 44280
 44469
 44654
 44820
 45005
 45187
 45359
 45509
 45667
 45844
 46019
 46186
 46330
 46485
 46644
 46796
 46964
 47139
 47306
 47479
 47641
 47796
 47965
 48154
 48323
 48517
 48696
 48878
 49057
 49266
 49480
 49694
 49892
 50102
 50275
 50433
 50582
 50715
 50844
 50979
 51110
 51249
 51390
 51577
 51743
 51889
 52044
 52184
 52332
 52473
 52638
 52770
 52931
 53077
 53243
 53406
 53588
 53787
 53981
 54138
 54302
 54440
 54581
 54725
 54858
 54989
 55094
 55208
 55318
 55442
 55578
 55701
 55823
 55962
 56087
 56218
 56321
 56457
 56607
 56732
 56884
 57028
 57164
 57303
 57441
 57636
 57925
 58186
 58336
 58402
 58382
 58405
 58544
 58668
 58787
 58986
 60592
 69594
 68266
 59798
 59592
 59672
 69535
 70085
 70686
 70702
 70083
 69652
 69687
 78274
 79713
 79712
 79715
 79721
 79716
 79723
 79727
 79721
 79705
 79714
 79712
 79709
 79709
 79711
 74125
 62686
 79697
 79710
 79712
 79708
 79707
 79700
 79692
 79701
 79703
 79702
