Sa, 15.02.25    16:04:08
856 Lück-3
3		
47.680
0.000
0.000


  9936
  9978
 10035
 10092
 10161
 10206
 10263
 10314
 10363
 10413
 10466
 10505
 10559
 10607
 10674
 10737
 10825
 10882
 10940
 11012
 11103
 11172
 11266
 11334
 11392
 11482
 11560
 11627
 11669
 11758
 11820
 11921
 12050
 12176
 12249
 12331
 12441
 12538
 12645
 12724
 12838
 12940
 13050
 13155
 13259
 13356
 13445
 13548
 13654
 13753
 13849
 13940
 14021
 14129
 14234
 14366
 14473
 14597
 14742
 14871
 14970
 15074
 15168
 15254
 15339
 15464
 15580
 15686
 15796
 15963
 16085
 16196
 16314
 16457
 16601
 16744
 16865
 16986
 17126
 17254
 17402
 17525
 17634
 17734
 17860
 18000
 18131
 18285
 18409
 18571
 18729
 18850
 18969
 19092
 19220
 19360
 19487
 19614
 19761
 19908
 20071
 20218
 20355
 20502
 20649
 20821
 20958
 21088
 21226
 21372
 21495
 21623
 21747
 21856
 22013
 22182
 22370
 22526
 22698
 22840
 23001
 23128
 23263
 23406
 23558
 23704
 23846
 24004
 24173
 24330
 24476
 24645
 24803
 24965
 25134
 25300
 25448
 25597
 25741
 25884
 26014
 26166
 26324
 26485
 26644
 26822
 26997
 27187
 27343
 27503
 27646
 27786
 27937
 28105
 28260
 28421
 28588
 28756
 28937
 29115
 29282
 29452
 29608
 29777
 29934
 30089
 30234
 30385
 30523
 30688
 30887
 31082
 31261
 31425
 31601
 31772
 31916
 32089
 32252
 32420
 32592
 32765
 32936
 33109
 33271
 33445
 33641
 33824
 33996
 34152
 34324
 34476
 34627
 34784
 34961
 35153
 35349
 35525
 35713
 35901
 36083
 36254
 36404
 36551
 36720
 36889
 37075
 37264
 37450
 37622
 37782
 37965
 38160
 38338
 38492
 38661
 38823
 38992
 39158
 39323
 39506
 39693
 39908
 40104
 40304
 40461
 40627
 40799
 40955
 41120
 41300
 41474
 41647
 41840
 42029
 42212
 42388
 42568
 42733
 42880
 43055
 43235
 43411
 43612
 43806
 43999
 44178
 44343
 44509
 44674
 44834
 45012
 45188
 45375
 45548
 45729
 45914
 46102
 46259
 46404
 46605
 46788
 46958
 47121
 47285
 47462
 47635
 47797
 47959
 48116
 48233
 48368
 48522
 48687
 48832
 48993
 49169
 49327
 49480
 49715
 49905
 50092
 50262
 50418
 50584
 50754
 50918
 51111
 51285
 51447
 51540
 51704
 51891
 52040
 52187
 52322
 52459
 52610
 52744
 52897
 53058
 53209
 53340
 53486
 53628
 53774
 53931
 54087
 54240
 54395
 54540
 54679
 54815
 54952
 55098
 55253
 55429
 55545
 55748
 55898
 56025
 56141
 56256
 56360
 56483
 56605
 56690
 56795
 56895
 57035
 57223
 57355
 57452
 57558
 57624
 57697
 57792
 57893
 57996
 58106
 58219
 58327
 58453
 58596
 58742
 58880
 59043
 59333
 73605
 79790
 79804
 79800
 79816
 79825
 79783
 76818
 75773
 75709
 75992
 76416
 77461
 79655
 79325
 79781
 79831
 79829
 79827
 79830
 79820
 79836
 79825
 79827
 79822
 79825
 79823
 79829
 79826
 79822
 79827
 79825
 79825
 79825
 79834
 79836
 79829
