Sa, 15.02.25    16:14:36
23 Osazee-3
3		
45.680
0.000
0.000


  4407
  4479
  4561
  4680
  4817
  4910
  4963
  5037
  5188
  5308
  5421
  5546
  5652
  5747
  5854
  5918
  5995
  6098
  6230
  6368
  6480
  6618
  6729
  6862
  7009
  7155
  7278
  7410
  7519
  7621
  7741
  7876
  8022
  8177
  8288
  8445
  8592
  8728
  8880
  9049
  9176
  9305
  9431
  9565
  9684
  9831
  9982
 10129
 10262
 10409
 10560
 10705
 10871
 11030
 11164
 11293
 11437
 11582
 11748
 11892
 12052
 12193
 12358
 12525
 12680
 12844
 13030
 13177
 13333
 13495
 13650
 13799
 13942
 14101
 14256
 14443
 14593
 14785
 14958
 15155
 15305
 15455
 15640
 15778
 15932
 16089
 16252
 16408
 16571
 16754
 16926
 17094
 17283
 17478
 17627
 17803
 17977
 18145
 18306
 18482
 18657
 18808
 18998
 19167
 19351
 19554
 19747
 19934
 20107
 20265
 20432
 20597
 20767
 20925
 21103
 21270
 21479
 21656
 21834
 22037
 22207
 22392
 22572
 22735
 22909
 23086
 23262
 23428
 23613
 23796
 23991
 24193
 24394
 24587
 24772
 24951
 25129
 25312
 25469
 25655
 25825
 26018
 26207
 26385
 26562
 26759
 26954
 27148
 27337
 27522
 27684
 27867
 28054
 28229
 28406
 28590
 28796
 28992
 29200
 29402
 29600
 29800
 29982
 30164
 30351
 30518
 30710
 30889
 31084
 31282
 31459
 31652
 31840
 32047
 32235
 32421
 32604
 32786
 32967
 33155
 33332
 33512
 33710
 33907
 34107
 34315
 34516
 34722
 34920
 35111
 35297
 35468
 35647
 35832
 36026
 36208
 36381
 36585
 36785
 36985
 37181
 37376
 37559
 37740
 37922
 38094
 38289
 38473
 38675
 38878
 39105
 39292
 39498
 39685
 39877
 40071
 40256
 40440
 40633
 40827
 41007
 41214
 41395
 41595
 41785
 41970
 42167
 42355
 42534
 42719
 42898
 43101
 43290
 43523
 43726
 43941
 44130
 44308
 44503
 44698
 44899
 45072
 45256
 45441
 45630
 45820
 46023
 46216
 46385
 46558
 46734
 46897
 47064
 47235
 47415
 47587
 47753
 47942
 48141
 48321
 48534
 48759
 48965
 49138
 49302
 49485
 49661
 49836
 50009
 50192
 50348
 50497
 50661
 50830
 50995
 51172
 51330
 51509
 51679
 51847
 52017
 52187
 52351
 52514
 52668
 52815
 52980
 53140
 53292
 53460
 53631
 53783
 53950
 54110
 54248
 54395
 54540
 54682
 54820
 54972
 55136
 55288
 55433
 55577
 55696
 55809
 55938
 56055
 56172
 56286
 56425
 56544
 56700
 56837
 56973
 57106
 57243
 57377
 57504
 57635
 57777
 57905
 58023
 58206
 58416
 58560
 58731
 58816
 70250
 79699
 79678
 79680
 79702
 79697
 79712
 79711
 79697
 79714
 79709
 79705
 79716
 79700
 79707
 79706
 79689
 79710
 79715
 79697
 79699
 79693
 79695
 79690
 79688
 79697
 79695
 79694
 79699
 79686
 79694
 79697
 79695
 79701
 79688
 79691
 79707
 79695
 79691
 79694
 79697
 79697
