Sa, 15.02.25    15:38:51
328 Benze-1
1		
47.680
0.000
0.000


  7205
  7309
  7389
  7481
  7569
  7677
  7774
  7873
  7985
  8085
  8153
  8253
  8336
  8420
  8518
  8603
  8700
  8806
  8900
  9017
  9141
  9231
  9372
  9469
  9589
  9701
  9829
  9966
 10091
 10230
 10339
 10453
 10551
 10661
 10764
 10863
 10962
 11055
 11147
 11254
 11398
 11523
 11680
 11806
 11933
 12048
 12154
 12283
 12409
 12543
 12661
 12793
 12913
 13022
 13163
 13309
 13438
 13559
 13673
 13787
 13935
 14073
 14228
 14344
 14460
 14591
 14735
 14854
 14966
 15070
 15220
 15329
 15463
 15617
 15771
 15939
 16080
 16226
 16342
 16467
 16587
 16729
 16866
 17004
 17152
 17299
 17433
 17576
 17717
 17871
 18036
 18162
 18307
 18452
 18592
 18731
 18880
 19012
 19146
 19280
 19420
 19564
 19720
 19891
 20087
 20264
 20406
 20531
 20664
 20811
 20945
 21101
 21260
 21398
 21540
 21705
 21873
 22034
 22224
 22408
 22552
 22701
 22851
 23022
 23175
 23311
 23471
 23643
 23800
 23961
 24117
 24282
 24443
 24613
 24778
 24932
 25081
 25230
 25387
 25526
 25692
 25839
 25997
 26157
 26318
 26488
 26665
 26841
 27003
 27173
 27325
 27496
 27680
 27833
 27986
 28139
 28313
 28490
 28674
 28844
 29034
 29208
 29360
 29508
 29666
 29821
 29993
 30174
 30344
 30517
 30687
 30862
 31032
 31211
 31378
 31544
 31721
 31869
 32031
 32198
 32380
 32560
 32712
 32871
 33058
 33236
 33429
 33595
 33766
 33923
 34087
 34254
 34418
 34593
 34772
 34947
 35109
 35299
 35465
 35653
 35821
 35993
 36158
 36316
 36471
 36640
 36807
 36985
 37170
 37367
 37541
 37721
 37887
 38056
 38208
 38372
 38550
 38722
 38905
 39082
 39242
 39414
 39586
 39764
 39949
 40101
 40291
 40448
 40618
 40785
 40963
 41139
 41313
 41486
 41672
 41863
 42049
 42220
 42386
 42565
 42727
 42895
 43066
 43237
 43409
 43578
 43755
 43922
 44094
 44259
 44418
 44578
 44749
 44921
 45109
 45289
 45486
 45664
 45855
 46044
 46226
 46380
 46549
 46731
 46900
 47049
 47203
 47348
 47506
 47657
 47822
 47983
 48147
 48263
 48394
 48562
 48700
 48848
 48998
 49143
 49304
 49461
 49618
 49788
 49962
 50133
 50304
 50483
 50680
 50855
 50999
 51188
 51366
 51553
 51715
 51838
 51975
 52102
 52226
 52389
 52523
 52656
 52809
 52960
 53120
 53281
 53446
 53585
 53735
 53879
 54027
 54164
 48930
 17440
 17222
 17207
 17180
 17116
 17071
 17062
 17030
 17018
 16991
 16999
 16992
 17030
 17102
 17167
 17207
 17279
 17308
 17294
 30736
 57149
 57266
 57374
 57472
 57585
 57699
 57822
 57943
 58044
 58144
 58232
 58364
 58530
 58651
 58783
 58929
 59069
 59202
 59339
 59477
 59615
 59756
 59894
 60041
 60193
 60354
 60508
 60653
 60781
 60898
 61015
 61130
 61232
 61318
 61429
 61535
 61643
 61760
 61866
 61971
 62076
 62161
 62243
 62354
 62470
 62620
 62758
 62879
 62987
 63099
 63208
 63335
 63469
 63594
 63684
