Sa, 15.02.25    15:37:38
834 Hopfensitz-1
1		
47.680
0.000
0.000


 18306
 18366
 18412
 18468
 18515
 18568
 18624
 18657
 18721
 18814
 18875
 18974
 19053
 19140
 19213
 19283
 19343
 19397
 19465
 19522
 19600
 19670
 19750
 19846
 19964
 20070
 20158
 20252
 20369
 20443
 20527
 20626
 20712
 20809
 20890
 20987
 21078
 21165
 21270
 21362
 21456
 21575
 21672
 21805
 21917
 22021
 22163
 22288
 22426
 22546
 22666
 22773
 22886
 22987
 23103
 23220
 23326
 23463
 23593
 23716
 23829
 23947
 24084
 24217
 24333
 24461
 24578
 24715
 24828
 24941
 25078
 25219
 25333
 25466
 25596
 25738
 25866
 26019
 26177
 26328
 26462
 26595
 26731
 26852
 26989
 27113
 27258
 27391
 27535
 27679
 27821
 27954
 28116
 28268
 28425
 28570
 28700
 28841
 28987
 29146
 29277
 29421
 29568
 29724
 29870
 30028
 30216
 30382
 30533
 30693
 30837
 30965
 31119
 31263
 31394
 31539
 31705
 31879
 32033
 32185
 32363
 32531
 32677
 32809
 32955
 33122
 33272
 33411
 33545
 33692
 33849
 34048
 34222
 34413
 34584
 34763
 34910
 35068
 35235
 35385
 35529
 35685
 35851
 36025
 36201
 36353
 36514
 36700
 36867
 37041
 37203
 37356
 37520
 37684
 37822
 37984
 38151
 38323
 38490
 38682
 38865
 39061
 39232
 39407
 39569
 39731
 39896
 40060
 40236
 40388
 40564
 40747
 40923
 41087
 41275
 41434
 41606
 41780
 41960
 42121
 42293
 42455
 42618
 42776
 42948
 43126
 43294
 43487
 43681
 43881
 44064
 44234
 44398
 44578
 44747
 44910
 45087
 45261
 45429
 45601
 45783
 45959
 46152
 46317
 46476
 46645
 46812
 46990
 47172
 47341
 47502
 47666
 47814
 47946
 48102
 48232
 48397
 48534
 48677
 48823
 48992
 49141
 49305
 49472
 49648
 49823
 50015
 50173
 50334
 50520
 50675
 50848
 51001
 51159
 51376
 51557
 51688
 51848
 52007
 52165
 52305
 52432
 52554
 52695
 52826
 52974
 53108
 53225
 53368
 53493
 53606
 53745
 53890
 54017
 54175
 54307
 54454
 54595
 54754
 54899
 55058
 55205
 55374
 55566
 55719
 55854
 55990
 56103
 56238
 56346
 56449
 56566
 56689
 56839
 56986
 57092
 57122
 57154
 68892
 79736
 79735
 79740
 79742
 79758
 79760
 79768
 79772
 79770
 79768
 79759
 79759
 79764
 79771
 79766
 79771
 79767
 79773
 79764
 79760
 79767
 79764
 69865
 61083
 61014
 60822
 60783
 64688
 79769
 79771
 79767
 79775
 79764
 79768
 79765
 79772
 79769
 79773
 79777
 79770
 79773
 79769
 79774
 79773
 79780
 79766
 79770
 79769
 79767
