Sa, 15.02.25    15:47:36
856 Lück-2
2		
47.680
0.000
0.000


  9660
  9690
  9723
  9765
  9805
  9857
  9922
  9982
 10025
 10065
 10127
 10161
 10216
 10262
 10314
 10347
 10391
 10439
 10517
 10570
 10655
 10712
 10791
 10885
 10982
 11047
 11127
 11192
 11253
 11335
 11389
 11487
 11596
 11616
 11700
 11780
 11908
 12017
 12107
 12203
 12303
 12402
 12502
 12603
 12725
 12822
 12909
 13008
 13091
 13185
 13269
 13369
 13453
 13546
 13660
 13762
 13868
 13969
 14097
 14236
 14342
 14477
 14593
 14702
 14802
 14901
 14952
 15074
 15186
 15292
 15414
 15549
 15704
 15833
 15960
 16080
 16219
 16346
 16451
 16574
 16713
 16817
 16952
 17101
 17208
 17342
 17455
 17585
 17719
 17846
 18006
 18153
 18302
 18448
 18579
 18704
 18821
 18948
 19088
 19233
 19359
 19507
 19637
 19783
 19934
 20089
 20242
 20381
 20528
 20667
 20807
 20940
 21073
 21211
 21319
 21458
 21616
 21763
 21928
 22097
 22264
 22432
 22587
 22734
 22857
 23005
 23150
 23298
 23443
 23596
 23763
 23909
 24071
 24239
 24391
 24565
 24732
 24886
 25034
 25187
 25338
 25473
 25618
 25773
 25932
 26121
 26284
 26459
 26628
 26797
 26948
 27105
 27255
 27410
 27564
 27719
 27882
 28057
 28226
 28395
 28571
 28741
 28925
 29088
 29241
 29392
 29551
 29693
 29859
 30027
 30213
 30394
 30581
 30759
 30946
 31125
 31282
 31435
 31588
 31748
 31910
 32082
 32246
 32432
 32617
 32794
 32956
 33142
 33318
 33478
 33653
 33811
 33979
 34139
 34294
 34469
 34644
 34825
 35023
 35214
 35420
 35598
 35766
 35930
 36088
 36249
 36400
 36592
 36777
 36960
 37126
 37306
 37502
 37679
 37850
 38010
 38181
 38338
 38504
 38666
 38837
 39030
 39208
 39415
 39599
 39803
 39991
 40162
 40337
 40498
 40683
 40837
 41018
 41205
 41371
 41552
 41739
 41921
 42101
 42286
 42458
 42625
 42790
 42957
 43153
 43322
 43513
 43722
 43912
 44094
 44275
 44440
 44614
 44783
 44962
 45143
 45328
 45506
 45706
 45890
 46075
 46256
 46414
 46592
 46763
 46950
 47128
 47298
 47471
 47639
 47818
 47991
 48165
 48307
 48433
 48564
 48717
 48879
 49063
 49250
 49449
 49632
 49768
 49929
 50116
 50307
 50474
 50669
 50864
 51033
 51229
 51338
 51473
 51657
 51819
 51968
 52124
 52269
 52422
 52576
 52732
 52888
 53062
 53217
 53384
 53554
 53695
 53858
 54020
 54177
 54336
 54479
 54649
 54794
 54954
 55102
 55244
 55396
 55535
 55687
 55818
 55942
 56080
 56221
 56328
 56438
 56560
 56723
 56857
 56966
 57076
 57206
 57314
 57427
 57536
 57641
 57731
 57844
 57973
 58081
 58192
 58318
 58480
 58636
 58774
 58855
 58967
 59050
 59216
 59454
 59597
 59942
 60147
 60241
 60359
 60324
 73441
 79628
 79633
 79641
 79637
 79647
 79663
 79674
 79676
 79693
 79687
 79685
 79678
 79681
 79689
 79680
 79681
 79675
 79686
 79673
 79668
 79679
 79668
 79686
 79675
 79657
 79671
 79668
 79690
 79673
