Sa, 15.02.25    16:00:29
108 Biederlack-2
2		
45.680
0.000
0.000


  4843
  4959
  5060
  5160
  5260
  5341
  5420
  5524
  5610
  5711
  5801
  5886
  5972
  6066
  6174
  6265
  6368
  6528
  6634
  6765
  6884
  7014
  7133
  7248
  7363
  7488
  7593
  7714
  7836
  7987
  8130
  8252
  8401
  8526
  8662
  8779
  8902
  9026
  9144
  9255
  9384
  9499
  9626
  9763
  9905
 10057
 10216
 10341
 10486
 10634
 10765
 10904
 11045
 11175
 11300
 11436
 11588
 11745
 11930
 12106
 12252
 12396
 12536
 12668
 12803
 12939
 13071
 13219
 13386
 13562
 13717
 13886
 14049
 14223
 14384
 14529
 14676
 14823
 14975
 15135
 15299
 15451
 15613
 15781
 15964
 16137
 16312
 16457
 16583
 16733
 16886
 17031
 17190
 17351
 17514
 17668
 17826
 17998
 18160
 18323
 18511
 18691
 18869
 19031
 19190
 19334
 19492
 19661
 19832
 19990
 20160
 20322
 20489
 20678
 20857
 21024
 21195
 21326
 21478
 21639
 21799
 21967
 22123
 22290
 22457
 22636
 22793
 22966
 23159
 23351
 23534
 23711
 23868
 24040
 24205
 24375
 24542
 24710
 24889
 25057
 25234
 25416
 25591
 25782
 25948
 26113
 26279
 26430
 26587
 26758
 26928
 27112
 27290
 27478
 27659
 27845
 28038
 28231
 28398
 28572
 28738
 28915
 29093
 29258
 29438
 29617
 29784
 29970
 30160
 30348
 30531
 30701
 30881
 31038
 31208
 31369
 31543
 31716
 31900
 32080
 32270
 32477
 32673
 32864
 33049
 33225
 33383
 33552
 33738
 33919
 34098
 34276
 34459
 34639
 34824
 35012
 35214
 35391
 35565
 35745
 35912
 36075
 36253
 36423
 36610
 36791
 36983
 37191
 37394
 37579
 37774
 37942
 38121
 38289
 38471
 38649
 38841
 39014
 39197
 39393
 39572
 39753
 39950
 40136
 40327
 40491
 40663
 40846
 41022
 41207
 41383
 41576
 41778
 41967
 42157
 42344
 42529
 42710
 42875
 43051
 43235
 43406
 43591
 43774
 43960
 44146
 44320
 44505
 44675
 44864
 45038
 45208
 45372
 45523
 45709
 45895
 46085
 46264
 46447
 46607
 46776
 46934
 47065
 47213
 47377
 47543
 47718
 47897
 48083
 48265
 48462
 48677
 48883
 49073
 49229
 49379
 49555
 49703
 49864
 50024
 50180
 50304
 50437
 50579
 50736
 50890
 51049
 51215
 51369
 51532
 51690
 51831
 52008
 52152
 52318
 52465
 52624
 52769
 52934
 53085
 53236
 53390
 53543
 53703
 53848
 54008
 54158
 54285
 54400
 54520
 54640
 54758
 54883
 55028
 55157
 55315
 55459
 55569
 55687
 55804
 55941
 56064
 56182
 56296
 56428
 56556
 56670
 56804
 56926
 57045
 57155
 57280
 57411
 57532
 57655
 57771
 57921
 58072
 58192
 58335
 58489
 58644
 58820
 58845
 79652
 79660
 79672
 79679
 79695
 79710
 79738
 79768
 79776
 79782
 79811
 79818
 79824
 79836
 79846
 79843
 79843
 79836
 79832
 79838
 79840
 79839
 79844
 79850
 79849
 79843
 79847
 79847
 79844
 79843
 79841
 79833
 79849
 79842
 79841
 79836
 79846
 79841
 79834
 79843
 79833
