Sa, 15.02.25    15:43:01
185 Maurer-1
1		
45.680
0.000
0.000


  8481
  8510
  8541
  8589
  8624
  8661
  8693
  8730
  8782
  8839
  8898
  8977
  9056
  9122
  9197
  9289
  9352
  9418
  9508
  9588
  9673
  9775
  9854
  9916
 10011
 10085
 10147
 10221
 10299
 10379
 10453
 10559
 10641
 10743
 10857
 10948
 11062
 11149
 11239
 11325
 11417
 11521
 11611
 11728
 11838
 11924
 12024
 12114
 12244
 12371
 12496
 12615
 12726
 12833
 12966
 13086
 13202
 13324
 13436
 13571
 13699
 13808
 13929
 14053
 14178
 14281
 14382
 14497
 14616
 14766
 14916
 15046
 15180
 15310
 15428
 15547
 15666
 15797
 15911
 16035
 16158
 16273
 16401
 16529
 16651
 16786
 16932
 17079
 17231
 17382
 17542
 17689
 17828
 17969
 18107
 18236
 18377
 18527
 18651
 18784
 18928
 19057
 19190
 19318
 19452
 19603
 19753
 19916
 20084
 20223
 20356
 20491
 20627
 20768
 20893
 21029
 21183
 21324
 21458
 21616
 21781
 21931
 22092
 22275
 22447
 22599
 22760
 22914
 23062
 23214
 23344
 23502
 23658
 23807
 23945
 24098
 24250
 24433
 24596
 24763
 24933
 25086
 25247
 25391
 25549
 25690
 25839
 25997
 26152
 26303
 26469
 26644
 26819
 27007
 27199
 27383
 27539
 27683
 27840
 28004
 28169
 28319
 28478
 28652
 28805
 28998
 29177
 29371
 29549
 29722
 29860
 30031
 30195
 30371
 30518
 30685
 30866
 31047
 31229
 31397
 31585
 31781
 31980
 32149
 32316
 32503
 32669
 32833
 32993
 33165
 33338
 33518
 33721
 33920
 34128
 34318
 34495
 34663
 34831
 35000
 35179
 35353
 35521
 35706
 35895
 36086
 36284
 36464
 36670
 36865
 37046
 37234
 37417
 37594
 37766
 37932
 38131
 38320
 38505
 38728
 38947
 39140
 39332
 39509
 39687
 39865
 40054
 40239
 40411
 40610
 40800
 40992
 41195
 41386
 41596
 41799
 41991
 42191
 42364
 42550
 42733
 42906
 43112
 43317
 43516
 43741
 43961
 44146
 44346
 44540
 44718
 44891
 45066
 45255
 45423
 45603
 45805
 45993
 46178
 46338
 46509
 46681
 46865
 47038
 47230
 47395
 47574
 47753
 47909
 48092
 48275
 48446
 48647
 48837
 48999
 49186
 49359
 49562
 49765
 49972
 50190
 50370
 50555
 50728
 50891
 51065
 51201
 51360
 51582
 51731
 51910
 52066
 52233
 52334
 52554
 57731
 57915
 53265
 53189
 53270
 53426
 53656
 53918
 54138
 54319
 54487
 54660
 54796
 54947
 55142
 55316
 55444
 55582
 55738
 55838
 55977
 56115
 56266
 56428
 56596
 56751
 56869
 56981
 57129
 57310
 57439
 57569
 57675
 57821
 57973
 58160
 58318
 58518
 58723
 58894
 59060
 59278
 59517
 63862
 79546
 79527
 79517
 79511
 79522
 79524
 79547
 79566
 79583
 79603
 79605
 79607
 79617
 79605
 79604
 79595
 79590
 79597
 79592
 79588
 79581
 79572
 79580
 79549
 79558
 79556
 79569
 79568
 79580
 79567
 79578
 79579
 79577
 79574
 79581
 79570
 79580
 79576
 79572
