Sa, 15.02.25    16:02:11
300 Pulow-3
3		
47.680
0.000
0.000


 15671
 15706
 15740
 15784
 15821
 15846
 15888
 15920
 15951
 15980
 16013
 16058
 16103
 16142
 16182
 16193
 16202
 16231
 16290
 16339
 16400
 16437
 16467
 16536
 16612
 16690
 16741
 16794
 16856
 16912
 16976
 17050
 17119
 17168
 17228
 17296
 17365
 17430
 17501
 17569
 17642
 17705
 17763
 17836
 17913
 17984
 18057
 18129
 18206
 18302
 18413
 18506
 18605
 18705
 18786
 18878
 18949
 19032
 19114
 19214
 19314
 19414
 19523
 19639
 19734
 19840
 19929
 20023
 20115
 20213
 20297
 20407
 20505
 20589
 20705
 20811
 20950
 21062
 21184
 21322
 21445
 21585
 21686
 21803
 21912
 22035
 22149
 22263
 22387
 22525
 22674
 22805
 22938
 23088
 23225
 23342
 23452
 23577
 23709
 23855
 23994
 24118
 24237
 24348
 24445
 24593
 24753
 24912
 25076
 25219
 25379
 25504
 25634
 25762
 25881
 26025
 26150
 26274
 26406
 26565
 26709
 26878
 27028
 27182
 27346
 27504
 27643
 27773
 27914
 28056
 28198
 28340
 28476
 28599
 28745
 28917
 29091
 29263
 29432
 29600
 29740
 29880
 30024
 30168
 30310
 30458
 30610
 30764
 30941
 31096
 31266
 31425
 31589
 31763
 31917
 32071
 32240
 32389
 32534
 32670
 32832
 32977
 33143
 33325
 33512
 33700
 33847
 33993
 34158
 34313
 34474
 34627
 34791
 34963
 35136
 35321
 35497
 35676
 35849
 36016
 36183
 36335
 36484
 36647
 36804
 36969
 37144
 37331
 37516
 37700
 37880
 38050
 38208
 38355
 38511
 38687
 38860
 39036
 39215
 39397
 39568
 39744
 39935
 40117
 40277
 40446
 40617
 40791
 40960
 41123
 41301
 41454
 41648
 41855
 42049
 42242
 42417
 42587
 42752
 42920
 43092
 43265
 43440
 43615
 43793
 43979
 44167
 44337
 44502
 44669
 44844
 45022
 45205
 45387
 45558
 45744
 45942
 46143
 46326
 46505
 46690
 46864
 47040
 47218
 47387
 47557
 47707
 47865
 48044
 48209
 48400
 48589
 48752
 48892
 49055
 49196
 49343
 49486
 49647
 49815
 49989
 50174
 50359
 50569
 50760
 50923
 51114
 51294
 51442
 51619
 51792
 51950
 52108
 52287
 52439
 52564
 52690
 52821
 52976
 53144
 53296
 53451
 53616
 53778
 53933
 54093
 54244
 54408
 54574
 54732
 54897
 55060
 55203
 55273
 55279
 55423
 55698
 55950
 56123
 56250
 56364
 56481
 51019
 48729
 48402
 48345
 48441
 48498
 48490
 48625
 48478
 56727
 58012
 58133
 58256
 58371
 58488
 58611
 58739
 58857
 58986
 59108
 59220
 59360
 59501
 59630
 55592
 47829
 48525
 47874
 47790
 47780
 47761
 47744
 47744
 47739
 47737
 47732
 47738
 47738
 47707
 47720
 47671
 47595
 64807
 79685
 79675
 79683
 79680
 79687
 79694
 79689
 79688
 79675
 79683
 79674
 79678
 79672
 79694
 79687
 79687
 79679
 79687
 79676
 79680
 79685
 79683
 79685
 79688
 79686
 79686
 79684
 79685
 79673
 79684
 79676
 79684
 79684
 79669
 79686
 79671
 79687
 79672
 79690
 79688
 79678
 79683
 79691
 79683
 79686
 79683
 79683
 79681
 79688
