Sa, 15.02.25    16:41:02
185 Maurer-5
5		
45.680
0.000
0.000


  7614
  7653
  7681
  7712
  7751
  7790
  7846
  7882
  7935
  8017
  8077
  8160
  8237
  8296
  8384
  8446
  8548
  8626
  8717
  8793
  8912
  9001
  9085
  9162
  9244
  9326
  9389
  9459
  9535
  9613
  9701
  9798
  9910
 10014
 10116
 10241
 10369
 10449
 10527
 10595
 10676
 10777
 10877
 10992
 11088
 11182
 11290
 11388
 11511
 11611
 11738
 11882
 12010
 12130
 12277
 12391
 12514
 12645
 12763
 12877
 13021
 13125
 13264
 13399
 13509
 13617
 13737
 13850
 13972
 14098
 14236
 14377
 14515
 14659
 14789
 14915
 15043
 15165
 15298
 15429
 15552
 15689
 15835
 15969
 16087
 16212
 16336
 16473
 16640
 16801
 16953
 17113
 17261
 17391
 17528
 17679
 17815
 17965
 18103
 18240
 18396
 18550
 18689
 18802
 18946
 19076
 19228
 19400
 19560
 19710
 19872
 20000
 20139
 20269
 20402
 20540
 20686
 20829
 20976
 21128
 21269
 21417
 21588
 21755
 21932
 22094
 22256
 22418
 22580
 22742
 22904
 23066
 23228
 23390
 23552
 23714
 23876
 24038
 24200
 24362
 24524
 24686
 24848
 25010
 25172
 25334
 25496
 25658
 25820
 25982
 26144
 26306
 26483
 26668
 26849
 27015
 27204
 27373
 27532
 27686
 27849
 28047
 28222
 28397
 28680
 28873
 28884
 29095
 29301
 29477
 29625
 29777
 29925
 30071
 30242
 30400
 30561
 30752
 30945
 31137
 31316
 31504
 31703
 31888
 32060
 32238
 32419
 32593
 32760
 32914
 33090
 33253
 33451
 33661
 33864
 34067
 34250
 34423
 34590
 34758
 34938
 35118
 35306
 35469
 35670
 35869
 36050
 36259
 36446
 36644
 36840
 37026
 37207
 37403
 37581
 37765
 37937
 38127
 38315
 38511
 38731
 38943
 39138
 39337
 39517
 39691
 39850
 40058
 40241
 40422
 40612
 40813
 41012
 41218
 41403
 41613
 41816
 42012
 42201
 42398
 42584
 42767
 42938
 43138
 43333
 43529
 43741
 43958
 44174
 44377
 44572
 44759
 44950
 45145
 45335
 45518
 45695
 45872
 46060
 46232
 46408
 46572
 46760
 46941
 47126
 47290
 47358
 47575
 47813
 48011
 48178
 48357
 48545
 48727
 48909
 49102
 49282
 49457
 49652
 49858
 50089
 50284
 50486
 50679
 50842
 51001
 51172
 51336
 51495
 51649
 51856
 52031
 52198
 52361
 52578
 52768
 52893
 53027
 53189
 53303
 53478
 53666
 53840
 54037
 54188
 54388
 54581
 54751
 54909
 55063
 55201
 55333
 55481
 55634
 55782
 55914
 56045
 56189
 56326
 56478
 56610
 56763
 56898
 57051
 57194
 57329
 57469
 57612
 57746
 57885
 58038
 58178
 58319
 58469
 58612
 58739
 58807
 59033
 73370
 59958
 59839
 59876
 59857
 79670
 79673
 79669
 79654
 79638
 79652
 79646
 79653
 79636
 79639
 79643
 79642
 79633
 79624
 79646
 79652
 79642
 79639
 79640
 79644
 79650
 79646
 79644
 79649
 79637
 79647
 79637
 79647
 79641
 79645
 79653
 79648
 79648
 79648
 79641
     0
