Sa, 15.02.25    15:30:30
334 Brinkmann-1
1		
47.680
0.000
0.000


 11873
 11909
 11877
 11942
 12011
 12029
 12082
 12178
 12216
 12271
 12341
 12404
 12456
 12497
 12553
 12618
 12677
 12741
 12794
 12846
 12921
 12995
 13076
 13166
 13255
 13334
 13429
 13522
 13614
 13681
 13761
 13852
 13943
 14039
 14134
 14236
 14329
 14415
 14496
 14597
 14714
 14830
 14944
 15037
 15129
 15242
 15336
 15443
 15563
 15686
 15798
 15909
 16004
 16104
 16202
 16306
 16427
 16554
 16684
 16814
 16943
 17048
 17174
 17291
 17396
 17528
 17633
 17753
 17867
 17976
 18126
 18242
 18361
 18496
 18653
 18807
 18946
 19066
 19187
 19313
 19445
 19574
 19727
 19871
 19988
 20121
 20238
 20326
 20493
 20669
 20842
 20997
 21109
 21241
 21377
 21491
 21612
 21747
 21887
 22034
 22187
 22346
 22478
 22629
 22798
 22957
 23112
 23247
 23384
 23519
 23674
 23843
 23991
 24139
 24274
 24390
 24567
 24731
 24920
 25093
 25240
 25384
 25522
 25678
 25831
 25980
 26113
 26272
 26412
 26552
 26718
 26903
 27093
 27262
 27424
 27573
 27731
 27875
 28036
 28198
 28362
 28513
 28665
 28826
 29021
 29193
 29360
 29515
 29681
 29830
 29996
 30164
 30318
 30470
 30623
 30796
 30964
 31143
 31315
 31487
 31663
 31831
 32018
 32195
 32365
 32527
 32686
 32839
 32979
 33129
 33335
 33530
 33700
 33865
 34019
 34182
 34338
 34507
 34662
 34827
 34994
 35169
 35339
 35511
 35702
 35877
 36047
 36220
 36385
 36525
 36694
 36855
 37017
 37178
 37352
 37536
 37722
 37900
 38062
 38226
 38386
 38559
 38727
 38893
 39052
 39220
 39418
 39587
 39772
 39951
 40133
 40317
 40478
 40652
 40809
 40980
 41160
 41328
 41507
 41687
 41881
 42051
 42214
 42373
 42542
 42711
 42871
 43051
 43229
 43396
 43612
 43826
 44015
 44189
 44364
 44516
 44663
 44818
 44989
 31569
 24131
 24154
 24160
 24151
 24133
 24086
 24176
 24236
 24229
 24204
 24178
 24158
 24148
 24141
 24141
 24134
 24145
 24146
 24168
 24187
 24207
 48919
 49079
 49233
 49396
 49543
 49723
 49894
 50066
 50255
 50452
 50622
 50777
 50917
 51073
 51219
 51344
 51490
 51652
 51832
 51999
 52157
 52293
 52459
 52621
 52784
 52934
 53094
 53239
 53380
 53529
 53680
 53849
 53987
 54151
 54310
 54466
 54616
 54778
 54939
 55087
 55238
 55372
 55519
 55656
 55787
 55904
 56038
 56181
 56318
 56446
 56587
 56723
 56845
 56967
 57076
 57175
 57281
 57395
 57515
 57633
 57755
 57887
 58019
 58132
 58249
 58366
 58481
 58644
 58784
 58940
 59075
 59230
 59451
 59594
 70271
 79618
 79641
 79629
 79627
 79635
 79637
 79648
 79645
 79656
 79663
 79660
 79657
 79667
 79685
 79690
 79716
 79715
 79733
 79763
 79771
 79790
 79804
 79804
 79808
 79814
 79821
 79814
 79810
 79822
 79817
 79813
 79815
 79803
 79822
 79820
