Sa, 15.02.25    16:37:04
108 Biederlack-5
5		
45.680
0.000
0.000


  2708
  2689
  2661
  2636
  2612
  2588
  2558
  2541
  2517
  2491
  2470
  2459
  2451
  2439
  2432
  2422
  2409
  2407
  2392
  2377
  2364
  2353
  2338
  2334
  2338
  2325
  2317
  2311
  2297
  2299
  2286
  2297
  2299
  2300
  2304
  2315
  2314
  2323
  2318
  2332
  2345
  2354
  2370
  2381
  2393
  2397
  2415
  2429
  2434
  2440
  2451
  2460
  2464
  2485
  2517
  2533
  2565
  2614
  2660
  2710
  2757
  2797
  2858
  2899
  2951
  2979
  3037
  3084
  3122
  3181
  3228
  3273
  3319
  3366
  3422
  3499
  3581
  3659
  3755
  3818
  3912
  3994
  4079
  4176
  4262
  4348
  4425
  4516
  4613
  4694
  4785
  4875
  4964
  5051
  5145
  5245
  5323
  5399
  5492
  5592
  5669
  5769
  5873
  6001
  6088
  6173
  6255
  6367
  6480
  6593
  6748
  6846
  6974
  7107
  7209
  7324
  7455
  7581
  7695
  7821
  7961
  8113
  8249
  8365
  8489
  8605
  8730
  8853
  8987
  9102
  9237
  9356
  9469
  9598
  9741
  9874
 10013
 10148
 10290
 10434
 10582
 10713
 10831
 10981
 11120
 11260
 11393
 11561
 11688
 11812
 11959
 12110
 12257
 12413
 12556
 12703
 12838
 12990
 13123
 13255
 13414
 13563
 13710
 13877
 14027
 14194
 14377
 14540
 14703
 14842
 15004
 15155
 15303
 15460
 15611
 15768
 15912
 16071
 16230
 16384
 16555
 16699
 16867
 17008
 17160
 17329
 17480
 17639
 17794
 17955
 18118
 18274
 18455
 18647
 18844
 19021
 19183
 19335
 19491
 19642
 19806
 19973
 20142
 20309
 20479
 20638
 20811
 20983
 21154
 21305
 21459
 21619
 21772
 21932
 22099
 22266
 22435
 22609
 22773
 22931
 23125
 23306
 23491
 23676
 23852
 24017
 24182
 24342
 24512
 24681
 24857
 25037
 25223
 25391
 25567
 25748
 25934
 26097
 26246
 26390
 26550
 26708
 26874
 27038
 27234
 27417
 27603
 27770
 27972
 28161
 28341
 28511
 28681
 28848
 29020
 29190
 29379
 29553
 29733
 29916
 30108
 30293
 30486
 30667
 30836
 30994
 31157
 31311
 31490
 31666
 31850
 32014
 32188
 32375
 32574
 32765
 32951
 33136
 33312
 33481
 33653
 33836
 34017
 34202
 34372
 34558
 34740
 34919
 35116
 35300
 35471
 35643
 35815
 35977
 36146
 36313
 36477
 36662
 36846
 37040
 37228
 37445
 37641
 37815
 37992
 38160
 38325
 38511
 38701
 38881
 39055
 39246
 39429
 39628
 39816
 40001
 40182
 40351
 40519
 40693
 40874
 41060
 41244
 41401
 41589
 41787
 41988
 42179
 42363
 42533
 42699
 42870
 43058
 43230
 43401
 43604
 43785
 43982
 44170
 44352
 44528
 44710
 44895
 45081
 45262
 45442
 45620
 45792
 45936
 46101
 46283
 46437
 46619
 46737
 46892
 47040
 47194
 47372
 47527
 47703
 47885
 48083
 48295
 48496
 48674
 48847
 49058
 49235
 49398
 49585
 49807
 49959
 49821
 50241
 50436
 50601
 50745
 50876
 51018
 51187
 51344
 51508
 51672
 51825
 51987
 52135
 52299
 52453
 52607
 52756
 52895
 53036
 53174
 53324
 53462
 53641
 53805
 53974
 54141
 54298
 54454
 54601
 54744
 54890
 55047
 55174
 55318
 55459
 55609
 55757
 55910
 56070
 56223
 56354
 56491
 56640
 56771
 56917
 57059
 57209
 57354
 57510
 57647
 57772
 57877
 58014
 58153
 58296
 58427
 58581
 58723
 58844
 58986
 59120
 59261
 59389
 59534
 59657
 59786
 59930
 60049
 60178
 60319
 60447
 60591
 60734
 60876
 61008
 61147
 61260
 61389
 61513
 61635
 61755
 61880
 61989
 62101
 62210
 62316
 62430
 62546
 62654
 62762
 62875
 62994
 63100
 63211
 63311
 63417
 63535
 63634
 63729
 63831
