Sa, 15.02.25    15:52:34
786 Massing-2
2		
47.680
0.000
0.000


 13135
 13214
 13287
 13399
 13505
 13585
 13667
 13764
 13834
 13931
 14018
 14120
 14244
 14320
 14399
 14516
 14625
 14742
 14856
 14961
 15089
 15196
 15296
 15389
 15485
 15604
 15712
 15813
 15930
 16039
 16142
 16256
 16354
 16486
 16606
 16779
 16885
 17026
 17157
 17273
 17397
 17520
 17636
 17755
 17892
 18025
 18167
 18290
 18411
 18543
 18680
 18832
 18978
 19118
 19237
 19371
 19489
 19622
 19748
 19878
 20018
 20141
 20277
 20408
 20571
 20729
 20878
 21033
 21193
 21312
 21436
 21581
 21721
 21863
 22003
 22163
 22316
 22468
 22624
 22769
 22920
 23077
 23243
 23406
 23556
 23695
 23835
 23982
 24139
 24289
 24438
 24582
 24734
 24882
 25047
 25225
 25387
 25567
 25728
 25878
 26013
 26158
 26306
 26438
 26603
 26759
 26935
 27107
 27279
 27436
 27605
 27772
 27935
 28096
 28258
 28407
 28563
 28734
 28897
 29056
 29214
 29388
 29558
 29714
 29887
 30069
 30258
 30421
 30574
 30723
 30878
 31031
 31197
 31344
 31519
 31708
 31878
 32051
 32228
 32423
 32591
 32751
 32906
 33061
 33216
 33386
 33551
 33742
 33895
 34072
 34246
 34436
 34642
 34822
 34993
 35176
 35324
 35494
 35655
 35835
 36006
 36190
 36360
 36519
 36706
 36887
 37071
 37251
 37427
 37582
 37745
 37901
 38064
 38230
 38407
 38598
 38792
 38982
 39167
 39360
 39539
 39716
 39887
 40056
 40238
 40401
 40581
 40771
 40964
 41143
 41316
 41500
 41690
 41875
 42053
 42219
 42406
 42576
 42739
 42909
 43078
 43263
 43448
 43654
 43848
 44048
 44229
 44413
 44586
 44762
 44943
 45133
 45311
 45486
 45681
 45857
 46053
 46229
 46401
 46590
 46770
 46951
 47135
 47307
 47488
 47653
 47812
 47993
 48188
 48387
 48561
 48724
 48885
 49054
 49204
 49379
 49558
 49745
 49925
 50110
 50298
 50482
 50677
 50877
 51048
 51224
 51393
 51566
 51733
 51902
 52086
 52231
 52384
 52551
 52704
 52872
 53042
 53216
 53385
 53545
 53714
 53881
 54049
 54219
 54396
 54560
 54737
 54890
 55066
 55243
 55400
 55555
 55710
 55832
 55970
 56112
 56255
 56394
 56565
 56715
 56890
 57049
 57196
 57346
 57487
 57531
 69496
 79781
 79802
 79811
 79829
 79830
 79858
 79868
 79857
 79872
 79887
 79872
 79885
 79887
 79886
 79871
 79863
 79853
 79845
 79833
 79836
 79845
 79840
 79842
 79844
 79838
 79841
 79843
 79839
 79849
 79839
 79845
 79839
 79848
 79846
 79843
 79828
 79839
 79843
 79835
 79838
 79849
 79844
 68482
 63936
 64014
 67985
 79844
 79839
 79841
