Sa, 15.02.25    16:43:21
334 Brinkmann-6
6		
47.680
0.000
0.000


 11901
 11957
 12091
 12105
 12101
 12177
 12255
 12323
 12404
 12486
 12510
 12563
 12621
 12657
 12715
 12770
 12866
 12974
 13056
 13129
 13177
 13276
 13389
 13520
 13612
 13684
 13760
 13839
 13935
 14047
 14148
 14234
 14319
 14422
 14525
 14613
 14757
 14857
 14946
 15077
 15189
 15270
 15354
 15476
 15585
 15719
 15839
 15952
 16081
 16202
 16285
 16360
 16431
 16556
 16730
 16864
 17013
 17138
 17270
 17398
 17507
 17628
 17748
 17873
 17987
 18103
 18223
 18383
 18545
 18659
 18820
 18969
 19083
 19194
 19320
 19453
 19591
 19734
 19878
 20020
 20163
 20291
 20405
 20521
 20707
 20873
 21019
 21160
 21294
 21444
 21561
 21700
 21847
 21993
 22134
 22291
 22443
 22594
 22768
 22922
 23066
 23203
 23343
 23500
 23669
 23836
 23989
 24133
 24278
 24409
 24543
 24685
 24867
 25054
 25234
 25391
 25521
 25680
 25826
 25969
 26109
 26268
 26403
 26569
 26754
 26932
 27101
 27286
 27444
 27598
 27741
 27894
 28060
 28224
 28383
 28554
 28728
 28902
 29073
 29226
 29402
 29563
 29725
 29899
 30055
 30216
 30381
 30535
 30700
 30853
 31029
 31191
 31374
 31544
 31739
 31918
 32078
 32252
 32418
 32596
 32756
 32918
 33080
 33251
 33413
 33579
 33763
 33946
 34126
 34278
 34449
 34604
 34776
 34938
 35109
 35285
 35450
 35614
 35797
 35973
 36163
 36329
 36493
 36659
 36836
 37006
 37176
 37341
 37508
 37681
 37845
 38031
 38207
 38372
 38542
 38710
 38864
 39030
 39201
 39375
 39539
 39710
 39892
 40078
 40273
 40449
 40617
 40800
 40952
 41101
 41274
 41413
 41582
 41797
 41989
 42167
 42326
 42493
 42644
 42803
 42964
 43149
 43316
 43486
 43675
 43855
 44049
 44243
 44425
 44600
 44782
 44954
 45134
 45301
 45448
 45606
 45823
 46038
 46202
 46357
 46510
 46696
 46879
 47053
 47216
 47374
 47536
 47725
 47918
 48090
 48281
 48471
 48645
 48803
 48940
 49109
 49266
 49433
 49589
 49756
 49898
 50066
 50260
 50475
 50656
 50828
 51006
 51155
 51294
 51466
 51631
 51784
 51943
 52104
 52248
 52410
 52569
 52747
 52892
 53065
 53218
 53378
 53548
 53707
 53867
 54029
 54184
 54348
 54507
 54685
 54857
 55015
 55178
 55305
 55427
 55593
 55726
 55867
 56015
 56173
 56308
 56457
 56587
 56716
 56849
 56981
 57100
 57234
 57378
 57515
 57652
 57768
 57910
 58031
 58177
 58287
 58413
 58541
 58659
 58786
 58930
 59086
 59223
 59362
 59472
 59639
 59809
 59992
 60032
 60101
 67587
 79667
 79661
 79670
 79674
 79658
 79656
 79668
 79659
 79662
 79668
 79661
 79659
 79655
 79653
 79663
 79667
 79653
 79663
 79666
 79670
 79663
 79659
 79659
 79662
 79665
 79666
 79656
 79664
 79659
 79665
