Sa, 15.02.25    16:39:15
115 Yamal-5
5		
45.680
0.000
0.000


 12737
 12733
 12733
 12735
 12725
 12733
 12746
 12742
 12750
 12754
 12753
 12754
 12742
 12734
 12735
 12727
 12744
 12755
 12753
 12774
 12779
 12794
 12810
 12827
 12861
 12897
 12932
 12986
 13017
 13055
 13129
 13194
 13261
 13323
 13372
 13443
 13493
 13542
 13608
 13653
 13703
 13742
 13790
 13853
 13933
 14021
 14093
 14212
 14322
 14387
 14469
 14549
 14630
 14730
 14819
 14918
 14988
 15079
 15165
 15251
 15339
 15441
 15573
 15689
 15777
 15863
 15947
 16059
 16150
 16257
 16390
 16512
 16614
 16719
 16832
 16964
 17108
 17217
 17330
 17432
 17568
 17670
 17803
 17907
 18008
 18145
 18293
 18434
 18571
 18756
 18894
 18993
 19109
 19243
 19362
 19508
 19642
 19804
 19947
 20086
 20243
 20389
 20529
 20676
 20795
 20933
 21080
 21214
 21336
 21467
 21624
 21783
 21925
 22080
 22295
 22460
 22604
 22724
 22870
 23014
 23165
 23336
 23500
 23670
 23833
 23972
 24148
 24308
 24481
 24624
 24787
 24934
 25090
 25253
 25404
 25549
 25709
 25886
 26064
 26245
 26436
 26618
 26758
 26915
 27055
 27221
 27399
 27561
 27734
 27893
 28076
 28248
 28424
 28608
 28778
 28939
 29100
 29258
 29431
 29594
 29761
 29936
 30128
 30320
 30497
 30710
 30896
 31058
 31207
 31359
 31519
 31688
 31870
 32065
 32268
 32447
 32619
 32796
 32983
 33168
 33326
 33501
 33676
 33846
 34022
 34197
 34369
 34566
 34776
 34990
 35201
 35400
 35561
 35719
 35893
 36065
 36237
 36410
 36608
 36782
 36976
 37171
 37366
 37548
 37725
 37886
 38056
 38229
 38408
 38588
 38777
 38974
 39190
 39404
 39613
 39815
 40004
 40178
 40360
 40524
 40708
 40887
 41086
 41267
 41421
 41609
 41807
 42001
 42192
 42383
 42554
 42717
 42889
 43084
 43261
 43456
 43679
 43894
 44105
 44312
 44519
 44716
 44888
 45075
 45250
 45413
 45577
 45735
 45898
 46077
 46259
 46416
 46564
 46724
 46886
 47055
 47238
 47404
 47564
 47733
 47900
 48079
 48261
 48441
 48630
 48815
 48989
 49187
 49389
 49607
 49840
 50041
 50236
 50409
 50569
 50723
 50862
 51003
 51139
 51269
 51407
 51569
 51746
 51915
 52065
 52223
 52372
 52517
 52664
 52812
 52956
 53117
 53278
 53441
 53604
 53774
 53953
 54147
 54335
 54514
 54678
 54839
 54982
 55143
 55268
 55399
 55506
 55617
 55713
 55853
 55959
 56076
 56185
 56302
 56416
 56541
 56679
 56817
 56959
 57101
 57234
 57372
 57514
 57648
 57785
 57919
 58044
 58147
 58251
 58336
 58436
 58559
 58664
 58794
 58941
 59082
 59225
 59381
 59574
 59789
 60031
 61347
 79767
 79745
 79758
 79767
 79766
 79780
 79795
 79794
 79807
 79808
 79807
 79808
 79799
 79778
 79755
 79764
 79761
 79768
 79763
 79779
 79766
 71510
 62869
 79770
 79768
 79778
 79767
 79765
 79758
 79769
 79776
 79769
