Sa, 15.02.25    16:16:28
108 Biederlack-3
3		
45.680
0.000
0.000


  3866
  3947
  4044
  4124
  4213
  4297
  4380
  4477
  4594
  4685
  4761
  4843
  4943
  5058
  5164
  5260
  5351
  5428
  5497
  5609
  5698
  5780
  5868
  5959
  6068
  6159
  6264
  6377
  6465
  6560
  6646
  6784
  6916
  7025
  7151
  7276
  7393
  7512
  7649
  7790
  7881
  8005
  8126
  8243
  8370
  8485
  8598
  8741
  8871
  9006
  9112
  9261
  9380
  9487
  9615
  9750
  9895
 10011
 10161
 10291
 10437
 10582
 10704
 10827
 10958
 11096
 11220
 11366
 11510
 11651
 11792
 11937
 12079
 12229
 12376
 12520
 12662
 12818
 12966
 13104
 13255
 13394
 13557
 13695
 13875
 14020
 14186
 14350
 14509
 14666
 14824
 14973
 15114
 15269
 15410
 15573
 15740
 15879
 16036
 16201
 16361
 16532
 16685
 16834
 16988
 17135
 17301
 17455
 17616
 17758
 17920
 18080
 18254
 18426
 18617
 18806
 18984
 19147
 19301
 19453
 19614
 19780
 19957
 20130
 20300
 20474
 20629
 20792
 20982
 21149
 21313
 21474
 21641
 21804
 21974
 22136
 22317
 22479
 22639
 22802
 22969
 23155
 23344
 23545
 23718
 23886
 24047
 24208
 24372
 24539
 24720
 24897
 25067
 25251
 25427
 25608
 25787
 25963
 26138
 26298
 26443
 26609
 18341
  9159
  9268
  9210
  9163
  9166
  9175
  9171
  9178
  9189
  9244
  9283
  9281
  9318
  9329
  9335
  9332
  9348
  9390
  9389
 27488
 30534
 30721
 30887
 31051
 31207
 31375
 31532
 31704
 31882
 32069
 32251
 32447
 32647
 32831
 33033
 33208
 33386
 33547
 33724
 33909
 34091
 34269
 34449
 34619
 34796
 34993
 35189
 35380
 35552
 35720
 35896
 36062
 36232
 36396
 36574
 36769
 36949
 37141
 37346
 37549
 37740
 37915
 38096
 38267
 38443
 38620
 38802
 38977
 39171
 39349
 39536
 39722
 39911
 40098
 40288
 40444
 40624
 40800
 40977
 41161
 41343
 41523
 41721
 41926
 42115
 42303
 42473
 42649
 42815
 42993
 43164
 43342
 43535
 43720
 43902
 44098
 44267
 44460
 44626
 44810
 44987
 45164
 45330
 45490
 45648
 45831
 46010
 46195
 46361
 46530
 46681
 46830
 46979
 47155
 47319
 47488
 47653
 47818
 48006
 48198
 48374
 48564
 48755
 48951
 49155
 49347
 49512
 49686
 49845
 50016
 50177
 50312
 50449
 50584
 50724
 50876
 51030
 51199
 51349
 51519
 51684
 51838
 51995
 52144
 52297
 52456
 52616
 52774
 52918
 53079
 53228
 53386
 53542
 53710
 53865
 54025
 54158
 54297
 54413
 54521
 54634
 54771
 54902
 55044
 55193
 55339
 55471
 55603
 55714
 55843
 55961
 56090
 56219
 56327
 56458
 56579
 56704
 56831
 56960
 57082
 57189
 57325
 57449
 57573
 57696
 57800
 57928
 58059
 58198
 58346
 58489
 58686
 58808
 65996
 79722
 79712
 79737
 79722
 79731
 79726
 79740
 79754
 79760
 79775
 79797
 79808
 79816
 79816
 79821
 79828
 79832
 79829
 79824
 79825
 79830
 79829
 79828
 65523
 62589
 74812
 79832
 79842
 79830
 79840
 79822
 79834
 79825
 79830
 79830
 79834
 79841
 79829
 79832
 79834
