Sa, 15.02.25    15:57:34
23 Osazee-2
2		
45.680
0.000
0.000


  5922
  6041
  6151
  6243
  6332
  6414
  6502
  6619
  6783
  6876
  7031
  7162
  7309
  7460
  7583
  7707
  7811
  7912
  8034
  8164
  8288
  8437
  8583
  8721
  8879
  9024
  9158
  9301
  9438
  9571
  9717
  9826
  9960
 10107
 10229
 10373
 10524
 10677
 10818
 10968
 11154
 11264
 11416
 11575
 11724
 11857
 12010
 12161
 12329
 12484
 12639
 12792
 12947
 13115
 13278
 13442
 13603
 13774
 13911
 14049
 14210
 14354
 14485
 14655
 14794
 14973
 15143
 15323
 15500
 15695
 15848
 16024
 16182
 16325
 16483
 16637
 16807
 16969
 17137
 17299
 17478
 17658
 17834
 18012
 18187
 18347
 18530
 18700
 18858
 19016
 19187
 19346
 19512
 19699
 19893
 20093
 20285
 20461
 20641
 20807
 20968
 21149
 21298
 21441
 21599
 21799
 21998
 22190
 22370
 22558
 22753
 22940
 23119
 23287
 23454
 23632
 23810
 23985
 24153
 24339
 24527
 24720
 24930
 25129
 25333
 25516
 25699
 25873
 26038
 26215
 26386
 26562
 26736
 26916
 27109
 27322
 27520
 27725
 27911
 28086
 28258
 28442
 28623
 28796
 28983
 29173
 29364
 29550
 29758
 29979
 30200
 30395
 30579
 30769
 30938
 31115
 31290
 31462
 31669
 31865
 32065
 32259
 32451
 32651
 32852
 33039
 33220
 33404
 33590
 33779
 33974
 34160
 34342
 34534
 34741
 34951
 35173
 35387
 35580
 35754
 35943
 36132
 36313
 36483
 36675
 36880
 37080
 37278
 37463
 37663
 37861
 38049
 38237
 38417
 38600
 38802
 38992
 39191
 39403
 39605
 39824
 40031
 40239
 40414
 40615
 40809
 40985
 41177
 41360
 41559
 41756
 41951
 42156
 42348
 42538
 42725
 42915
 43088
 43283
 43483
 43685
 43902
 44115
 44315
 44518
 44716
 44915
 45090
 45311
 45477
 45639
 45833
 46031
 46224
 46397
 46574
 46741
 46910
 47081
 47240
 47419
 47591
 47772
 47954
 48126
 48301
 48482
 48671
 48860
 49077
 49300
 49488
 49699
 49865
 50054
 50221
 50419
 50601
 50764
 50912
 51068
 51236
 51382
 51563
 51729
 51900
 52071
 52231
 52392
 52563
 52715
 52883
 53039
 53199
 53358
 53522
 53699
 53866
 54041
 54213
 54364
 54515
 54663
 54808
 54946
 55110
 55279
 55411
 55562
 55668
 55820
 55943
 56075
 56183
 56301
 56421
 56562
 56695
 56837
 56969
 57120
 57248
 57370
 57456
 57569
 57682
 57781
 57914
 58026
 58124
 58251
 58441
 58831
 58939
 58956
 75949
 79158
 79126
 79137
 79097
 79056
 79096
 79120
 79174
 79157
 79127
 79118
 79178
 79180
 79138
 79067
 78973
 78995
 79005
 79027
 79019
 79031
 79012
 78970
 78958
 78958
 78953
 78957
 78956
 78941
 78933
 78937
 78945
 78943
 78927
 78934
 78946
 78922
 78930
 78954
