Sa, 15.02.25    15:45:29
300 Pulow-2
2		
47.680
0.000
0.000


 17379
 17421
 17482
 17546
 17602
 17662
 17700
 17757
 17821
 17877
 17927
 17994
 18043
 18091
 18162
 18225
 18307
 18399
 18486
 18552
 18628
 18722
 18810
 18905
 18973
 19066
 19144
 19233
 19313
 19403
 19481
 19560
 19644
 19747
 19857
 19941
 20050
 20144
 20241
 20336
 20424
 20514
 20613
 20711
 20823
 20915
 21018
 21140
 21258
 21376
 21501
 21627
 21725
 21835
 21925
 22033
 22143
 22270
 22375
 22499
 22601
 22719
 22857
 22996
 23157
 23280
 23400
 23519
 23640
 23764
 23904
 24017
 24146
 24266
 24378
 24494
 24608
 24748
 24893
 25054
 25223
 25377
 25511
 25626
 25762
 25890
 26027
 26168
 26307
 26447
 26592
 26723
 26842
 26999
 27160
 27344
 27499
 27650
 27773
 27875
 28000
 28174
 28337
 28465
 28586
 28730
 28850
 29009
 29161
 29334
 29483
 29629
 29778
 29937
 30083
 30229
 30389
 30534
 30665
 30802
 30958
 31124
 31292
 31456
 31603
 31763
 31909
 32058
 32204
 32361
 32518
 32667
 32810
 32944
 33132
 33328
 33501
 33682
 33834
 33976
 34123
 34284
 34434
 34601
 34771
 34942
 35110
 35272
 35446
 35618
 35792
 35942
 36108
 36263
 36414
 36566
 36720
 36891
 37060
 37244
 37433
 37620
 37807
 37972
 38119
 38264
 38422
 38587
 38756
 38926
 39111
 39278
 39455
 39635
 39816
 39989
 40162
 40328
 40479
 40652
 40822
 40991
 41150
 41328
 41496
 41696
 41896
 42074
 42250
 42417
 42595
 42756
 42921
 43092
 43259
 43417
 43597
 43791
 43973
 44153
 44320
 44486
 44646
 44812
 44996
 45171
 45353
 45520
 45718
 45911
 46106
 46292
 46453
 46628
 46794
 46974
 47145
 47310
 47473
 47632
 47799
 47958
 48129
 48311
 48476
 48651
 48815
 48964
 49110
 49258
 49410
 49571
 49721
 49886
 50081
 50277
 50444
 50620
 50824
 50998
 51164
 51318
 51478
 51655
 51808
 51979
 52128
 52266
 52397
 52534
 52670
 52815
 52967
 53108
 53281
 53437
 53595
 53747
 53906
 54064
 54209
 54375
 54526
 54686
 54847
 54998
 55078
 55106
 55187
 55351
 55559
 55815
 56016
 56158
 56291
 56386
 56499
 56627
 56763
 56897
 57048
 57196
 57332
 57468
 57611
 57739
 57869
 57989
 58106
 58236
 58342
 58459
 58587
 58696
 58820
 58950
 59050
 59192
 59306
 59413
 59560
 59679
 59857
 60090
 63431
 79638
 79640
 79631
 79628
 79636
 79636
 79625
 79635
 79638
 79632
 79644
 79639
 79636
 79641
 79633
 47761
 47450
 47571
 48285
 79636
 79632
 79636
 79633
 79634
 79626
 79639
 79634
 79612
 79617
 79609
 79600
 79597
 79614
 79606
 79612
 79617
  4697
  4586
  4676
  4671
  4650
  4674
  4676
  4679
  4714
  4741
  4752
  4774
  4770
  4768
  4768
  4765
  4773
  4797
  4797
  4793
  4829
  4868
  4868
  4871
  4895
  4905
  4934
  4961
  4979
  5005
  5023
  5051
  5065
  5121
  5163
  5173
  5191
  5132
  5069
  5102
  5080
  5060
  5189
 30119
 79653
 79639
 79636
 79639
 79635
 79634
 79639
 79644
 79640
 79636
 79628
 79635
 79644
 79629
 79639
 79633
 79643
 79643
 79643
 79638
 79638
 79637
 79634
 79627
 79632
 79638
 79635
 79653
 79652
 79653
 79646
 79655
 79645
 79631
 79650
 79629
 79628
 79626
 79642
 79623
 79631
 79639
 79630
 79638
 79625
 79632
 79646
 79633
 79633
 79619
