Sa, 15.02.25    16:27:22
115 Yamal-4
4		
45.680
0.000
0.000


 12945
 12954
 12972
 12984
 12995
 13039
 13063
 13087
 13142
 13143
 13169
 13200
 13298
 13359
 13415
 13489
 13531
 13605
 13666
 13749
 13793
 13810
 13852
 13913
 13961
 14021
 14089
 14161
 14249
 14326
 14389
 14473
 14573
 14665
 14744
 14831
 14928
 15034
 15103
 15178
 15251
 15343
 15429
 15534
 15647
 15776
 15875
 15956
 16042
 16156
 16239
 16342
 16487
 16599
 16698
 16791
 16925
 17059
 17203
 17326
 17430
 17557
 17666
 17783
 17900
 18016
 18138
 18239
 18395
 18553
 18700
 18875
 18982
 19088
 19215
 19351
 19473
 19609
 19760
 19914
 20054
 20195
 20339
 20482
 20641
 20773
 20903
 21049
 21190
 21337
 21466
 21608
 21760
 21908
 22074
 22247
 22434
 22596
 22738
 22865
 23001
 23143
 23289
 23438
 23614
 23790
 23966
 24115
 24281
 24444
 24607
 24755
 24906
 25063
 25228
 25377
 25514
 25679
 25844
 26014
 26207
 26374
 26554
 26725
 26882
 27032
 27191
 27361
 27519
 27685
 27853
 28027
 28196
 28384
 28577
 28752
 28926
 29086
 29249
 29419
 29582
 29748
 29927
 30107
 30294
 30492
 30691
 30884
 31046
 31210
 31374
 31536
 31700
 31875
 32065
 32233
 32416
 32598
 32782
 32966
 33151
 33324
 33503
 33674
 33846
 34031
 34201
 34365
 34547
 34741
 34953
 35176
 35379
 35546
 35722
 35881
 36055
 36234
 36394
 20114
 18094
 18086
 18071
 18051
 18045
 18013
 17951
 17959
 17960
 17990
 18056
 18127
 18187
 18262
 18342
 18421
 18431
 18393
 23960
 40339
 40516
 40696
 40880
 41058
 41246
 41413
 41626
 41816
 42006
 42197
 42385
 42561
 42738
 42904
 43090
 43263
 43453
 43669
 43881
 44083
 44295
 44492
 44682
 44872
 45056
 45241
 45415
 45583
 45750
 45925
 46105
 46263
 46416
 46554
 46713
 46868
 47040
 47224
 47397
 47587
 47761
 47952
 48137
 48336
 48533
 48710
 48873
 49026
 49198
 49364
 49542
 49723
 49928
 50150
 50349
 50541
 50729
 50898
 51056
 51194
 51323
 51467
 51635
 51807
 51968
 52130
 52291
 52454
 52611
 52759
 52916
 53071
 53228
 53375
 53540
 48113
 46443
 46587
 53348
 54395
 54534
 54687
 54850
 55028
 55192
 55366
 55511
 55663
 55829
 55975
 56125
 56273
 56424
 56572
 56725
 56871
 57033
 57183
 57327
 57469
 57619
 57771
 57932
 58067
 58231
 58388
 58553
 58701
 58874
 59029
 59184
 59346
 59485
 59642
 59805
 59987
 60147
 60297
 60430
 60574
 60694
 60818
 60948
 61067
 61191
 61319
 61463
 61616
 61747
 61894
 62020
 62163
 62298
 62419
 62549
 62674
 62775
 62892
 63035
 63161
 63288
 63424
 63540
 63687
 63822
 63956
 64075
 64177
 64288
 64399
 64503
