Sa, 15.02.25    16:48:34
115 Yamal-6
6		
45.680
0.000
0.000


 12600
 12615
 12610
 12629
 12635
 12656
 12667
 12685
 12702
 12740
 12769
 12801
 12850
 12876
 12915
 12962
 13057
 13106
 13170
 13256
 13330
 13411
 13496
 13538
 13557
 13621
 13657
 13705
 13770
 13838
 13917
 14007
 14093
 14158
 14224
 14294
 14400
 14495
 14574
 14674
 14774
 14849
 14937
 15023
 15109
 15229
 15343
 15462
 15575
 15655
 15722
 15813
 15919
 16044
 16181
 16305
 16369
 16452
 16560
 16685
 16830
 16959
 17081
 17211
 17333
 17467
 17593
 17684
 17807
 17934
 18062
 18207
 18343
 18505
 18637
 18766
 18905
 19044
 19158
 19306
 19465
 19612
 19741
 19889
 20037
 20190
 20330
 20467
 20593
 20735
 20878
 21021
 21164
 21295
 21434
 21606
 21754
 21953
 22137
 22308
 22460
 22613
 22752
 22903
 23057
 23216
 23361
 23526
 23699
 23865
 24035
 24189
 24345
 24498
 24648
 24813
 24960
 25122
 25280
 25451
 25625
 25815
 26016
 26183
 26332
 26485
 26634
 26789
 26958
 27124
 27312
 27490
 27665
 27827
 28000
 28167
 28340
 28507
 28679
 28840
 29007
 29177
 29351
 29510
 29714
 29899
 30106
 30315
 30468
 30643
 30796
 30959
 31122
 31279
 31452
 31645
 31833
 32013
 32199
 32396
 32583
 32762
 32915
 33095
 33252
 33425
 33613
 33791
 33976
 34163
 34376
 34573
 34784
 34978
 35162
 35324
 35470
 35647
 35837
 36014
 36199
 36377
 36556
 36728
 36928
 37117
 37320
 37502
 37667
 37833
 38015
 38196
 38365
 38541
 38757
 38980
 39188
 39376
 39561
 39762
 39935
 40119
 40307
 40475
 40657
 40843
 41020
 41203
 41374
 41569
 41763
 41952
 42132
 42321
 42502
 42671
 42845
 43032
 43220
 43420
 43642
 43842
 44051
 44262
 44447
 44643
 44826
 45004
 45180
 45360
 45504
 45672
 45843
 46017
 46189
 46343
 46498
 46647
 46802
 46970
 47140
 47321
 47482
 47656
 47818
 47983
 48163
 48348
 48521
 48718
 48888
 49066
 49251
 49429
 49646
 49866
 50085
 50288
 50478
 50654
 50814
 50959
 51094
 51238
 51363
 51492
 51634
 51804
 51985
 52145
 52295
 52453
 52603
 52731
 52885
 53039
 53204
 53359
 53522
 53696
 53870
 54033
 54201
 54388
 54561
 54754
 54896
 55024
 54858
 55300
 55428
 55551
 55648
 55740
 55852
 55980
 56107
 56223
 56321
 56445
 56574
 56713
 56859
 57004
 57153
 57288
 57419
 57541
 57656
 57763
 57866
 57975
 58063
 58178
 58285
 58400
 58542
 58689
 58847
 59004
 59132
 59264
 59393
 73082
 79668
 79674
 79674
 79697
 79726
 79755
 79777
 79802
 79800
 79802
 79794
 79797
 79787
 79793
 79790
 79780
 79778
 79775
 79778
 79783
 79780
 79776
 79781
 79774
 79774
 79773
 79781
 79783
 79778
 79778
 79773
 79778
 79772
 79770
 79776
