Sa, 15.02.25    16:35:22
257 Judt-5
5		
47.680
0.000
0.000


 11548
 11636
 11718
 11772
 11838
 11928
 12020
 12111
 12212
 12318
 12451
 12558
 12662
 12748
 12863
 12990
 13115
 13240
 13365
 13450
 13532
 13634
 13732
 13845
 13970
 14099
 14249
 14400
 14516
 14622
 14733
 14847
 14967
 15090
 15200
 15320
 15437
 15558
 15698
 15844
 15972
 16136
 16277
 16389
 16511
 16632
 16773
 16895
 17017
 17166
 17325
 17474
 17636
 17770
 17920
 18090
 18232
 18378
 18518
 18652
 18775
 18928
 19058
 19220
 19355
 19514
 19683
 19835
 19984
 20145
 20296
 20452
 20607
 20743
 20884
 21045
 21189
 21341
 21487
 21639
 21798
 21970
 22145
 22323
 22496
 22652
 22794
 22934
 23082
 23236
 23392
 23571
 23734
 23901
 24060
 24228
 24395
 24560
 24725
 24897
 25054
 25216
 25364
 25519
 25692
 25854
 26016
 26194
 26377
 26565
 26748
 26907
 27058
 27221
 27383
 27553
 27715
 27899
 28065
 28232
 28412
 28596
 28794
 28957
 29124
 29286
 29453
 29605
 29788
 29978
 30150
 30330
 30509
 30704
 30914
 31099
 31267
 31409
 31556
 31727
 31903
 32081
 32270
 32443
 32622
 32805
 32987
 33177
 33334
 33514
 33688
 33865
 34039
 34213
 34383
 34551
 34745
 34959
 35175
 35366
 35556
 35715
 35880
 36047
 36218
 36376
 36564
 36756
 36944
 37124
 37333
 37518
 37698
 37876
 38051
 38216
 38378
 38562
 38742
 38931
 39131
 39300
 39523
 39716
 39932
 40098
 40278
 40434
 40607
 40795
 40979
 41160
 41351
 41527
 41715
 41909
 42111
 42296
 42469
 42640
 42807
 42996
 43171
 43352
 43571
 43779
 43985
 44172
 44361
 44528
 44715
 44884
 45071
 45257
 45432
 45634
 45816
 45996
 46185
 46381
 46565
 46750
 46934
 47131
 47308
 47482
 47656
 47833
 48030
 48225
 48416
 48576
 48742
 48892
 49056
 49212
 49386
 49559
 49740
 49932
 50118
 50307
 50497
 50659
 50855
 51026
 51218
 51382
 51553
 51726
 51896
 52061
 52230
 52385
 52524
 52659
 52791
 52934
 53096
 53257
 53432
 53604
 53761
 53908
 54064
 54213
 54356
 54513
 54654
 54810
 54969
 55128
 55290
 55458
 55651
 55822
 55978
 56137
 56253
 56359
 56474
 56592
 56715
 56848
 56975
 57126
 57286
 57419
 57555
 57679
 57813
 57951
 58085
 58212
 58347
 58464
 58599
 58714
 58840
 58965
 59084
 59210
 59342
 59467
 59601
 59743
 59852
 59979
 60108
 60254
 52571
 32706
 32700
 32703
 32663
 32691
 32699
 32723
 32747
 32767
 32780
 32794
 32820
 32825
 32845
 32858
 32873
 32892
 32905
 32929
 32941
 32965
 32979
 33002
 33007
 33028
 33064
 33084
 33106
 33145
 33170
 33200
 33226
 33248
 33285
 33307
 33331
 33375
 33382
 33393
 33382
 33420
 33443
 33481
 33466
 33522
 33521
 33591
 33628
 33634
 33661
 33673
 33695
 33706
 33731
 33739
 33768
 33791
 33807
 33843
 33855
 33898
 33925
 33960
 33974
 33972
 33967
 33981
 34016
 34031
 34050
 34102
 34199
 34220
 34233
 34261
 34278
 34295
 34316
 34322
 35548
 79758
 79749
 79737
 79747
 81504
 81645
 81599
 81908
 82088
 82455
 84050
 88376
 88554
 88741
 88748
 89783
 90030
 89768
 89181
 88433
 87741
 87177
 86594
 86057
 85629
 85208
 84869
 84577
 84234
 84023
 83874
 83675
 83582
 83539
 83558
 83599
 83582
 83632
 83601
 83659
 83670
 83623
 83663
 83652
 83693
 83718
 83705
 83725
 83732
 83724
