Sa, 15.02.25    16:09:57
786 Massing-3
3		
47.680
0.000
0.000


 11609
 11677
 11770
 11836
 11947
 11997
 12059
 12129
 12178
 12208
 12272
 12308
 12380
 12439
 12483
 12564
 12643
 12732
 12829
 12930
 13018
 13101
 13191
 13278
 13374
 13456
 13537
 13621
 13709
 13801
 13908
 13998
 14093
 14211
 14342
 14398
 14489
 14603
 14733
 14836
 14971
 15078
 15183
 15276
 15373
 15469
 15588
 15698
 15785
 15881
 15987
 16099
 16239
 16343
 16467
 16614
 16757
 16878
 17001
 17122
 17241
 17347
 17471
 17597
 17716
 17861
 17990
 18119
 18256
 18380
 18528
 18680
 18818
 18960
 19103
 19219
 19336
 19475
 19613
 19726
 19893
 20022
 20160
 20289
 20445
 20600
 20758
 20910
 21056
 21186
 21306
 21442
 21575
 21717
 21861
 22018
 22183
 22344
 22494
 22638
 22777
 22931
 23091
 23239
 23382
 23543
 23676
 23825
 23988
 24143
 24281
 24426
 24566
 24708
 24868
 25048
 25217
 25375
 25535
 25691
 25852
 25982
 26123
 26269
 26416
 26553
 26719
 26881
 27053
 27215
 27380
 27541
 27712
 27876
 27999
 28151
 28336
 28486
 28652
 28815
 28972
 29109
 29268
 29432
 29583
 29764
 29949
 30124
 30294
 30440
 30604
 30758
 30905
 31068
 31218
 31380
 31545
 31714
 31884
 32050
 32245
 32420
 32591
 32743
 32901
 33057
 33220
 33382
 33546
 33711
 33874
 34050
 34222
 34396
 34574
 34766
 34940
 35116
 35288
 35426
 35592
 35756
 35911
 36082
 36261
 36423
 36588
 36773
 36954
 37139
 37319
 37485
 37644
 37812
 37973
 38142
 38306
 38461
 38651
 38819
 39013
 39191
 39378
 39567
 39744
 39918
 40079
 40258
 40423
 40584
 40770
 40953
 41125
 41308
 41471
 41660
 41841
 42027
 42194
 42363
 42539
 42716
 42871
 43051
 43227
 43402
 43586
 43784
 43979
 44164
 44345
 44526
 44688
 44870
 45043
 45228
 45395
 45575
 45765
 45944
 46138
 46309
 46476
 46664
 46836
 47005
 47184
 47365
 47530
 47690
 47850
 48023
 48207
 48369
 48545
 48695
 48851
 49022
 49177
 49330
 49485
 49659
 49830
 50024
 50211
 50391
 50570
 50769
 50951
 51128
 51302
 51490
 51667
 51836
 52012
 52183
 52352
 52503
 52651
 52776
 52923
 53075
 53229
 53405
 53584
 53751
 53912
 54069
 54229
 54382
 54530
 54694
 54861
 55045
 55219
 55360
 55499
 55666
 55820
 55982
 56128
 56238
 56343
 56488
 56627
 56762
 56905
 57048
 57194
 57357
 57502
 57651
 57781
 57924
 58054
 58186
 58302
 58437
 58560
 58678
 58805
 58917
 59036
 59154
 59288
 59418
 59550
 59679
 59819
 59990
 60166
 60325
 60462
 73413
 79646
 79645
 79650
 79659
 79660
 79643
 79637
 79595
 79598
 79586
 79593
 79607
 79605
 79613
 79608
 79611
 79618
 79611
 79621
 79611
 79606
 79613
 79625
 79620
 79621
 79615
 79613
 79624
