Sa, 15.02.25    16:45:41
108 Biederlack-6
6		
45.680
0.000
0.000


  5278
  5366
  5451
  5531
  5628
  5702
  5795
  5875
  5984
  6102
  6231
  6309
  6434
  6554
  6687
  6810
  6914
  7038
  7145
  7266
  7396
  7494
  7615
  7744
  7873
  7995
  8125
  8253
  8394
  8522
  8643
  8750
  8872
  8986
  9087
  9210
  9345
  9486
  9617
  9746
  9912
 10056
 10208
 10336
 10463
 10573
 10709
 10836
 10968
 11099
 11242
 11364
 11516
 11674
 11836
 12008
 12147
 12265
 12405
 12556
 12698
 12830
 12971
 13116
 13260
 13392
 13541
 13700
 13838
 14013
 14185
 14367
 14525
 14686
 14833
 14955
 15115
 15272
 15418
 15577
 15741
 15878
 16020
 16168
 16315
 16476
 16634
 16793
 16952
 17098
 17248
 17403
 17560
 17706
 17873
 18044
 18181
 18350
 18524
 18721
 18906
 19083
 19238
 19392
 19545
 19708
 19882
 20040
 20210
 20356
 20513
 20666
 20833
 21006
 21166
 21323
 21479
 21645
 21804
 21962
 22120
 22294
 22442
 22612
 22774
 22938
 23112
 23286
 23480
 23663
 23831
 24014
 24172
 24335
 24502
 24653
 24833
 25003
 25165
 25334
 25515
 25678
 25847
 26024
 26197
 26357
 26515
 26674
 26842
 26999
 27170
 27342
 27527
 27701
 27867
 28059
 28252
 28435
 28612
 28803
 28963
 29136
 29292
 29476
 29653
 29824
 29996
 30170
 30348
 30521
 30702
 30881
 31052
 31227
 31376
 31534
 31693
 31862
 32028
 32230
 32414
 32583
 32772
 32956
 33149
 33329
 33502
 33675
 33844
 34016
 34186
 34365
 34549
 34718
 34910
 35088
 35277
 35452
 35632
 35801
 35976
 36143
 36314
 36485
 36660
 36844
 37032
 37225
 37420
 37612
 37778
 37952
 38121
 38286
 38459
 38634
 38809
 38984
 39178
 39343
 39522
 39703
 39871
 40069
 40232
 40407
 40582
 40764
 40943
 41121
 41301
 41488
 41679
 41859
 42036
 42222
 42408
 42575
 42739
 42915
 43087
 43257
 43445
 43618
 43805
 43973
 44146
 44326
 44501
 44670
 44849
 45017
 45191
 45357
 45502
 45668
 45854
 46032
 46220
 46389
 46552
 46724
 46877
 47033
 47195
 47355
 47527
 47681
 47849
 48032
 48203
 48401
 48606
 48784
 48957
 49125
 49288
 49438
 49596
 49764
 49917
 50069
 50215
 50352
 50485
 50636
 50785
 50944
 51107
 51256
 51414
 51568
 51724
 51880
 52030
 52179
 52344
 52491
 52635
 52781
 52940
 53098
 53254
 53410
 53570
 53717
 53871
 54008
 54131
 54305
 54435
 54547
 54676
 54801
 54920
 55059
 55208
 55350
 55498
 55652
 55786
 55914
 56040
 56182
 56288
 56417
 56547
 56671
 56796
 56927
 57044
 57178
 57303
 57428
 57550
 57670
 57802
 57946
 58094
 58262
 58573
 63168
 79746
 79764
 79770
 79774
 79779
 79778
 79774
 79780
 79783
 79778
 79771
 79759
 79752
 79742
 79735
 79726
 79721
 79723
 79720
 79712
 79699
 79691
 79690
 79698
 79699
 79704
 79696
 79698
 79704
 79703
 79711
 79701
 79704
 79709
 79700
 79698
 79710
 79710
 79703
 79709
 79701
 79716
 79703
 79701
