Sa, 15.02.25    16:52:30
185 Maurer-6
6		
45.680
0.000
0.000


  6792
  6823
  6854
  6881
  6906
  6940
  6983
  7012
  7026
  7059
  7094
  7136
  7186
  7223
  7261
  7309
  7340
  7381
  7417
  7454
  7500
  7546
  7591
  7666
  7724
  7837
  7915
  8009
  8074
  8169
  8267
  8346
  8454
  8558
  8661
  8749
  8835
  8912
  9006
  9070
  9152
  9232
  9322
  9421
  9513
  9596
  9713
  9830
  9931
 10016
 10120
 10208
 10306
 10396
 10510
 10612
 10712
 10806
 10910
 11014
 11132
 11267
 11384
 11511
 11636
 11762
 11884
 12015
 12119
 12253
 12380
 12507
 12615
 12736
 12844
 12979
 13105
 13211
 13342
 13443
 13580
 13708
 13858
 13991
 14126
 14264
 14388
 14537
 14644
 14768
 14895
 15033
 15185
 15317
 15447
 15585
 15714
 15851
 16009
 16127
 16277
 16421
 16579
 16742
 16880
 17014
 17165
 17310
 17455
 17588
 17738
 17868
 18010
 18143
 18286
 18434
 18594
 18754
 18923
 19091
 19242
 19387
 19530
 19664
 19815
 19951
 20095
 20241
 20384
 20541
 20690
 20825
 20972
 21135
 21301
 21453
 21644
 21809
 21974
 22145
 22295
 22456
 22607
 22747
 22918
 23073
 23223
 23352
 23499
 23680
 23845
 24026
 24206
 24375
 24527
 24666
 24826
 24966
 25112
 25271
 25416
 25582
 25759
 25927
 26100
 26267
 26436
 26622
 26798
 26975
 27154
 27324
 27481
 27645
 27800
 27953
 28118
 28266
 28438
 28627
 28823
 29016
 29184
 29355
 29519
 29679
 29840
 30013
 30176
 30347
 30508
 30688
 30876
 31079
 31245
 31428
 31626
 31810
 31980
 32153
 32342
 32512
 32681
 32841
 33013
 33201
 33368
 33563
 33770
 33964
 34170
 34350
 34509
 34694
 34856
 35030
 35221
 35385
 35572
 35767
 35966
 36145
 36344
 36540
 36733
 36922
 37114
 37305
 37482
 37656
 37834
 38034
 38220
 38415
 38618
 38819
 39026
 39214
 39401
 39573
 39744
 39924
 40106
 40288
 40468
 40670
 40860
 41052
 41248
 41440
 41650
 41852
 42038
 42239
 42407
 42604
 42787
 42969
 43152
 43336
 43551
 43759
 43981
 44198
 44387
 44574
 44769
 44948
 45134
 45322
 45494
 45672
 45837
 46037
 46218
 46396
 46561
 46739
 46927
 47102
 47288
 47460
 47630
 47813
 47992
 48160
 48351
 48535
 48724
 48919
 49090
 49280
 49466
 49667
 49881
 50099
 50290
 50484
 50664
 50832
 51015
 51166
 51317
 51470
 51662
 51845
 52038
 52197
 52357
 52575
 52737
 52857
 53116
 63236
 79660
 79650
 79644
 79649
 79625
 67374
 54477
 54499
 54753
 54956
 55160
 55405
 68401
 79683
 79688
 79707
 79700
 56397
  9259
  9165
  9100
  9065
  9044
  9026
  9004
  8977
  8972
  8991
  8995
  8925
  8885
  8920
  8969
  8976
  9006
  9049
  9032
  9033
  9062
  8913
 79704
 79709
 79703
 79701
 79702
 79705
 79703
 79701
 79717
 79699
 79697
 79693
 79705
 79711
 79706
 79708
 79707
 79705
 79709
 79709
 79707
 79700
 79702
 79709
 79704
 79710
 79719
 79704
 79715
 79707
 79709
 79705
 79707
 79707
 79705
 79712
 79711
 79715
 79705
 79700
 79705
 79703
 79709
 79712
 79715
 79706
 79717
 79700
 79707
 79697
