Sa, 15.02.25    15:36:32
786 Massing-1
1		
47.680
0.000
0.000


 11853
 11905
 11957
 12021
 12094
 12178
 12219
 12272
 12325
 12366
 12443
 12483
 12549
 12620
 12691
 12776
 12898
 12968
 13052
 13156
 13244
 13340
 13416
 13511
 13545
 13642
 13724
 13823
 13921
 14024
 14114
 14217
 14324
 14412
 14519
 14651
 14765
 14900
 15011
 15112
 15219
 15295
 15396
 15484
 15605
 15699
 15807
 15921
 16031
 16113
 16232
 16316
 16443
 16581
 16711
 16840
 16966
 17085
 17211
 17312
 17422
 17553
 17675
 17794
 17920
 18067
 18236
 18343
 18472
 18603
 18741
 18889
 19041
 19187
 19322
 19452
 19560
 19686
 19801
 19932
 20072
 20199
 20334
 20452
 20581
 20733
 20888
 21034
 21195
 21327
 21464
 21577
 21728
 21870
 22006
 22164
 22308
 22454
 22595
 22749
 22883
 23040
 23184
 23334
 23490
 23649
 23790
 23945
 24080
 24225
 24377
 24520
 24656
 24797
 24953
 25110
 25278
 25435
 25613
 25788
 25938
 26073
 26216
 26351
 26473
 26620
 26784
 26942
 27116
 27279
 27442
 27613
 27771
 27923
 28100
 28206
 28249
 28327
 28682
 28887
 29045
 29195
 16818
 15817
 15798
 15818
 15812
 15825
 15858
 15911
 15976
 16037
 16072
 16098
 16100
 16131
 16146
 16179
 16216
 16259
 16309
 16367
 16416
 16435
 20174
 33022
 33258
 33461
 33643
 33793
 33959
 34104
 34277
 34463
 34634
 34796
 34992
 35215
 35375
 35528
 35663
 35823
 35980
 36139
 36311
 36468
 36653
 36828
 36998
 37183
 37370
 37556
 37727
 37891
 38052
 38214
 38372
 38533
 38696
 38874
 39057
 39239
 39427
 39621
 39807
 39985
 40159
 40324
 40480
 40649
 40831
 41002
 41186
 41367
 41522
 41720
 41914
 42089
 42270
 42440
 42615
 42771
 42931
 43098
 43267
 43453
 43649
 43840
 44035
 44233
 44412
 44591
 44764
 44939
 45109
 45290
 45468
 45646
 45849
 46030
 46218
 46370
 46560
 46742
 46923
 47101
 47285
 47451
 47616
 47761
 47946
 48128
 48312
 48475
 48633
 48793
 48938
 49099
 49266
 49428
 49598
 49783
 49959
 50158
 50343
 50515
 50704
 50902
 51079
 51274
 51442
 51626
 51797
 51970
 52134
 52292
 52430
 52570
 52722
 52877
 53069
 53235
 53399
 53586
 53754
 53923
 54086
 54249
 54407
 54574
 54745
 54903
 55074
 55248
 55386
 55539
 55663
 55803
 55918
 56042
 56170
 56300
 56451
 56599
 56749
 56896
 57044
 57192
 57338
 57467
 57590
 57704
 57826
 57945
 58070
 58187
 58311
 58447
 58582
 58712
 58869
 59002
 59137
 59296
 59442
 59599
 59780
 59981
 60174
 60435
 60575
 60737
 60960
 77151
 79740
 79767
 79792
 79810
 79813
 79816
 79817
 79825
 79823
 79823
 79840
 79842
 79840
 79834
 79833
 79841
 79848
 79846
 79842
 79844
 79854
 79852
 79839
 79834
 79829
 79836
 79828
