Sa, 15.02.25    15:56:36
115 Yamal-2
2		
45.680
0.000
0.000


 14052
 14138
 14229
 14301
 14393
 14466
 14561
 14642
 14723
 14801
 14911
 14978
 15057
 15165
 15247
 15333
 15448
 15576
 15677
 15783
 15850
 15949
 16039
 16149
 16274
 16380
 16472
 16597
 16700
 16826
 16973
 17085
 17197
 17316
 17428
 17548
 17681
 17779
 17877
 18006
 18155
 18256
 18433
 18586
 18731
 18847
 18938
 19085
 19216
 19355
 19498
 19642
 19778
 19915
 20061
 20207
 20335
 20478
 20621
 20746
 20876
 21008
 21139
 21286
 21439
 21607
 21765
 21903
 22099
 22260
 22406
 22540
 22693
 22837
 22978
 23131
 23296
 23451
 23613
 23768
 23939
 24119
 24266
 24418
 24568
 24723
 24872
 25037
 25203
 25367
 25516
 25686
 25880
 26064
 26231
 26363
 26513
 26666
 26824
 26980
 27160
 27346
 27516
 27691
 27840
 28031
 28200
 28368
 28523
 28692
 28860
 29042
 29214
 29372
 29543
 29708
 29895
 30113
 30315
 30478
 30623
 30786
 30939
 31104
 31270
 31441
 31630
 31809
 32002
 32193
 32386
 32565
 32724
 32878
 33039
 33215
 33378
 33543
 33741
 33918
 34111
 34306
 34528
 34731
 34919
 35088
 35258
 35419
 35592
 35773
 35953
 36145
 36331
 36506
 36712
 36905
 37083
 37254
 37430
 37598
 37759
 37938
 38109
 38297
 38483
 38698
 38902
 39114
 39298
 39493
 39655
 39831
 40024
 40194
 40384
 40567
 40747
 40941
 41122
 41309
 41495
 41684
 41871
 42044
 42223
 42412
 42581
 42748
 42941
 43135
 43329
 43536
 43732
 43938
 44148
 44345
 44521
 44704
 44878
 45055
 45229
 45378
 45545
 45701
 45869
 46034
 46189
 46338
 46499
 46671
 46842
 47042
 47204
 47370
 47548
 47705
 47864
 48040
 48205
 48383
 48554
 48732
 48916
 49110
 49306
 49513
 49703
 49907
 50103
 50294
 50472
 50586
 50733
 50882
 50995
 51135
 51263
 51430
 51601
 51761
 51908
 52056
 52213
 52352
 52511
 52661
 52810
 52970
 53137
 53285
 53465
 53629
 53821
 54006
 54184
 54351
 54485
 54621
 54765
 54885
 55004
 55124
 55221
 55346
 55479
 55613
 55752
 55896
 56004
 56142
 56276
 56424
 56595
 56739
 56902
 57032
 57188
 57308
 57422
 57509
 57579
 57662
 57746
 57847
 57946
 58049
 58164
 58274
 58422
 58557
 58738
 58956
 59226
 59373
 72453
 79137
 79645
 77829
 72806
 72476
 72443
 72402
 32475
 24221
 24244
 24219
 24220
 24212
 24203
 24242
 24160
 23972
 23967
 23995
 24028
 24053
 24048
 24028
 23997
 23975
 23967
 23957
 23961
 23970
 23982
 23974
 23992
 23996
 24012
 24016
 24020
 24027
 24042
 24066
 24119
 24129
 24087
 24032
 40801
 72878
 72865
 72916
 72891
 72903
 72876
 72872
 72927
 72870
 72914
 72892
 72937
 72918
 72912
 72929
 72917
 72921
 72901
 72909
 72911
 72921
 72933
 72918
 72893
 72910
 72910
 72886
 72870
 72902
 72876
 72901
 72903
 72903
 72914
 72897
 72899
 72908
 72875
 72879
 72875
 72890
 72878
 72846
 72847
 72829
 72815
 72823
 72842
 71210
 64044
