Sa, 15.02.25    16:11:28
328 Benze-3
3		
47.680
0.000
0.000


 13235
 13347
 13474
 13594
 13719
 13847
 13996
 14132
 14252
 14390
 14513
 14637
 14759
 14889
 15009
 15144
 15275
 15403
 15535
 15670
 15792
 15934
 16071
 16224
 16376
 16515
 16645
 16768
 16889
 17025
 17172
 17307
 17432
 17582
 17713
 17857
 18005
 18157
 18302
 18449
 18598
 18732
 18877
 19023
 19172
 19321
 19454
 19598
 19745
 19908
 20072
 20240
 20405
 20558
 20701
 20838
 20975
 21126
 21270
 21407
 21561
 21727
 21871
 22049
 22218
 22382
 22539
 22699
 22860
 23000
 23166
 23318
 23475
 23640
 23795
 23947
 24101
 24274
 24446
 24637
 24800
 24960
 25118
 25265
 25413
 25575
 25756
 25917
 26066
 26235
 26376
 26534
 26699
 26884
 27056
 27213
 27373
 27540
 27696
 27863
 28022
 28180
 28337
 28499
 28695
 28887
 29067
 29240
 29392
 29539
 29707
 29877
 30036
 30215
 30381
 30545
 30729
 30882
 31051
 31227
 31391
 31566
 31730
 31911
 32073
 32237
 32420
 32583
 32759
 32929
 33117
 33295
 33478
 33654
 33818
 33980
 34154
 34327
 34495
 34671
 34843
 35018
 35186
 35367
 35535
 35723
 35901
 36061
 36237
 36393
 36560
 36734
 36908
 37079
 37264
 37442
 37645
 37831
 38004
 38179
 38339
 38505
 38677
 38856
 39028
 39203
 39370
 39547
 39728
 39908
 40089
 40267
 40435
 40605
 40781
 40947
 41122
 41289
 41464
 41642
 41849
 42040
 42228
 42407
 42576
 42745
 42915
 43090
 43259
 43437
 43601
 43783
 43952
 44122
 44296
 44463
 44632
 44800
 44966
 45144
 45324
 45500
 45698
 45876
 46059
 46240
 46435
 46614
 46794
 46964
 47137
 47304
 47450
 47612
 47764
 47904
 48059
 48229
 48409
 48582
 48740
 48888
 49025
 49174
 49315
 49457
 49606
 49764
 49933
 50112
 50295
 50478
 50664
 50853
 51021
 51187
 51363
 51522
 51687
 51846
 52020
 52171
 52312
 52451
 52580
 52710
 52850
 52987
 53142
 53297
 53447
 53590
 53744
 53882
 54034
 54175
 54333
 54477
 54635
 54801
 54962
 55129
 55286
 55425
 55569
 55739
 55880
 56023
 56152
 56260
 56356
 56473
 56599
 56718
 56855
 57004
 57140
 57268
 57407
 57537
 57658
 57770
 57892
 58003
 58123
 58230
 58346
 58467
 58592
 58721
 58856
 58994
 59157
 59287
 59570
 63169
 79795
 79780
 79779
 79789
 79766
 79764
 79753
 79743
 79728
 79719
 79709
 79707
 79705
 79696
 79685
 79696
 79692
 79683
 79676
 79667
 79675
 79676
 79668
 79682
 79678
 79680
 79674
 79684
 79675
 79690
 79676
 79679
 79681
 79681
 79679
