Sa, 15.02.25    15:34:32
276 Moor-1
1		
47.680
0.000
0.000


 11967
 12027
 12088
 12157
 12218
 12276
 12345
 12422
 12499
 12564
 12639
 12709
 12801
 12892
 12974
 13054
 13134
 13217
 13288
 13371
 13456
 13541
 13656
 13733
 13820
 13882
 13998
 14087
 14209
 14303
 14379
 14483
 14586
 14689
 14801
 14934
 15050
 15176
 15276
 15385
 15484
 15607
 15718
 15833
 15939
 16064
 16199
 16329
 16445
 16555
 16672
 16784
 16927
 17059
 17179
 17319
 17449
 17576
 17682
 17821
 17943
 18080
 18212
 18383
 18503
 18643
 18778
 18917
 19055
 19205
 19350
 19484
 19616
 19743
 19891
 20037
 20190
 20336
 20457
 20611
 20761
 20912
 21080
 21234
 21367
 21506
 21657
 21807
 21963
 22127
 22266
 22435
 22599
 22734
 22892
 23047
 23199
 23355
 23511
 23655
 23831
 23979
 24125
 24287
 24441
 24602
 24772
 24938
 25110
 25284
 25445
 25602
 25759
 25920
 26073
 26244
 26398
 26561
 26735
 26889
 27070
 27246
 27420
 27585
 27746
 27911
 28069
 28243
 28393
 28556
 28725
 28898
 29077
 29257
 29438
 29612
 29776
 29953
 30121
 30295
 30460
 30634
 30802
 30975
 31151
 31329
 31488
 31675
 31867
 32045
 32210
 32380
 32540
 32710
 32866
 33030
 33204
 33390
 33580
 33771
 33961
 34144
 34314
 34491
 34672
 34841
 35009
 35187
 35382
 35543
 35720
 35896
 36083
 36277
 36444
 36627
 36817
 36993
 37177
 37352
 37538
 37696
 37863
 38046
 38243
 38432
 38634
 38815
 39009
 39178
 39353
 39535
 39716
 39905
 40086
 40275
 40453
 40627
 40815
 41004
 41202
 41366
 41546
 41732
 41905
 42094
 42290
 42467
 42644
 42821
 43007
 43210
 43397
 43596
 43781
 43965
 44157
 44326
 44511
 44699
 44905
 45084
 45261
 45439
 45623
 45808
 45972
 46065
 46153
 46329
 46659
 46886
 47072
 47262
 47435
 47607
 47797
 47979
 48164
 48347
 48532
 48712
 48891
 49062
 49220
 49379
 49554
 49719
 49916
 50129
 50306
 50501
 50691
 50882
 51054
 51220
 51370
 51540
 51720
 51874
 52070
 52233
 52390
 52548
 52692
 52843
 52989
 53154
 53309
 53478
 53640
 53807
 53963
 54124
 54286
 54456
 54612
 54790
 54955
 55127
 55296
 55442
 55607
 55761
 55918
 56032
 56162
 56333
 56458
 56580
 56713
 56852
 56992
 57147
 57306
 57452
 57604
 57745
 57874
 58015
 58127
 58263
 58388
 58528
 58658
 58791
 58926
 59065
 59200
 59331
 59484
 59648
 59781
 59840
 70499
 79697
 79709
 79718
 79722
 79741
 79742
 79765
 79773
 79778
 79797
 79790
 79795
 79804
 79801
 79800
 79786
 79782
 79762
 79762
 79758
 79762
 79753
 79748
 79753
 79749
 79752
 79747
 79757
 79753
 79757
 79756
 79758
