Sa, 15.02.25    15:44:13
108 Biederlack-1
1		
45.680
0.000
0.000


  5335
  5414
  5515
  5623
  5770
  5858
  6006
  6102
  6212
  6327
  6440
  6560
  6677
  6810
  6928
  7044
  7153
  7268
  7394
  7545
  7683
  7813
  7912
  8043
  8165
  8268
  8391
  8507
  8631
  8763
  8865
  9010
  9163
  9309
  9421
  9558
  9719
  9868
 10012
 10141
 10275
 10414
 10562
 10715
 10823
 10948
 11084
 11222
 11339
 11509
 11660
 11807
 11952
 12104
 12240
 12378
 12540
 12683
 12838
 12969
 13120
 13266
 13428
 13604
 13789
 13939
 14089
 14216
 14365
 14528
 14691
 14847
 15008
 15165
 15320
 15466
 15606
 15765
 15922
 16072
 16227
 16371
 16511
 16669
 16823
 16967
 17130
 17317
 17488
 17623
 17786
 17970
 18159
 18309
 18488
 18664
 18823
 18980
 19150
 19330
 19514
 19679
 19820
 20001
 20173
 20326
 20489
 20661
 20813
 21001
 21147
 21293
 21432
 21603
 21767
 21929
 22104
 22265
 22449
 22635
 22824
 23003
 23170
 23330
 23491
 23665
 23825
 24001
 24167
 24337
 24501
 24667
 24851
 25018
 25207
 25379
 25555
 25729
 25886
 26044
 26213
 26367
 26528
 26705
 26892
 27084
 27278
 27472
 27654
 27826
 27995
 28166
 28329
 28497
 28661
 28838
 29018
 29194
 29370
 29536
 29728
 29919
 30100
 30276
 30448
 30615
 30782
 30950
 31118
 31290
 31461
 31649
 31846
 32043
 32243
 32444
 32619
 32774
 32944
 33127
 33298
 33469
 33660
 33840
 34020
 34205
 34389
 34569
 34745
 34941
 35127
 35296
 35461
 35636
 35815
 35989
 36174
 36351
 36547
 36753
 36956
 37149
 37332
 37510
 37684
 37850
 38021
 38206
 38377
 38563
 38753
 38941
 39116
 39306
 39483
 39668
 39855
 40039
 40212
 40388
 40574
 40760
 40944
 41131
 41324
 41506
 41705
 41882
 42059
 42250
 42442
 42612
 42788
 42969
 43154
 43334
 43515
 43700
 43878
 44063
 44236
 44417
 44598
 44772
 44944
 45117
 45285
 45451
 45627
 45803
 46002
 46194
 46365
 46542
 46708
 46849
 47006
 47166
 47325
 47493
 47640
 47837
 48013
 48202
 48386
 48599
 48805
 48988
 49147
 49308
 49443
 49557
 49745
 49969
 50129
 50283
 50432
 50565
 50723
 50889
 51038
 51215
 51368
 51518
 51670
 51833
 51990
 52155
 52316
 52485
 52637
 52799
 52954
 53128
 53279
 53441
 53603
 53763
 53922
 54077
 54229
 54372
 54495
 54628
 54749
 54880
 55007
 55146
 55302
 55442
 55588
 55740
 55884
 56008
 56147
 56275
 56398
 56520
 56656
 56784
 56907
 57032
 57156
 57283
 57416
 57547
 57681
 57825
 57964
 58118
 58312
 58414
 62330
 79635
 79629
 79636
 79632
 79636
 79635
 79624
 79629
 79624
 79622
 79623
 79630
 79630
 79637
 79634
 79632
 79626
 79629
 79608
 79606
 79617
 79613
 79622
 79640
 79645
 79655
 79650
 79653
 79649
 79645
 79634
 79634
 79627
 79632
 79625
 79627
 79625
 79631
 79632
 79629
 79629
 79637
 79630
