Sa, 15.02.25    15:40:10
115 Yamal-1
1		
45.680
0.000
0.000


 13587
 13644
 13699
 13762
 13817
 13865
 13913
 13976
 14070
 14132
 14248
 14337
 14429
 14510
 14595
 14687
 14804
 14879
 14973
 15042
 15140
 15213
 15336
 15456
 15564
 15683
 15800
 15921
 16016
 16102
 16176
 16274
 16391
 16527
 16647
 16734
 16834
 16958
 17105
 17238
 17343
 17458
 17563
 17690
 17799
 17897
 18007
 18112
 18259
 18397
 18557
 18705
 18843
 18961
 19081
 19210
 19365
 19506
 19654
 19786
 19924
 20055
 20210
 20361
 20524
 20662
 20782
 20906
 21036
 21180
 21312
 21437
 21600
 21745
 21913
 22078
 22256
 22421
 22547
 22674
 22802
 22967
 23122
 23268
 23424
 23593
 23761
 23916
 24083
 24236
 24389
 24524
 24675
 24823
 24967
 25138
 25301
 25460
 25641
 25831
 26008
 26180
 26325
 26460
 26614
 26780
 26933
 27105
 27293
 27477
 27645
 27809
 27980
 28161
 28329
 28487
 28653
 28818
 28983
 29149
 29311
 29481
 29655
 29841
 30058
 30241
 30419
 30571
 30734
 30886
 31040
 31211
 31376
 31555
 31747
 31932
 32120
 32303
 32486
 32658
 32814
 32982
 33142
 33317
 33480
 33677
 33867
 34055
 34254
 34449
 34649
 34836
 35021
 35196
 35361
 35529
 35707
 35894
 36079
 36257
 36419
 36623
 36805
 36998
 37175
 37352
 37518
 37696
 37860
 38023
 38207
 38386
 38591
 38791
 39003
 39220
 39411
 39579
 39743
 39933
 40115
 40290
 40467
 40665
 40846
 41024
 41208
 41393
 41577
 41772
 41948
 42132
 42305
 42486
 42656
 42830
 43020
 43199
 43392
 43593
 43811
 44021
 44213
 44411
 44587
 44766
 44953
 45127
 45310
 45451
 45605
 45762
 45917
 46069
 46220
 46375
 46529
 46693
 46887
 47050
 47238
 47431
 47591
 47750
 47900
 48065
 48236
 48394
 48553
 48702
 48875
 49051
 49209
 49394
 49576
 49766
 49991
 50223
 50392
 50567
 50707
 50822
 50946
 51067
 51194
 51313
 51452
 51593
 51733
 51881
 52021
 52167
 52313
 52458
 52616
 52763
 52909
 53067
 53219
 53382
 53558
 53727
 53908
 54091
 54281
 54427
 54578
 54694
 54816
 55005
 55014
 55094
 55136
 55358
 55500
 55631
 55751
 55830
 55947
 56045
 56149
 56264
 56389
 56514
 56638
 56765
 56880
 57013
 57136
 57268
 57388
 57506
 57635
 57742
 57862
 57972
 58071
 58172
 58268
 58392
 58533
 58688
 58868
 58997
 59124
 59257
 59397
 59533
 59667
 59777
 59695
 59738
 59920
 60200
 60427
 60566
 60709
 60792
 60878
 60974
 61042
 61106
 61151
 61224
 61331
 61433
 61553
 61663
 61773
 61905
 62014
 62150
 62259
 62350
 62425
 62501
 62575
 62653
 62725
 62817
 62914
 63022
 63108
