Sa, 15.02.25    15:50:35
276 Moor-2
2		
47.680
0.000
0.000


 13816
 13913
 14023
 14120
 14213
 14297
 14397
 14512
 14627
 14753
 14885
 14987
 15098
 15225
 15314
 15415
 15550
 15671
 15765
 15901
 16007
 16139
 16258
 16362
 16471
 16579
 16718
 16858
 16993
 17137
 17276
 17410
 17534
 17677
 17814
 17941
 18089
 18233
 18384
 18517
 18639
 18791
 18945
 19080
 19237
 19354
 19494
 19627
 19779
 19923
 20060
 20201
 20336
 20491
 20630
 20786
 20925
 21079
 21233
 21370
 21510
 21676
 21832
 21986
 22145
 22287
 22458
 22618
 22776
 22930
 23088
 23240
 23385
 23552
 23697
 23854
 24018
 24184
 24348
 24498
 24670
 24832
 24991
 25175
 25341
 25492
 25654
 25807
 25975
 26129
 26304
 26444
 26620
 26788
 26961
 27152
 27319
 27481
 27651
 27811
 27968
 28138
 28308
 28459
 28620
 28806
 28986
 29169
 29356
 29524
 29687
 29860
 30027
 30201
 30364
 30533
 30695
 30863
 31049
 31220
 31400
 31577
 31757
 31927
 32099
 32269
 32437
 32603
 32755
 32930
 33096
 33260
 33458
 33663
 33846
 34038
 34221
 34383
 34550
 34726
 34900
 35083
 35255
 35434
 35620
 35809
 35992
 36176
 36359
 36524
 36699
 36882
 37054
 37236
 37416
 37589
 37757
 37921
 38119
 38301
 38493
 38692
 38883
 39062
 39237
 39408
 39595
 39771
 39948
 40145
 40321
 40496
 40696
 40891
 41068
 41225
 41427
 41622
 41811
 41988
 42155
 42338
 42521
 42693
 42875
 43058
 43251
 43442
 43644
 43825
 44008
 44191
 44362
 44541
 44716
 44899
 45081
 45271
 45436
 45634
 45827
 46018
 46149
 46253
 46385
 46550
 46742
 47027
 47268
 47455
 47632
 47794
 47960
 48153
 48325
 48509
 48676
 48827
 48993
 49150
 49294
 49461
 49633
 49832
 50040
 50246
 50455
 50659
 50852
 51041
 51191
 51336
 51488
 51652
 51759
 51976
 52185
 52329
 52475
 52646
 52809
 52983
 53133
 53292
 53449
 53616
 53774
 53917
 54085
 54235
 54384
 54548
 54767
 54945
 55110
 55281
 55452
 55623
 55779
 55867
 55900
 56086
 56270
 56445
 56612
 56771
 56865
 56931
 68478
 79662
 76233
 69327
 79651
 79647
 72763
 58098
 58223
 58411
 58570
 58715
 58906
 59033
 59174
 59304
 59420
 59568
 59841
 60001
 60080
 76966
 79580
 79557
 79562
 79563
 79548
 79561
 79574
 79556
 79575
 79571
 79590
 79604
 79631
 79661
 79672
 79701
 79725
 79745
 79770
 79777
 79781
 79789
 79788
 79787
 79784
 79775
 79783
 79777
