Sa, 15.02.25    15:54:25
328 Benze-2
2		
47.680
0.000
0.000


  3504
  3577
  3634
  3688
  3761
  3824
  3891
  3961
  4029
  4091
  4153
  4204
  4269
  4315
  4399
  4475
  4554
  4636
  4729
  4802
  4862
  4977
  5058
  5134
  5201
  5292
  5387
  5472
  5555
  5652
  5742
  5826
  5909
  5987
  6079
  6157
  6234
  6306
  6385
  6494
  6598
  6721
  6850
  6965
  7106
  7224
  7335
  7427
  7522
  7628
  7715
  7800
  7896
  8015
  8109
  8194
  8306
  8410
  8513
  8621
  8713
  8816
  8919
  9010
  9111
  9211
  9352
  9511
  9589
  9702
  9846
  9997
 10130
 10271
 10371
 10503
 10627
 10742
 10871
 10973
 11091
 11204
 11340
 11429
 11550
 11675
 11803
 11952
 12074
 12191
 12311
 12455
 12596
 12719
 12827
 12942
 13067
 13176
 13308
 13444
 13562
 13688
 13829
 13944
 14086
 14221
 14349
 14478
 14584
 14733
 14863
 14973
 15117
 15260
 15369
 15507
 15658
 15785
 15907
 16028
 16169
 16314
 16461
 16593
 16707
 15424
 10738
 10783
  9936
  9554
  9523
  9486
  9453
  9402
  9367
  9356
  9336
  9329
  9320
  9320
  9339
  9346
  9401
  9447
  9513
  9814
 10271
  9452
 20149
 20316
 20469
 20646
 20797
 20947
 21093
 21220
 21356
 21502
 21649
 21798
 21966
 22130
 22294
 22448
 22581
 22761
 22924
 23072
 23218
 23362
 23539
 23705
 23859
 24011
 24168
 24320
 24485
 24662
 24843
 25010
 25168
 25321
 25467
 25622
 25769
 25931
 26095
 26261
 26416
 26572
 26743
 26904
 27092
 27271
 27431
 27594
 27754
 27902
 28055
 28214
 28385
 28555
 28713
 28891
 29065
 29245
 29430
 29604
 29777
 29927
 30083
 30233
 30411
 30577
 30755
 30923
 31081
 31238
 31390
 31586
 31743
 31925
 32105
 32266
 32421
 32575
 32739
 32890
 33067
 33231
 33412
 33619
 33804
 33970
 34130
 34279
 34445
 34602
 34780
 34952
 35119
 35302
 35473
 35655
 35836
 36008
 36172
 36333
 36488
 36648
 36825
 36999
 37171
 37346
 37527
 37711
 37889
 38067
 38244
 38398
 38559
 38729
 38912
 39096
 39256
 39438
 39612
 39787
 39962
 40144
 40326
 40495
 40670
 40841
 41015
 41173
 41336
 41501
 41686
 41881
 42067
 42259
 42435
 42608
 42760
 42938
 43101
 43277
 43445
 43616
 43792
 43957
 44119
 44300
 44465
 44642
 44807
 44967
 45134
 45283
 45508
 45716
 45897
 46057
 46231
 46430
 46637
 46803
 46965
 47141
 47288
 47435
 47572
 47723
 47875
 48027
 48183
 48330
 48495
 48637
 48769
 48901
 49047
 49194
 49334
 49491
 49642
 49798
 49968
 50143
 50323
 50496
 50682
 50853
 51034
 51235
 51414
 51578
 51750
 51897
 52033
 52169
 52305
 52461
 52603
 52755
 52901
 53049
 53191
 53336
 53484
 53624
 53769
 53913
 54048
 54201
 54351
 54493
 54638
 54792
 54948
 55099
 55267
 55397
 55550
 55686
 55823
 55966
 56102
 56246
 56374
 56522
 56640
 56725
 56800
 56800
 57066
 57232
 57405
 57585
 57725
 57827
 57928
 58027
 58162
 58311
 58541
 58698
 58815
 58894
 60198
 79860
 79867
 79867
 79870
 70318
 59998
 60172
 60333
 60468
 60569
 60710
 60796
 60862
 60961
 61034
 61137
 61228
 61245
 61315
 61443
 61519
 61677
 61744
 50353
 47960
 47729
 47736
 47758
 47770
 47791
 47795
 47804
 47824
 47850
 47860
 47934
 47964
 47865
 47859
 47866
 47864
 47850
 47839
 47846
 47831
 47826
 47821
 47811
 47824
 47818
 47821
 40820
  5228
  5227
  5161
 20395
 12538
  5346
  5387
  5391
  5420
  5430
  5450
  5459
  5473
  5480
  5506
  5550
  5589
  5644
  5723
  5799
  5836
  5750
  5714
 20262
 47730
 47716
 47701
 47690
 47673
 47668
 47662
 47673
 47676
 47668
 47669
 47676
 47669
 47650
 47594
 47537
 47445
 50850
 30093
 26984
 26998
 26992
 27206
 36470
 83832
     0
 88651
 88728
 89073
 90089
 89530
 88625
 87537
 86623
 85653
 84751
 84000
 83282
 82676
 82200
 81712
 81343
 81116
 80950
 80923
 80975
 81067
 81124
 81115
 81117
 81108
 81100
 81117
 81099
 81113
 81143
 81094
 81094
 81110
 81104
 81090
 81054
 81065
 81081
 81105
 81132
 81185
 81273
 81517
 81825
 82067
 82479
 82870
 83251
