Sa, 15.02.25    16:28:51
185 Maurer-4
4		
45.680
0.000
0.000


  8887
  8969
  9046
  9128
  9207
  9295
  9377
  9441
  9516
  9594
  9679
  9770
  9864
  9973
 10097
 10203
 10311
 10401
 10511
 10621
 10704
 10785
 10866
 10956
 11051
 11155
 11272
 11367
 11493
 11600
 11711
 11838
 11962
 12087
 12216
 12351
 12481
 12579
 12689
 12786
 12915
 13046
 13179
 13292
 13428
 13537
 13667
 13765
 13893
 14001
 14129
 14274
 14409
 14534
 14666
 14803
 14935
 15059
 15177
 15285
 15400
 15527
 15653
 15768
 15895
 16049
 16170
 16316
 16444
 16570
 16713
 16885
 17041
 17201
 17374
 17508
 17640
 17767
 17930
 18074
 18215
 18357
 18492
 18634
 18758
 18900
 19036
 19158
 19309
 19464
 19625
 19812
 19963
 20100
 20240
 20361
 20476
 20611
 20759
 20916
 21067
 21236
 21377
 21523
 21695
 21875
 22057
 22222
 22385
 22541
 22690
 22838
 22996
 23152
 23306
 23451
 23601
 23764
 23911
 24101
 24282
 24465
 24615
 24762
 24920
 25056
 25227
 25373
 25521
 25705
 25872
 26038
 26227
 26397
 26590
 26786
 26946
 27129
 27287
 27448
 27626
 27788
 27940
 28104
 28261
 28453
 28633
 28831
 29031
 29206
 29368
 29515
 29671
 29840
 29999
 30176
 30348
 30530
 30721
 30907
 31112
 31297
 31479
 31668
 31836
 32017
 32202
 32368
 32546
 32716
 32887
 33078
 33265
 33475
 33688
 33887
 34063
 34221
 34393
 34578
 34745
 34918
 35119
 35316
 35502
 35699
 35889
 36098
 36303
 36485
 36660
 36848
 37040
 37220
 37413
 37603
 37781
 37989
 38166
 38389
 38600
 38793
 38992
 39175
 39345
 39526
 39707
 39887
 40076
 40284
 40488
 40697
 40894
 41097
 41295
 41487
 41686
 41869
 42057
 42244
 42441
 42642
 42826
 43007
 43197
 43404
 43606
 43832
 44054
 44238
 44418
 44604
 44799
 44980
 45176
 45364
 45541
 45732
 45910
 46098
 46276
 46440
 46612
 46794
 46959
 47144
 47321
 47473
 47656
 47834
 48005
 48185
 48356
 48545
 48746
 48931
 49126
 49333
 49517
 49726
 49942
 50162
 50352
 50497
 50667
 50831
 51015
 51178
 51321
 51506
 51699
 51878
 52048
 52220
 52386
 52440
 63333
 79785
 79782
 79775
 79772
 75047
 53834
 53912
 54083
 54268
 54414
 54565
 54707
 54860
 55015
 55173
 55332
 55475
 55628
 55779
 55919
 56064
 56209
 56341
 56476
 56630
 56788
 56973
 57169
 57627
 57684
 76227
 79798
 79790
 79766
 79743
 79689
 79612
 79554
 79473
 79408
 79432
 79548
 79690
 79736
 79752
 79782
 79781
 79280
 60507
 76791
 79783
 79789
 79782
 79786
 79789
 79788
 79784
 77026
 62100
 62171
 62231
 62338
 62437
 62545
 62653
 62767
 62873
 62995
 63211
 63409
 63569
 63693
 63837
 63950
 64039
 64164
 64282
 64418
 64560
