Sa, 15.02.25    16:06:44
276 Moor-3
3		
47.680
0.000
0.000


 10287
 10319
 10357
 10382
 10411
 10436
 10477
 10507
 10553
 10590
 10641
 10699
 10759
 10794
 10817
 10873
 10917
 10956
 11014
 11069
 11121
 11192
 11256
 11298
 11361
 11396
 11452
 11504
 11570
 11622
 11688
 11756
 11832
 11899
 11964
 12055
 12147
 12228
 12299
 12408
 12498
 12573
 12646
 12727
 12807
 12892
 12981
 13078
 13160
 13244
 13334
 13450
 13581
 13686
 13785
 13878
 13967
 14074
 14178
 14267
 14389
 14526
 14647
 14756
 14875
 15002
 15127
 15247
 15373
 15482
 15595
 15714
 15827
 15939
 16061
 16190
 16287
 16424
 16571
 16715
 16848
 16971
 17126
 17237
 17370
 17505
 17643
 17799
 17947
 18112
 18262
 18391
 18519
 18690
 18840
 18977
 19099
 19248
 19385
 19526
 19663
 19807
 19964
 20114
 20272
 20430
 20588
 20742
 20883
 21039
 21178
 21329
 21477
 21631
 21789
 21974
 22141
 22291
 22460
 22638
 22785
 22935
 23081
 23236
 23397
 23558
 23715
 23859
 24039
 24213
 24375
 24549
 24712
 24877
 25042
 25203
 25375
 25526
 25688
 25863
 26034
 26187
 26342
 26520
 26719
 26901
 27067
 27230
 27387
 27554
 27718
 27870
 28044
 28219
 28402
 28578
 28771
 28953
 29130
 29299
 29469
 29636
 29792
 29967
 30143
 30323
 30502
 30675
 30861
 31046
 31229
 31407
 31577
 31755
 31930
 32101
 32277
 32454
 32628
 32801
 32993
 33179
 33361
 33559
 33733
 33922
 34094
 34263
 34438
 34613
 34807
 34987
 35181
 35375
 35562
 35749
 35942
 36102
 36291
 36457
 36631
 36821
 37004
 37188
 37384
 37570
 37769
 37953
 38150
 38332
 38516
 38703
 38896
 39082
 39261
 39437
 39621
 39794
 39992
 40200
 40394
 40587
 40780
 40974
 41160
 41327
 41513
 41695
 41882
 42063
 42267
 42465
 42673
 42864
 43050
 43241
 43431
 43625
 43811
 43992
 44182
 44380
 44549
 44741
 44938
 45128
 45312
 45496
 45692
 45817
 45851
 45947
 46126
 46381
 46632
 46898
 47145
 47359
 47540
 47725
 47906
 48090
 48269
 48455
 48647
 48824
 48992
 49157
 49322
 49475
 49649
 49843
 50032
 50245
 50435
 50640
 50809
 51027
 51229
 51351
 51517
 51672
 51840
 52014
 52181
 52316
 52434
 52608
 52791
 52976
 53165
 53320
 53491
 53649
 53789
 53950
 54101
 54264
 54424
 54564
 54710
 54855
 55018
 55175
 55337
 55491
 55659
 55828
 55981
 56134
 56270
 56400
 56533
 56635
 56767
 56940
 57057
 57211
 57357
 57619
 57784
 57863
 57826
 58078
 58332
 58307
 58370
 58503
 66660
 79623
 76404
 59417
 59284
 59295
 73116
 79606
 79576
 79573
 79564
 69252
 60030
 60162
 60346
 60494
 60627
 60710
 60800
 60907
 61052
 61164
 61250
 70928
 79577
 79574
 79579
 79579
 79578
 79584
 79584
 79581
 79585
 79577
 79582
 79583
 79582
 79581
 79584
 79578
 79590
 79574
