Sa, 15.02.25    15:58:18
185 Maurer-2
2		
45.680
0.000
0.000


 11111
 11204
 11295
 11397
 11482
 11581
 11669
 11792
 11894
 11991
 12103
 12214
 12336
 12426
 12581
 12693
 12831
 12966
 13085
 13199
 13299
 13408
 13534
 13656
 13786
 13914
 14024
 14140
 14252
 14378
 14504
 14624
 14740
 14900
 15022
 15173
 15313
 15426
 15550
 15687
 15824
 15961
 16098
 16235
 16372
 16509
 16646
 16783
 16920
 17057
 17194
 17331
 17468
 17605
 17742
 17879
 18016
 18153
 18290
 18427
 18564
 18701
 18841
 18970
 19108
 19235
 19376
 19516
 19666
 19843
 20017
 20183
 20325
 20453
 20577
 20720
 20854
 20988
 21132
 21282
 21420
 21591
 21747
 21909
 22082
 22253
 22437
 22607
 22756
 22897
 23057
 23205
 23344
 23506
 23653
 23807
 23967
 24114
 24286
 24448
 24641
 24818
 24991
 25150
 25317
 25466
 25606
 25749
 25907
 26053
 26208
 26370
 26549
 26727
 26916
 27099
 27292
 27461
 27618
 27775
 27930
 28095
 28257
 28418
 28559
 28742
 28926
 29105
 29298
 29490
 29678
 29852
 30020
 30185
 30337
 30493
 30665
 30832
 31011
 31198
 31366
 31556
 31746
 31950
 32142
 32328
 32505
 32666
 32837
 33007
 33171
 33342
 33522
 33710
 33894
 34103
 34325
 34515
 34688
 34877
 35039
 35215
 35390
 35556
 35737
 35924
 36097
 36290
 36477
 36675
 36875
 37074
 37249
 37416
 37581
 37765
 37944
 38118
 38291
 38450
 38644
 38835
 39026
 39212
 39416
 39603
 39796
 39747
 39900
 40159
 40529
 40796
 40988
 41173
 41373
 41572
 41786
 41976
 42174
 42371
 42560
 42740
 42918
 43092
 43259
 43449
 43654
 43881
 44096
 44294
 44493
 44709
 44907
 45104
 45299
 45442
 45613
 45787
 45975
 46161
 46341
 46532
 46704
 46879
 46996
 47027
 47325
 47671
 47886
 48108
 48255
 48264
 48571
 48858
 48998
 49165
 49326
 49501
 49729
 49963
 50171
 50280
 55332
 79116
 65292
 51118
 51146
 51274
 51404
 51503
 51605
 51689
 57203
 79103
 79079
 79003
 78959
 55152
 53280
 53420
 53596
 53740
 53907
 54067
 54234
 54402
 54561
 54735
 54902
 55065
 55228
 55369
 55579
 55726
 55898
 56072
 56203
 56365
 56514
 56661
 56814
 56958
 57101
 57235
 57378
 57503
 57641
 57762
 57904
 58073
 58235
 58399
 58564
 58725
 58895
 59073
 59252
 59445
 59704
 59846
 76646
 79301
 79295
 79300
 79309
 79340
 79362
 79331
 79341
 79334
 79362
 79383
 79327
 79254
 79225
 79219
 79216
 79210
 79173
 79155
 79134
 79108
 79063
 79019
 78961
 78931
 78912
 78957
 79054
 79099
 79176
 79251
 79226
 79169
 79127
 67924
 23951
 23937
 23953
 23942
 23874
 23785
 23740
 23695
 23663
 23647
 23617
 23603
 23593
 23583
 23581
 23566
 23555
 23525
 23491
 23486
 23476
 23499
 23545
 53449
 62483
 62537
 62553
 62573
 62595
 62593
 62623
 62626
 62653
 62678
 62710
 62710
 62751
 62764
 62783
 62799
 62832
 62841
 62859
 62878
 62894
 62909
 62927
 62948
 62971
 63001
 63008
 63041
 63047
 63063
 63079
 63083
 63072
 63072
 63097
 63094
 63105
 63113
 63131
 63136
 63146
 63156
 63183
 63101
 77153
 79194
 79320
 81484
 81579
 82437
     0
