Sa, 15.02.25    15:46:28
334 Brinkmann-2
2		
47.680
0.000
0.000


 13344
 13433
 13528
 13619
 13706
 13782
 13870
 13956
 14036
 14126
 14225
 14317
 14421
 14486
 14554
 14646
 14766
 14875
 14999
 15125
 15228
 15312
 15417
 15509
 15626
 15732
 15823
 15916
 16012
 16082
 16206
 16333
 16446
 16588
 16718
 16834
 16965
 17091
 17219
 17333
 17456
 17572
 17683
 17810
 17923
 18046
 18167
 18287
 18419
 18585
 18737
 18857
 18985
 19102
 19227
 19354
 19478
 19614
 19747
 19879
 20003
 20112
 20234
 20382
 20513
 20671
 20826
 20973
 21108
 21225
 21358
 21499
 21635
 21764
 21917
 22043
 22196
 22351
 22484
 22659
 22826
 22994
 23122
 23259
 23397
 23555
 23695
 23847
 23992
 24148
 24275
 24422
 24591
 24748
 24912
 25083
 25251
 25401
 25530
 25690
 25833
 25968
 26119
 26270
 26408
 26566
 26721
 26895
 27079
 27266
 27425
 27570
 27727
 27867
 28025
 28186
 28318
 28473
 28634
 28775
 28948
 29142
 29303
 29459
 29614
 29779
 29943
 30096
 30253
 30411
 30563
 30728
 30872
 31018
 31193
 31365
 31552
 31729
 31916
 32079
 32251
 32410
 32579
 32741
 32900
 33057
 33208
 33350
 33519
 33714
 33887
 34057
 34225
 34382
 34552
 34711
 34873
 35039
 35195
 35372
 35546
 35737
 35917
 36087
 36265
 36428
 36588
 36763
 36932
 37098
 37261
 37430
 37585
 37758
 37921
 38095
 38275
 38444
 38606
 38775
 38942
 39108
 39275
 39437
 39619
 39811
 39991
 40184
 40346
 40505
 40686
 40849
 41017
 41183
 41343
 41502
 41679
 41853
 42034
 42243
 42414
 42574
 42734
 42889
 43068
 43241
 43410
 43590
 43786
 43973
 44155
 44337
 44512
 44677
 44841
 45012
 45181
 45369
 45548
 45734
 45910
 46090
 46267
 46424
 46596
 46762
 46926
 47091
 47264
 47433
 47600
 47780
 47947
 48109
 48308
 48497
 48649
 48813
 48940
 49081
 49230
 49395
 49541
 49711
 49905
 50095
 50243
 50431
 50627
 50812
 50982
 51140
 51286
 51431
 51586
 51745
 51905
 52055
 52233
 52376
 52505
 52660
 52805
 52971
 53124
 53274
 53415
 53567
 53722
 53877
 54018
 54158
 54297
 54453
 54599
 54760
 54925
 55098
 55254
 55378
 55505
 55657
 55832
 48743
 35676
 35425
 35463
 35482
 35494
 35539
 35491
 35493
 35522
 35493
 35524
 35523
 35518
 35517
 35518
 35527
 35525
 35535
 35534
 35534
 35542
 35533
 35497
 35418
 35332
 35254
 35217
 35219
 35209
 35222
 35242
 35244
 35233
 35226
 35220
 35217
 35205
 35202
 35199
 35189
 35190
 35193
 35179
 35176
 35182
 35192
 35183
 35172
 35170
 35161
 35149
 35144
 35130
 35118
 35107
 35108
 35096
 35086
 35070
 35060
 35058
 35054
 35040
 35037
 35026
 35021
 35018
 35006
 35000
 35003
 34993
 34986
 34973
 34976
 34973
 34965
 34966
 34958
 34953
 34952
 34942
 34953
 34941
 34934
 34933
 34929
 34919
 34932
 34921
 34918
 34915
 34908
 34902
 34905
 34899
 34890
 34896
 34890
 34884
 34883
 34867
 34862
 34852
 34856
 34852
 34844
 34839
 34829
 34829
 34818
 34822
 34816
 34805
 34812
 34801
 34802
 34788
 34790
 34775
 34775
 34770
 34771
 34770
 34768
 34760
 34755
 34747
 34750
 34748
 34733
 34732
 34726
 34722
 34723
 34713
 34715
 34710
 34694
 34687
 34687
 34683
 34671
 34660
 34656
 34671
 34682
 34694
 34705
 34717
 34634
 50711
 79485
 80010
 85788
 81555
 81397
 81752
 82505
 82608
 82765
 83395
 83786
 87213
 88853
 88631
 88681
 88700
 88716
 88756
 89421
 89770
 89831
 89500
 88945
 88402
 87922
 87482
 87169
 86844
 86610
 86361
 86215
 86135
 86160
 86127
 86172
 86190
 86239
 86236
 86256
 86294
 86316
 86338
 86374
 86366
 86354
 86396
 86382
 86376
 86387
 86376
