Sa, 15.02.25    16:47:45
293 Warnig 13-6
6		
45.680
0.000
0.000


 13431
 13495
 13541
 13595
 13645
 13694
 13753
 13798
 13858
 13911
 13973
 14032
 14110
 14162
 14236
 14298
 14368
 14429
 14496
 14559
 14629
 14696
 14753
 14837
 14913
 14997
 15075
 15187
 15282
 15368
 15469
 15568
 15655
 15756
 15840
 15940
 16038
 16130
 16207
 16298
 16365
 16460
 16529
 16618
 16711
 16795
 16894
 16994
 17103
 17206
 17336
 17435
 17552
 17685
 17794
 17912
 18019
 18147
 18273
 18380
 18486
 18590
 18702
 18812
 18912
 19019
 19119
 19231
 19327
 19439
 19568
 19694
 19811
 19928
 20058
 20193
 20321
 20446
 20581
 20708
 20804
 20902
 21018
 21136
 21248
 21351
 21487
 21614
 21733
 21882
 22020
 22162
 22297
 22441
 22576
 22730
 22854
 22997
 23119
 23234
 23357
 23483
 23615
 23754
 23896
 24028
 24168
 24313
 24453
 24595
 24751
 24908
 25063
 25193
 25320
 25440
 25569
 25709
 25848
 25977
 26123
 26272
 26426
 26565
 26710
 26858
 27007
 27163
 27330
 27500
 27637
 27757
 27887
 28040
 28186
 28318
 28457
 28629
 28783
 28942
 29099
 29265
 29426
 29580
 29729
 29862
 30006
 30149
 30292
 30431
 30585
 30736
 30906
 31072
 31239
 31391
 31547
 31708
 31885
 32040
 32184
 32333
 32493
 32646
 32802
 32952
 33120
 33281
 33449
 33619
 33787
 33970
 34131
 34308
 34471
 34616
 34755
 34912
 35068
 35229
 35409
 35563
 35734
 35899
 36068
 36242
 36400
 36563
 36747
 36907
 37065
 37217
 37381
 37542
 37695
 37865
 38034
 38207
 38366
 38547
 38727
 38918
 39097
 39275
 39432
 39581
 39731
 39894
 40054
 40238
 40405
 29473
  9216
  9209
  9213
  9174
  9188
  9190
  9207
  9228
  9235
  9295
  9331
  9311
  9342
  9345
  9334
  9351
  9387
  9444
  9451
 32790
 44253
 44427
 44594
 44766
 44930
 45102
 45280
 45449
 45606
 45775
 45943
 46085
 46252
 46388
 46535
 46678
 46819
 46980
 47140
 47291
 47461
 47619
 47757
 47907
 48065
 48208
 48367
 48529
 48703
 48851
 49015
 49168
 49352
 49532
 49732
 49889
 50083
 50257
 50437
 50611
 50748
 50878
 51037
 51201
 51353
 51498
 51666
 51840
 51998
 52161
 52309
 52425
 52597
 52774
 52922
 53083
 53239
 53381
 53525
 53665
 53802
 53945
 54110
 54258
 54407
 54542
 54655
 54784
 54896
 55023
 55133
 55255
 55368
 55495
 55615
 55755
 55873
 56009
 56139
 56264
 56390
 56533
 56673
 56806
 56948
 57095
 57237
 57420
 57571
 57596
 57615
 57756
 57908
 69633
 79696
 79693
 79709
 79696
 79698
 79702
 79705
 79703
 79707
 79712
 79711
 79713
 79710
 79704
 79699
 79699
 79688
 79687
 79695
 79694
 79698
 79685
 79691
 79698
 79701
 79699
 79693
 79702
 79692
 79707
 79695
 79707
 79700
 79686
 79703
 79702
 79703
 79697
 79690
 79696
 79702
 79707
 79707
 79707
 79711
 79702
 79696
