Sa, 15.02.25    16:49:36
23 Osazee-6
6		
45.680
0.000
0.000


  3811
  3891
  3969
  4043
  4116
  4191
  4270
  4304
  4373
  4447
  4511
  4605
  4740
  4841
  4931
  5074
  5164
  5257
  5359
  5484
  5576
  5668
  5771
  5875
  5965
  6045
  6133
  6222
  6341
  6456
  6584
  6727
  6865
  7006
  7102
  7238
  7344
  7458
  7562
  7692
  7801
  7935
  8079
  8205
  8350
  8522
  8659
  8809
  8962
  9096
  9215
  9350
  9474
  9606
  9727
  9847
 10013
 10158
 10285
 10453
 10588
 10737
 10869
 11012
 11149
 11275
 11418
 11551
 11690
 11844
 12005
 12174
 12328
 12502
 12656
 12821
 12990
 13162
 13300
 13460
 13605
 13756
 13893
 14041
 14196
 14349
 14499
 14690
 14852
 15028
 15246
 15405
 15569
 15717
 15849
 16023
 16169
 16308
 16468
 16635
 16794
 16967
 17148
 17335
 17522
 17695
 17865
 18037
 18195
 18355
 18528
 18692
 18869
 19037
 19209
 19401
 19579
 19772
 19967
 20142
 20312
 20463
 20632
 20785
 20942
 21121
 21281
 21450
 21636
 21833
 22032
 22227
 22413
 22593
 22777
 22948
 23111
 23282
 23455
 23628
 23812
 24000
 24175
 24372
 24571
 24773
 24964
 25160
 25324
 25476
 25650
 25820
 25982
 26164
 26332
 26526
 26722
 26915
 27119
 27321
 27519
 27698
 27869
 28049
 28232
 28404
 28598
 28775
 28968
 29162
 29350
 29560
 29774
 29970
 30160
 30335
 30506
 30694
 30865
 31041
 31232
 31422
 31588
 31798
 32000
 32203
 32398
 32583
 32766
 32941
 33130
 33311
 33490
 33670
 33871
 34067
 34271
 34481
 34686
 34883
 35082
 35283
 35458
 35643
 35825
 35988
 36185
 36362
 36553
 36761
 36957
 37161
 37356
 37542
 37727
 37912
 38095
 38286
 38460
 38664
 38881
 39083
 39287
 39490
 39694
 39889
 40076
 40277
 40449
 40638
 40820
 41003
 41205
 41390
 41589
 41787
 41990
 42171
 42368
 42539
 42730
 42900
 43103
 43292
 43500
 43715
 43918
 44131
 44317
 44515
 44697
 44891
 45091
 45259
 45441
 45628
 45843
 46028
 46204
 46374
 46535
 46692
 46875
 47048
 47224
 47407
 47586
 47768
 47938
 48127
 48306
 48508
 48707
 48914
 49125
 49328
 49503
 49692
 49868
 50047
 50227
 50372
 50533
 50687
 50847
 51009
 51178
 51350
 51531
 51692
 51858
 52033
 52198
 52354
 52506
 52657
 52821
 52975
 53137
 53292
 53469
 53638
 53805
 53966
 54120
 54275
 54426
 54571
 54710
 54847
 54979
 55129
 55280
 55388
 55503
 55632
 55772
 55911
 56028
 56157
 56235
 56228
 56320
 56472
 56614
 56790
 56979
 57179
 57358
 57505
 57619
 57689
 57837
 73283
 79748
 79763
 79770
 79784
 79789
 69085
 59376
 66217
 79794
 79771
 79773
 79775
 79764
 79767
 79761
 79775
 79768
 79774
 79766
 79770
 79759
 79778
 79776
 79773
 79774
 79769
 79771
 79774
 79765
 79766
 79769
 79766
 79756
 79761
 79768
 79768
 79757
 79760
 79768
 79770
 79766
 79765
 79776
 79761
 79770
 79781
 79775
