Sa, 15.02.25    15:53:25
834 Hopfensitz-2
2		
47.680
0.000
0.000


 17706
 17716
 17738
 17760
 17782
 17801
 17817
 17831
 17843
 17849
 17847
 17845
 17846
 17851
 17853
 17850
 17855
 17858
 17870
 17875
 17877
 17884
 17896
 17899
 17907
 17917
 17911
 17916
 17933
 17905
 17917
 17899
 17895
 17890
 17879
 17873
 17863
 17856
 17858
 17853
 17848
 17849
 17836
 17832
 17838
 17833
 17848
 17857
 17857
 17853
 17862
 17848
 17839
 17846
 17818
 17820
 17810
 17799
 17779
 17752
 17727
 17709
 17686
 17670
 17646
 17636
 17629
 17610
 17610
 17600
 17601
 17591
 17595
 17601
 17579
 17597
 17601
 17609
 17608
 17608
 17626
 17639
 17619
 17632
 17645
 17650
 17666
 17683
 17727
 17767
 17813
 17847
 17890
 17946
 17980
 18057
 18117
 18144
 18175
 18223
 18227
 18290
 18328
 18388
 18468
 18531
 18607
 18680
 18785
 18863
 18949
 19019
 19108
 19189
 19255
 19317
 19373
 19459
 19539
 19626
 19726
 19838
 19932
 20043
 20154
 20242
 20358
 20431
 20553
 20658
 20755
 20827
 20930
 21019
 21125
 21230
 21337
 21436
 21548
 21687
 21807
 21938
 22073
 22210
 22338
 22455
 22572
 22689
 22795
 22898
 23034
 23148
 23268
 23393
 23535
 23669
 23799
 23919
 24055
 24187
 24311
 24430
 24556
 24681
 24805
 24933
 25054
 25194
 25338
 25486
 25613
 25751
 25921
 26081
 26233
 26344
 26479
 26621
 26745
 26879
 27022
 27159
 27313
 27473
 27625
 27756
 27908
 28076
 28234
 28375
 28503
 28652
 28802
 28948
 29083
 29235
 29386
 29525
 29676
 29853
 30018
 30211
 30380
 30539
 30702
 30844
 30979
 31128
 31282
 31406
 31559
 31715
 31888
 32053
 32217
 32393
 32568
 32718
 32848
 33004
 33163
 33313
 33470
 33620
 33779
 33929
 34113
 34304
 34489
 34691
 34858
 35014
 35174
 35334
 35483
 35636
 35800
 35949
 36144
 36310
 36469
 36649
 36824
 36999
 37172
 37329
 37492
 37646
 37813
 37964
 38134
 38305
 38480
 38650
 38848
 39048
 39238
 39419
 39589
 39755
 39922
 40090
 40260
 40425
 40582
 40771
 40959
 41131
 41307
 41470
 41663
 41850
 42018
 42190
 42362
 42534
 42690
 42858
 43037
 43223
 43386
 43596
 43799
 43995
 44179
 44345
 44506
 44678
 44842
 45020
 45205
 45390
 45580
 45758
 45947
 46145
 46323
 46487
 46672
 46852
 47029
 47192
 47355
 47506
 47662
 47807
 47956
 48111
 48245
 48382
 48524
 48711
 48882
 49052
 49226
 49395
 49580
 49770
 49965
 50158
 50337
 50508
 50655
 50816
 50964
 51125
 51285
 51456
 51647
 51834
 51997
 52194
 52368
 52508
 52622
 52756
 52880
 53013
 53163
 53301
 53436
 53578
 53722
 53851
 53991
 54120
 54272
 54423
 54580
 54727
 54880
 55026
 55183
 55333
 55500
 55688
 55854
 56018
 56169
 56304
 56444
 56557
 56665
 56773
 56890
 57029
 57163
 57282
 57403
 57531
 57645
 57783
 57918
 58066
 58201
 58363
 58518
 58639
 58771
 58903
 59015
 59111
 59222
 59332
 59447
 59558
 59652
 59742
 59866
 59979
 60091
 60194
 60346
 60506
 60657
 60807
 61007
 61243
 61397
 61426
 71447
 79788
 79762
 79778
 79766
 79757
 79747
 79723
 79710
 79693
 79682
 79686
 79665
 79644
 79624
 79590
 79565
 79547
 79550
 79585
 79569
