Sa, 15.02.25    16:44:12
257 Judt-6
6		
47.680
0.000
0.000


 11703
 11793
 11928
 12007
 12137
 12245
 12377
 12466
 12552
 12646
 12731
 12833
 12939
 13051
 13176
 13279
 13385
 13495
 13649
 13754
 13909
 14056
 14186
 14311
 14409
 14519
 14619
 14741
 14881
 15005
 15143
 15286
 15415
 15557
 15655
 15801
 15956
 16077
 16189
 16318
 16433
 16554
 16671
 16830
 16974
 17115
 17245
 17381
 17503
 17666
 17837
 18004
 18138
 18280
 18421
 18548
 18690
 18835
 18987
 19126
 19290
 19430
 19577
 19741
 19918
 20085
 20222
 20372
 20517
 20654
 20795
 20930
 21104
 21246
 21392
 21573
 21726
 21921
 22110
 22259
 22399
 22545
 22681
 22827
 22994
 23162
 23318
 23482
 23639
 23809
 23990
 24167
 24329
 24485
 24646
 24794
 24943
 25115
 25308
 25462
 25637
 25809
 25991
 26168
 26352
 26523
 26679
 26826
 26974
 27128
 27288
 27470
 27643
 27823
 27996
 28173
 28355
 28537
 28718
 28869
 29015
 29166
 29346
 29519
 29709
 29874
 30055
 30248
 30431
 30631
 30809
 30977
 31153
 31299
 31453
 31623
 31799
 31991
 32174
 32349
 32541
 32726
 32903
 33089
 33243
 33409
 33581
 33755
 33931
 34121
 34314
 34497
 34676
 34892
 35102
 35290
 35444
 35614
 35784
 35946
 36121
 36308
 36480
 36666
 36853
 37052
 37257
 37438
 37606
 37777
 37944
 38115
 38282
 38461
 38653
 38848
 39055
 39255
 39446
 39652
 39821
 40002
 40171
 40353
 40530
 40728
 40903
 41101
 41279
 41466
 41650
 41849
 42039
 42212
 42394
 42570
 42747
 42928
 43125
 43321
 43524
 43742
 43947
 44133
 44318
 44486
 44660
 44851
 45042
 45233
 45417
 45597
 45799
 45982
 46173
 46353
 46538
 46731
 46907
 47087
 47285
 47472
 47637
 47827
 48007
 48196
 48366
 48529
 48678
 48842
 48996
 49160
 49346
 49522
 49711
 49920
 50109
 50302
 50490
 50673
 50862
 51036
 51192
 51357
 51557
 51738
 51890
 52056
 52221
 52387
 52548
 52701
 52833
 52964
 53107
 53252
 53412
 53594
 53771
 53940
 54098
 54247
 54403
 54538
 54686
 54839
 54999
 55162
 55325
 55499
 55671
 55835
 55989
 56135
 56253
 56366
 56477
 56605
 56739
 56881
 57038
 57194
 57358
 57515
 57653
 57776
 57898
 58013
 58134
 58232
 58351
 58460
 58579
 58715
 58851
 58996
 59134
 59232
 59371
 59513
 59654
 59816
 60079
 60265
 60346
 60337
 70220
 75266
 61030
 73136
 77945
 77845
 77762
 77695
 77641
 77630
 77558
 77466
 77398
 77378
 77387
 77395
 77418
 77433
 77407
 77411
 77395
 77392
 77390
 77386
 77400
 77382
 77378
 77356
 77317
