Sa, 15.02.25    15:32:35
856 Lück-1
1		
47.680
0.000
0.000


  9998
  9993
  9990
  9993
 10003
 10003
  9996
  9996
  9995
 10002
  9998
 10001
  9993
  9997
 10000
 10001
  9996
  9989
 10001
  9987
  9983
  9988
  9985
  9988
  9993
  9993
  9998
  9992
 10001
  9995
  9984
  9984
  9990
  9984
  9985
  9981
  9990
  9988
  9986
  9994
 10005
 10033
 10050
 10071
 10075
 10086
 10089
 10097
 10096
 10097
 10094
 10098
 10092
 10096
 10093
 10090
 10085
 10089
 10089
 10091
 10091
 10090
 10087
 10098
 10089
 10080
 10079
 10083
 10081
 10080
 10074
 10073
 10069
 10066
 10063
 10057
 10050
 10032
 10007
  9995
  9969
  9956
  9950
  9952
  9937
  9926
  9917
  9848
  9841
  9831
  9827
  9831
  9822
  9807
  9799
  9787
  9792
  9783
  9777
  9755
  9766
  9767
  9765
  9763
  9764
  9757
  9732
  9740
  9725
  9700
  9682
  9665
  9646
  9612
  9586
  9558
  9527
  9508
  9470
  9435
  9404
  9390
  9365
  9342
  9322
  9308
  9304
  9291
  9274
  9267
  9253
  9248
  9236
  9234
  9232
  9229
  9218
  9223
  9223
  9223
  9206
  9229
  9239
  9245
  9245
  9265
  9277
  9285
  9306
  9316
  9322
  9335
  9343
  9368
  9389
  9400
  9421
  9449
  9498
  9524
  9550
  9584
  9641
  9700
  9760
  9805
  9857
  9909
  9958
 10021
 10055
 10109
 10159
 10215
 10259
 10316
 10388
 10444
 10510
 10605
 10681
 10753
 10841
 10902
 10978
 11075
 11140
 11222
 11281
 11350
 11421
 11506
 11613
 11701
 11760
 11858
 11968
 12057
 12163
 12256
 12370
 12476
 12577
 12676
 12773
 12870
 12964
 13047
 13146
 13242
 13332
 13439
 13527
 13621
 13712
 13825
 13923
 14032
 14150
 14275
 14380
 14484
 14599
 14709
 14821
 14928
 15030
 15129
 15255
 15362
 15483
 15616
 15740
 15867
 15982
 16117
 16229
 16351
 16465
 16586
 16714
 16851
 16967
 17095
 17199
 17315
 17432
 17555
 17687
 17831
 17971
 18116
 18262
 18407
 18519
 18650
 18757
 18888
 19014
 19160
 19307
 19443
 19572
 19722
 19873
 20024
 20170
 20333
 20470
 20603
 20744
 20894
 21038
 21161
 21271
 21353
 21514
 21669
 21832
 22002
 22159
 22331
 22477
 22626
 22766
 22891
 23032
 23179
 23302
 23452
 23597
 23758
 23924
 24086
 24249
 24400
 24574
 24730
 24882
 25024
 25173
 25306
 25441
 25587
 25748
 25915
 26086
 26252
 26421
 26591
 26756
 26906
 27062
 27212
 27376
 27531
 27688
 27844
 28010
 28190
 28334
 28499
 28675
 28849
 29007
 29164
 29328
 29476
 29631
 29773
 29942
 30119
 30286
 30457
 30640
 30829
 31005
 31180
 31323
 31464
 31628
 31795
 31951
 32128
 32308
 32488
 32654
 32815
 32993
 33166
 33336
 33491
 33644
 33797
 33973
 34148
 34290
 34460
 34653
 34827
 35041
 35232
 35430
 35605
 35778
 35933
 36091
 36261
 36408
 36580
 36758
 36935
 37107
 37291
 37474
 37653
 37829
 37993
 38155
 38313
 38485
 38646
 38800
 38980
 39170
 39366
 39553
 39750
 39949
 40127
 40300
 40467
 40637
 40806
 40968
 41150
 41329
 41495
 41663
 41852
 42043
 42212
 42391
 42554
 42724
 42898
 43069
 43256
 43442
 43645
 43837
 44020
 44201
 44364
 44532
 44703
 44884
 45071
 45250
 45436
 45615
 45786
 45955
 46102
 46249
 46460
 46662
 46829
 47014
 47187
 47379
 47555
 47736
 47901
 48079
 48226
 48356
 48491
 48648
 48801
 48961
 49120
 49283
 49476
 49665
 49875
 50055
 50240
 50394
 50570
 50745
 50908
 51071
 51220
 51371
 51441
 51545
 51769
 51973
 52132
 52266
 52436
 52579
 52742
 52889
 53040
 53196
 53350
 53503
 53623
 53765
 53916
 54079
 54226
 54378
 54549
 54695
 54854
 55005
 55165
 55310
 55468
 55614
 55747
 55884
 56012
 56164
 56291
 56403
 56528
 56655
 56794
 56921
 57018
 57128
 57258
 57395
 57508
 57618
 57736
 57851
 57940
 58028
 58128
 58248
 58375
 76338
 79752
 79766
 79790
 79796
 79812
 79821
 79814
 79813
 79831
 79817
 79820
 79836
 79827
 79825
 79821
 79831
 79827
 79826
 79844
 79820
 79823
 79827
 79831
 79828
 79819
 79820
 79817
 79815
 79812
 79802
 79799
 79803
 79818
 79816
 79811
 79809
 79802
 79810
 79800
 79801
 79802
 79810
