Sa, 15.02.25    15:39:41
293 Warnig 13-1
1		
45.680
0.000
0.000


 15197
 15212
 15278
 15317
 15371
 15417
 15469
 15526
 15574
 15653
 15709
 15757
 15825
 15895
 15956
 16028
 16081
 16119
 16187
 16249
 16310
 16380
 16466
 16527
 16605
 16688
 16767
 16863
 16982
 17057
 17132
 17262
 17360
 17446
 17534
 17634
 17715
 17815
 17915
 18010
 18093
 18182
 18268
 18354
 18459
 18550
 18630
 18734
 18832
 18936
 19042
 19157
 19279
 19394
 19506
 19607
 19726
 19836
 19949
 20081
 20209
 20326
 20426
 20514
 20610
 20718
 20801
 20908
 20995
 21107
 21218
 21332
 21459
 21604
 21721
 21837
 21958
 22111
 22246
 22372
 22497
 22633
 22737
 22841
 22961
 23070
 23196
 23302
 23427
 23551
 23685
 23822
 23962
 24099
 24236
 24364
 24482
 24635
 24789
 24934
 25057
 25172
 25297
 25415
 25539
 25658
 25790
 25924
 26075
 26210
 26355
 26482
 26630
 26784
 26949
 27098
 27228
 27354
 27493
 27630
 27754
 27886
 28030
 28159
 28300
 28442
 28603
 28762
 28899
 29045
 29188
 29358
 29510
 29647
 29780
 29929
 30061
 30208
 30356
 30487
 30639
 30789
 30943
 31109
 31264
 31421
 31577
 31754
 31886
 32033
 32168
 32313
 32447
 32597
 32754
 32906
 33063
 33225
 33368
 33522
 33689
 33864
 34020
 34167
 34322
 34467
 34619
 34773
 34938
 35096
 35263
 35415
 35569
 35747
 35917
 36096
 36276
 36428
 36585
 36733
 36871
 37023
 37187
 37358
 37533
 37691
 37853
 38005
 38174
 38335
 38495
 38667
 38835
 38986
 39143
 39313
 39473
 39640
 39820
 40004
 40177
 40357
 40522
 40706
 40869
 41018
 41172
 41340
 41514
 41681
 41856
 42027
 42221
 42382
 42565
 42732
 42899
 43045
 43222
 43387
 43565
 43746
 43914
 44099
 44295
 44489
 44672
 44840
 45028
 45204
 45359
 45535
 45706
 45865
 46030
 46197
 46343
 46514
 46670
 46804
 46942
 47091
 47242
 47396
 47540
 47686
 47842
 47991
 48152
 48286
 48455
 48631
 48799
 48962
 49120
 49290
 49453
 49646
 49826
 50001
 50185
 50371
 50541
 50708
 50867
 51011
 51170
 51305
 51448
 51608
 51762
 51915
 52089
 52252
 52408
 52554
 52713
 52865
 53004
 53157
 53292
 53456
 53597
 53743
 53898
 54042
 54186
 54317
 54446
 54582
 54726
 54881
 55024
 55157
 55280
 55389
 55507
 55622
 55738
 55855
 55952
 56074
 56190
 56293
 56402
  9814
  9910
  9946
  9988
  9968
  9910
  9895
  9911
  9929
 10034
 10097
 10126
 10147
 10175
 10187
 10195
 10205
 10217
 10233
 10245
 10256
 10279
 10296
 10335
 10374
 10403
 10414
 10423
 10424
 10430
 10408
 10338
 10278
 10379
 10434
 10444
 10459
 10471
 10486
 10522
 10535
 10563
 10602
 10621
 10649
 10691
 10697
 10698
 10784
 10869
 10896
 10946
 10989
 11017
 11034
 11047
 11094
 11123
 11063
 11124
 11289
 11455
 11646
 16038
 65466
 79730
 79726
 79716
 79723
 57545
 45766
 45699
 19809
 11781
 11899
 11847
 11977
 11878
 11908
 11939
 11901
 11859
 11818
 11778
 11772
 11806
 11698
 11707
 11638
 11634
 11595
 11667
 11694
 11816
 11942
 11915
 11956
 11964
 11986
 12023
 12051
 12062
 12082
 12118
 12142
 12160
 12186
 12203
 12224
 12242
 12252
 12274
 12295
 12308
 12332
 12360
 12386
 12420
 12450
 12483
 12519
 12544
 12567
 12593
 12604
 12617
 12640
 12658
 12673
 12686
 12706
 12732
 12756
 12776
 12800
 12829
 12860
 12877
 12887
 12911
 12931
 12961
 12975
 12990
 13019
 13036
 13050
 13078
 13098
 13107
 13142
 13165
 13173
 13196
 13222
 13240
 13253
 13267
 13289
 13302
 13307
 13315
 13337
 13339
 13356
 13372
 13382
 13396
 13420
 13428
 13446
 13454
 13481
 13493
 13508
 13524
 13533
 13563
 13563
 13600
 13628
 13648
 13675
 13667
 13694
 13695
 13707
 13689
 13674
 13687
 50940
 89042
 88772
 88661
 90005
 90000
 89305
 88419
 87640
 86994
 86416
 85824
 85320
 84942
 84555
 84269
 83918
 83692
 83456
 83323
 83188
 83085
 83053
 83061
 83111
 83131
 83180
 83161
 83166
 83171
 83140
 83155
 83171
 83186
 83200
 83239
 83272
 83264
 83253
 83293
 83286
 83283
 83279
 83281
 83272
 83282
 83254
 83271
 83299
 83272
 83261
