Sa, 15.02.25    16:24:34
108 Biederlack-4
4		
45.680
0.000
0.000


  4652
  4739
  4861
  4952
  5036
  5119
  5167
  5237
  5301
  5386
  5458
  5548
  5614
  5718
  5798
  5946
  6105
  6180
  6293
  6411
  6500
  6586
  6698
  6844
  6978
  7096
  7213
  7325
  7452
  7579
  7688
  7820
  7953
  8082
  8182
  8294
  8422
  8557
  8693
  8814
  8933
  9054
  9184
  9284
  9397
  9527
  9667
  9820
  9943
 10086
 10248
 10381
 10487
 10626
 10746
 10892
 11009
 11152
 11308
 11437
 11569
 11718
 11844
 11987
 12147
 12284
 12433
 12572
 12717
 12851
 12983
 13124
 13257
 13398
 13552
 13717
 13880
 14062
 14229
 14392
 14554
 14690
 14841
 14990
 15136
 15281
 15437
 15599
 15763
 15910
 16055
 16209
 16334
 16485
 16651
 16825
 16977
 17130
 17289
 17437
 17586
 17749
 17890
 18046
 18217
 18377
 18562
 18751
 18930
 19111
 19270
 19421
 19557
 10970
  8855
  8963
  8856
  8825
  8802
  8803
  8799
  8779
  8742
  8719
  8664
  8651
  8649
  8690
  8830
  8903
  8943
  9267
  9610
  8975
 19134
 23368
 23560
 23749
 23920
 24084
 24234
 24391
 24559
 24739
 24911
 25078
 25272
 25431
 25612
 25796
 25955
 26135
 26299
 26451
 26614
 26780
 26963
 27128
 27293
 27472
 27664
 27833
 28035
 28229
 28410
 28590
 28747
 28913
 29085
 29258
 29436
 29609
 29785
 29963
 30138
 30326
 30505
 30686
 30855
 31032
 31197
 31351
 31504
 31677
 31848
 32041
 32231
 32405
 32602
 32800
 32992
 33153
 33330
 33492
 33667
 33842
 34015
 34192
 34370
 34548
 34728
 34922
 35109
 35304
 35480
 35650
 35819
 35990
 36163
 36336
 36496
 36691
 36874
 37055
 37262
 37466
 37653
 37828
 38004
 38169
 38338
 38520
 38704
 38888
 39084
 39260
 39442
 39628
 39805
 39986
 40168
 40349
 40519
 40708
 40869
 41048
 41239
 41413
 41612
 41818
 42002
 42187
 42361
 42536
 42713
 42884
 43055
 43238
 43417
 43607
 43786
 43973
 44145
 44324
 44503
 44692
 44870
 45038
 45225
 45389
 45546
 45716
 45890
 46083
 46262
 46458
 46629
 46802
 46950
 47104
 47272
 47415
 47572
 47734
 47902
 48095
 48282
 48478
 48696
 48922
 49091
 49238
 49402
 49564
 49699
 49878
 50064
 50225
 50362
 50496
 50633
 50783
 50928
 51087
 51251
 51407
 51569
 51723
 51887
 52029
 52183
 52338
 52488
 52633
 52796
 52938
 53107
 53249
 53403
 53570
 53734
 53888
 54039
 54179
 54321
 54480
 54596
 54730
 54844
 54969
 55114
 55225
 55344
 55511
 55709
 55858
 55977
 56093
 56201
 56316
 56435
 56559
 56686
 56811
 56940
 57057
 57186
 57320
 57447
 57559
 57699
 57819
 57956
 58083
 58229
 58363
 58532
 58740
 59029
 59134
 62726
 79623
 79624
 79626
 79637
 79640
 79646
 79653
 79646
 79646
 79644
 79652
 79654
 79656
 79654
 79655
 79654
 79658
 79649
 78499
 34008
 33855
 33895
 33880
 33894
 33904
 33930
 33938
 33952
 33974
 33985
 33998
 34034
 34063
 34107
 34143
 34186
 34208
 34246
 34262
 34291
 34335
 34374
 34411
 34440
 34484
 34505
 34523
 34548
 34578
 34597
 34628
 34661
 34697
 34739
 34777
 34807
 34842
 34863
 34887
 34906
 34924
 34943
 34961
 34990
 34995
 34928
 34996
 72324
 79640
 79654
 79642
 79655
 79643
 79644
 79641
 79638
 79647
 79637
 79654
 79648
 79649
 79641
 79646
 79648
 79650
 79641
 79647
 79647
 79645
 79646
 79645
 79651
 79647
 79647
 79648
 79645
 79644
 79650
 79660
 79657
 79652
 79642
 79645
 79637
 79629
 79619
 79610
 79619
 79618
 79618
 79605
 79618
 79612
 79618
 79617
 79621
 79614
