Sa, 15.02.25    16:25:52
293 Warnig 13-4
4		
45.680
0.000
0.000


 13665
 13704
 13759
 13795
 13874
 13917
 13970
 14008
 14061
 14108
 14136
 14200
 14256
 14299
 14364
 14424
 14496
 14550
 14615
 14681
 14735
 14789
 14868
 14937
 15001
 15060
 15145
 15224
 15300
 15366
 15477
 15572
 15660
 15757
 15848
 15923
 16006
 16087
 16192
 16273
 16357
 16446
 16543
 16627
 16697
 16790
 16873
 16976
 17066
 17167
 17249
 17371
 17472
 17580
 17662
 17775
 17894
 18031
 18143
 18242
 18349
 18467
 18576
 18694
 18805
 18910
 19024
 19125
 19238
 19339
 19451
 19555
 19655
 19765
 19881
 20006
 20137
 20254
 20354
 20471
 20602
 20729
 20849
 21003
 21132
 21234
 21351
 21441
 21557
 21679
 21800
 21931
 22059
 22191
 22316
 22453
 22601
 22728
 22843
 22953
 23078
 23226
 23375
 23523
 23662
 23777
 23896
 24005
 24130
 24247
 24378
 24509
 24648
 24775
 24930
 25072
 25227
 25378
 25500
 25662
 25816
 25945
 26072
 26201
 26327
 26451
 26604
 26735
 26873
 27014
 27181
 27333
 27486
 27626
 27759
 27925
 28071
 28212
 28353
 28487
 28630
 28771
 28916
 29057
 29208
 29374
 29528
 29681
 29837
 30003
 30175
 30338
 30482
 30622
 30757
 30897
 31018
 31180
 31337
 31493
 31659
 31816
 31992
 32141
 32313
 32479
 32630
 32767
 32914
 33072
 33219
 33371
 33549
 33708
 33867
 34037
 34194
 34359
 34537
 34714
 34880
 35044
 35197
 35343
 35491
 35645
 35813
 35974
 36148
 36310
 36462
 36632
 36813
 36984
 37156
 37314
 37478
 37640
 37791
 37946
 38124
 38281
 38448
 38618
 38789
 38985
 39174
 39351
 39514
 39675
 39834
 40005
 40177
 40344
 40520
 40695
 40875
 41034
 41209
 41369
 41544
 41724
 41893
 42075
 42247
 42418
 42592
 42764
 42923
 43095
 43251
 43428
 43628
 43831
 44021
 44190
 44378
 44551
 44724
 44888
 45066
 45251
 45422
 45586
 45754
 45919
 46083
 46253
 46421
 46564
 46715
 46868
 47011
 47155
 47321
 47462
 47605
 47761
 47896
 48060
 48212
 48370
 48526
 48714
 48882
 49050
 49216
 49406
 49588
 49762
 49932
 50124
 50300
 50464
 50643
 50783
 50938
 51078
 51233
 51362
 51513
 51664
 51830
 51989
 52167
 52331
 52476
 52610
 52761
 52905
 53050
 53194
 53331
 53492
 53640
 53795
 53940
 54078
 54211
 54342
 54492
 54636
 54769
 54908
 55031
 55158
 55279
 55366
 55481
 55591
 55708
 55826
 55933
 56052
 56172
 56285
 56400
 56522
 56651
 56782
 56901
 57030
 57168
 57303
 57431
 57590
 57771
 57898
 57951
 72710
 79803
 79818
 79821
 79827
 79829
 79826
 79821
 79835
 79831
 79824
 79829
 79819
 79818
 79818
 79809
 79823
 79810
 79814
 79821
 79818
 79827
 79802
 79822
 79812
 79822
 79803
 79814
 79812
 79813
 79812
 79811
 79820
 79813
 79807
 79812
 79821
 79819
 79806
 79819
 79820
 79804
 79818
 79819
 79815
 79818
 79811
