Sa, 15.02.25    16:03:06
334 Brinkmann-3
3		
47.680
0.000
0.000


 13270
 13355
 13420
 13500
 13556
 13660
 13749
 13843
 13946
 14018
 14115
 14198
 14273
 14380
 14519
 14636
 14735
 14855
 14966
 15077
 15159
 15258
 15359
 15456
 15595
 15730
 15844
 15953
 16029
 16112
 16236
 16381
 16501
 16641
 16767
 16885
 17017
 17127
 17259
 17386
 17506
 17619
 17738
 17857
 17995
 18121
 18250
 18402
 18531
 18676
 18824
 18952
 19059
 19178
 19315
 19452
 19602
 19737
 19883
 20030
 20175
 20298
 20395
 20584
 20757
 20906
 21053
 21203
 21341
 21459
 21586
 21717
 21858
 22016
 22161
 22317
 22502
 22675
 22812
 22970
 23124
 23261
 23407
 23541
 23697
 23852
 24013
 24172
 24324
 24476
 24634
 24783
 24937
 25094
 25271
 25421
 25570
 25729
 25868
 26018
 26184
 26330
 26470
 26625
 26801
 26971
 27172
 27337
 27505
 27661
 27812
 27963
 28130
 28278
 28436
 28588
 28744
 28885
 29057
 29240
 29417
 29585
 29754
 29919
 30082
 30248
 30383
 30533
 30712
 30902
 31060
 31231
 31407
 31598
 31773
 31952
 32137
 32299
 32453
 32615
 32769
 32924
 33084
 33233
 33395
 33571
 33740
 33937
 34128
 34294
 34468
 34626
 34773
 34928
 35109
 35275
 35438
 35609
 35781
 35964
 36144
 36335
 36495
 36669
 36830
 37004
 37180
 37353
 37525
 37690
 37841
 37997
 38173
 38364
 38550
 38722
 38897
 39059
 39224
 39390
 39566
 39736
 39914
 40092
 40289
 40461
 40643
 40812
 40977
 41140
 41314
 41470
 41636
 41804
 41952
 42163
 42367
 42539
 42717
 42889
 43049
 43215
 43386
 43563
 43741
 43934
 44132
 44321
 44508
 44682
 44850
 45004
 45169
 45319
 45481
 45678
 45857
 46057
 46247
 46391
 46542
 46701
 46868
 47085
 47263
 47412
 47590
 47751
 47928
 48107
 48309
 48503
 48658
 48806
 48925
 49059
 49217
 49409
 49555
 49728
 49924
 50112
 50288
 50474
 50650
 50826
 50985
 51151
 51302
 51476
 51641
 51801
 51946
 52101
 52252
 52404
 52560
 52715
 52854
 53021
 53197
 53369
 53527
 53685
 53831
 53994
 54141
 54286
 54438
 54586
 54739
 54915
 55090
 55251
 55401
 55538
 55692
 55824
 55950
 56089
 56237
 56376
 56526
 56673
 56831
 56952
 57077
 57213
 57330
 57461
 57583
 57697
 57831
 57941
 58065
 58200
 58342
 58475
 58605
 58718
 58813
 58936
 59059
 59198
 59367
 59507
 59634
 59737
 59889
 60045
 60206
 60428
 60459
 73888
 79623
 79633
 79634
 79640
 79641
 79655
 79658
 79656
 79646
 79664
 79668
 79666
 79661
 79665
 79667
 79669
 79663
 79675
 79672
 79671
 79668
 79669
 79667
 79668
 79675
 79672
 79669
