Sa, 15.02.25    16:15:27
185 Maurer-3
3		
45.680
0.000
0.000


  8262
  8355
  8423
  8509
  8580
  8669
  8772
  8860
  8940
  9026
  9112
  9193
  9273
  9370
  9439
  9512
  9581
  9672
  9741
  9834
  9933
 10039
 10163
 10285
 10395
 10495
 10580
 10680
 10760
 10852
 10938
 11036
 11137
 11256
 11345
 11457
 11585
 11680
 11804
 11928
 12064
 12201
 12337
 12457
 12565
 12670
 12790
 12908
 13031
 13140
 13264
 13390
 13533
 13646
 13764
 13886
 14007
 14126
 14265
 14406
 14553
 14701
 14834
 14981
 15103
 15226
 15349
 15464
 15600
 15719
 15851
 15980
 16113
 16238
 16362
 16511
 16638
 16797
 16955
 17135
 17295
 17447
 17581
 17709
 17842
 17996
 18140
 18283
 18425
 18567
 18713
 18835
 18979
 19126
 19263
 19416
 19586
 19741
 19926
 20090
 20244
 20375
 20530
 20685
 20840
 20995
 21150
 21305
 21460
 21615
 21770
 21925
 22080
 22235
 22390
 22545
 22700
 22855
 23010
 23165
 23320
 23475
 23630
 23770
 23925
 24078
 24248
 24431
 24622
 24801
 24963
 25126
 25284
 25425
 25568
 25722
 25858
 26021
 26188
 26345
 26509
 26684
 26872
 27067
 27256
 27428
 27582
 27751
 27911
 28066
 28220
 28381
 28556
 28729
 28909
 29092
 29294
 29487
 29665
 29829
 29983
 30148
 30297
 30458
 30614
 30787
 30967
 31148
 31339
 31515
 31712
 31909
 32106
 32286
 32459
 32632
 32797
 32975
 33140
 33323
 33496
 33683
 33871
 34068
 34277
 34480
 34658
 34840
 35016
 35196
 35370
 35538
 35718
 35889
 36082
 36273
 36445
 36659
 36869
 37078
 37263
 37447
 37630
 37807
 37984
 38174
 38363
 38558
 38749
 38953
 39150
 39364
 39566
 39752
 39942
 40117
 40316
 40484
 40670
 40846
 41037
 41224
 41407
 41613
 41824
 42024
 42210
 42419
 42597
 42779
 42945
 43140
 43343
 43528
 43727
 43942
 44169
 44368
 44562
 44753
 44926
 45117
 45309
 45478
 45660
 45844
 46038
 46222
 46393
 46558
 46724
 46913
 47093
 47273
 47428
 47607
 47819
 48005
 48170
 48347
 48523
 48707
 48890
 49073
 49250
 49423
 49603
 49804
 50003
 50231
 50457
 50634
 50834
 50995
 51128
 51304
 51483
 51640
 51771
 51896
 52122
 52268
 52451
 52579
 52908
 53199
 63298
 74794
 53530
 53852
 53914
 54010
 54187
 54354
 54544
 54709
 54861
 55025
 55183
 55317
 55471
 55639
 55784
 55937
 56086
 56213
 56355
 56496
 56647
 56794
 56929
 57080
 57232
 57375
 57515
 57660
 57801
 57937
 58074
 58215
 58357
 58479
 58619
 58750
 58944
 59148
 59338
 59475
 59659
 59880
 60150
 60264
 73253
 79560
 79545
 79558
 79563
 79547
 79553
 79568
 79589
 79611
 79652
 79686
 79728
 79779
 79791
 79808
 79822
 79825
 79830
 68795
 45847
 45913
 45852
 45890
 45862
 45845
 45823
 45777
 45767
 45746
 45743
 45731
 45723
 45716
 45735
 45733
 45734
 45735
 45737
 45732
 45738
 45732
 45738
 45744
 45746
 45747
 16818
  5912
  5987
  5986
  6011
  6006
  6023
  6038
  6036
  6050
  6054
  6100
  6128
  6154
  6161
  6186
  6221
  6230
  6245
  6258
  6270
  6278
  6298
  6310
  6331
  6343
  6357
  6368
  6377
  6390
  6400
  6413
  6424
  6425
  6432
  6440
  6451
  6468
  6489
  6498
  6507
  6524
  6539
  6566
  6572
  6585
  6595
  6584
  6458
  6508
  6824
 43849
 45618
 45691
 45688
 45641
 45752
 45652
 45715
 45684
 45726
 45775
 45723
 45720
 45731
 45709
 45728
 45748
 45698
 45682
 45697
 45694
 45600
 60732
 63156
 63128
 63117
 60388
 54834
 70876
 81865
 81628
 81987
 82059
 83354
 87388
 87941
 88774
 88806
 89731
 90264
 89571
 88657
 87746
 86907
 86238
 85602
 85036
 84455
 84054
 83580
 83194
 82911
 82710
 82502
 82360
 82318
 82304
 82345
 82391
 82402
 82409
 82439
 82455
 82420
 82437
 82437
 82488
 82468
 82457
 82439
 82438
 82445
 82456
 82448
 82447
 82446
 82459
 82431
     0
