Sa, 15.02.25    16:05:18
729 Limberg-3
3		
47.680
0.000
0.000


 23093
 23184
 23278
 23370
 23469
 23582
 23681
 23799
 23925
 24022
 24130
 24229
 24351
 24450
 24574
 24695
 24800
 24914
 25023
 25136
 25247
 25362
 25465
 25577
 25697
 25828
 25943
 26064
 26182
 26308
 26423
 26544
 26669
 26796
 26931
 27054
 27186
 27319
 27453
 27588
 27723
 27848
 27962
 28098
 28227
 28364
 28516
 28657
 28822
 28968
 29101
 29230
 29355
 29488
 29624
 29755
 29893
 30043
 30179
 30340
 30484
 30627
 30788
 30926
 31082
 31236
 31359
 31497
 31640
 31792
 31937
 32081
 32224
 32385
 32549
 32706
 32854
 33024
 33188
 33343
 33501
 33671
 33818
 33978
 34122
 34268
 34424
 34577
 34746
 34906
 35065
 35233
 35392
 35545
 35711
 35883
 36030
 36190
 36349
 36490
 36648
 36819
 36964
 37123
 37289
 37469
 37636
 37816
 37987
 38152
 38284
 38436
 38583
 38755
 38934
 39116
 39284
 39432
 39596
 39783
 39966
 40141
 40318
 40487
 40649
 40816
 40997
 41159
 41328
 41480
 41672
 25572
 22076
 22095
 21890
 21779
 21734
 21687
 21676
 21691
 21760
 21787
 21792
 21816
 21828
 21840
 21854
 21863
 21890
 21895
 21895
 21871
 21875
 21864
 21901
 21909
 21864
 21780
 21870
 21909
 39056
 47154
 47332
 47506
 47647
 47800
 47948
 48137
 48312
 48482
 48619
 48781
 48932
 49099
 49199
 49236
 49537
 49816
 50001
 50173
 50306
 50456
 50606
 50755
 50888
 51049
 51210
 51334
 51508
 51667
 51841
 52045
 52241
 52417
 52572
 52715
 52893
 53037
 53171
 53318
 53442
 53596
 53725
 53866
 54018
 54176
 54337
 54484
 54641
 54807
 54955
 55112
 55264
 55395
 55554
 55685
 55820
 55960
 56103
 56259
 56378
 56526
 56665
 56792
 56948
 57085
 57228
 57360
 57503
 57635
 57772
 57915
 58044
 58163
 58290
 58406
 58533
 58653
 58779
 58885
 58995
 59103
 59203
 59324
 59445
 59564
 59695
 59835
 60013
 60184
 60342
 70833
 79623
 79618
 79621
 79631
 79630
 79627
 79630
 79636
 79630
 79642
 79642
 79640
 79639
 79635
 79641
 79639
 79632
 79616
 79606
 79582
 79586
 79597
 79604
 79587
 79582
 72089
 63914
 64029
