Sa, 15.02.25    15:35:32
257 Judt-1
1		
47.680
0.000
0.000


 76274
 76210
 76229
 76253
 76218
 76210
 76196
 76191
 43414
 10489
 10523
 10516
 10540
 10558
 10561
 10592
 10628
 10670
 10733
 10803
 10911
 10944
 11061
 11105
 11141
 11189
 11267
 11335
 11409
 11462
 11553
 11648
 11729
 11838
 11970
 12081
 12133
 12227
 12336
 12449
 12542
 12650
 12744
 12836
 12919
 13006
 13119
 13209
 13315
 13413
 13522
 13623
 13725
 13848
 13967
 14072
 14205
 14321
 14444
 14556
 14682
 14778
 14892
 15006
 15133
 15258
 15372
 15497
 15643
 15771
 15913
 16059
 16234
 16341
 16450
 16601
 16713
 16833
 16965
 17100
 17251
 17379
 17512
 17649
 17815
 17933
 18075
 18229
 18368
 18507
 18658
 18790
 18936
 19052
 19214
 19391
 19556
 19711
 19856
 20013
 20201
 20352
 20524
 20659
 20842
 20990
 21127
 21281
 21449
 21605
 21725
 21880
 22053
 22234
 22442
 22591
 22739
 22855
 23009
 23170
 23317
 23476
 23651
 23827
 23977
 24136
 24307
 24494
 24648
 24820
 24982
 25130
 25286
 25508
 25701
 25843
 25994
 26161
 26324
 26512
 26708
 26860
 27005
 27160
 27320
 27469
 27651
 27820
 27984
 28164
 28328
 28525
 28710
 28884
 29047
 29219
 29390
 29545
 29728
 29900
 30072
 30269
 30460
 30656
 30846
 31023
 31192
 31337
 31472
 31642
 31831
 32030
 32208
 32381
 32549
 32738
 32930
 33104
 33270
 33416
 33603
 33783
 33961
 34138
 34313
 34491
 34685
 34895
 35093
 35271
 35445
 35601
 35780
 35951
 36121
 36327
 36496
 36684
 36863
 37052
 37246
 37435
 37624
 37788
 37961
 38124
 38293
 38468
 38654
 38852
 39054
 39267
 39476
 39671
 39834
 40002
 40174
 40350
 40538
 40740
 40924
 41079
 41257
 41488
 41669
 41827
 42016
 42203
 42380
 42544
 42716
 42932
 43118
 43310
 43516
 43738
 43932
 44106
 44275
 44456
 44616
 44802
 45005
 45184
 45360
 45557
 45768
 45973
 46149
 46331
 46509
 46687
 46868
 47054
 47251
 47438
 47609
 47768
 47938
 48124
 48298
 48477
 48630
 48768
 48930
 49099
 49298
 49483
 49657
 49870
 50069
 50241
 50448
 50619
 50788
 50972
 51139
 51307
 51499
 51680
 51832
 52006
 52168
 52351
 52492
 52609
 52732
 52891
 53010
 53182
 53360
 53509
 53665
 53811
 53952
 54096
 54250
 54394
 54539
 54709
 54852
 55010
 55179
 55333
 55487
 55656
 55828
 55998
 56145
 56276
 56364
 56485
 56613
 56747
 56880
 57045
 57203
 57340
 57476
 57613
 57727
 57865
 58010
 58151
 58285
 58440
 58580
 79617
 79637
 79662
 79680
 79690
 79698
 79712
 79725
 79724
 79735
 79735
 79722
 79729
 79723
 79753
 79749
 79744
 79752
 79758
 79757
 79766
 79749
 79744
 79743
 79736
 79743
 79749
 79727
 79738
 79738
 79738
 79730
 79741
 79744
 79736
 79731
 79743
 79738
 79743
 79739
 79745
 79740
 79727
