Sa, 15.02.25    16:22:30
786 Massing-4
4		
47.680
0.000
0.000


 11537
 11595
 11553
 11703
 11795
 11877
 11949
 12044
 12111
 12187
 12243
 12285
 12353
 12394
 12452
 12507
 12571
 12636
 12711
 12779
 12892
 12970
 13064
 13138
 13219
 13316
 13393
 13492
 13588
 13663
 13738
 13842
 13933
 14042
 14143
 14242
 14333
 14434
 14505
 14616
 14716
 14834
 14935
 15061
 15189
 15276
 15374
 15480
 15583
 15685
 15783
 15884
 15984
 16086
 16190
 16277
 16401
 16531
 16667
 16796
 16922
 17054
 17171
 17289
 17409
 17516
 17625
 17754
 17890
 18002
 18160
 18294
 18436
 18555
 18682
 18823
 18974
 19103
 19243
 19359
 19483
 19602
 19745
 19871
 20000
 20129
 20273
 20390
 20516
 20665
 20831
 20973
 21129
 21263
 21391
 21528
 21651
 21780
 21925
 22065
 22194
 22345
 22502
 22650
 22809
 22947
 23093
 23219
 23365
 23551
 23692
 23798
 23768
 24059
 24259
 24404
 24547
 24696
 24835
 24984
 25136
 25302
 25462
 25636
 25796
 25958
 26098
 26236
 26364
 26509
 26656
 26804
 26964
 27120
 27290
 27437
 27604
 27759
 27914
 28068
 28007
 28032
 28142
 28512
 28853
 29023
 29183
 29339
 29496
 29640
 29798
 29967
 30136
 30318
 30483
 30660
 30806
 30964
 31113
 31260
 31393
 31551
 31712
 31883
 32060
 32229
 32397
 32560
 32733
 32890
 33053
 33207
 33356
 33522
 33675
 33843
 34005
 34163
 34321
 34501
 34674
 34859
 35050
 35226
 35404
 35558
 35720
 35879
 36039
 36206
 36360
 36529
 36704
 36885
 37055
 37233
 37404
 37587
 37738
 37904
 38071
 38231
 38392
 38558
 38729
 38897
 39068
 39255
 39432
 39622
 39811
 39995
 40170
 40340
 40490
 40663
 40830
 40992
 41173
 41342
 41516
 41692
 41871
 42049
 42218
 42390
 42557
 42725
 42897
 43062
 43222
 43399
 43576
 43773
 43953
 44141
 44326
 44501
 44666
 44850
 45030
 45209
 45381
 45556
 45731
 45915
 46091
 46261
 46428
 46590
 46772
 46944
 47115
 47293
 47464
 47634
 47800
 47970
 48157
 48319
 48489
 48664
 48815
 48979
 49143
 49299
 49456
 49611
 49787
 49969
 50143
 50324
 50504
 50692
 50874
 51053
 51227
 51389
 51563
 51722
 51892
 52062
 52215
 52373
 52526
 52671
 52816
 52979
 53137
 53311
 53476
 53656
 53825
 53978
 54136
 54294
 54467
 54627
 54789
 54944
 55101
 55262
 55407
 55554
 55679
 55774
 55846
 55948
 56100
 56239
 56437
 56635
 56870
 57064
 57223
 57384
 57528
 57686
 57829
 57975
 58119
 58255
 58414
 58557
 58706
 58865
 59016
 59163
 59313
 59446
 59578
 59711
 59842
 59971
 60104
 60233
 60357
 60508
 60642
 60780
 60918
 61045
 61185
 61304
 61437
 61562
 61682
 61801
 61908
 62021
 62127
 62250
 62372
 62482
 62615
 62714
 62834
 62949
 63025
 47706
 47704
 47525
 47510
 47524
 47571
 48125
 47990
 47917
 47889
 47684
 47698
 47706
 47710
 47715
 47713
 47733
 47733
 47733
 47747
 47757
 47775
 47775
 47789
 47801
 47821
 47818
 47843
 47850
 47872
 47880
 47894
 47919
 47933
 47939
 47942
 47951
 47962
 47969
 47969
 47942
 47967
 47967
 47907
 48027
 64356
 79690
 79690
 79690
 79688
 79690
 79691
 79690
 79684
 79693
 79698
 79693
 79698
 79687
 62627
 43563
 20803
 20798
 20804
 20851
 20849
 20854
 20859
 20854
 20855
 20861
 20859
 20833
 20766
 20747
 20729
 20712
 20707
 20691
 20680
 20660
 20654
 20661
 20691
 20697
 20700
 20719
 20734
 20758
 20779
 20822
 20839
 20852
 38803
 47694
 47686
 47549
 47373
 47454
 58789
 47571
 47457
 47445
 69385
 79920
 79911
 79907
 79920
 79916
 79921
 79917
 79908
 79923
 79918
 68187
  8682
  8673
  8546
  8467
  8432
  8384
  8356
  8335
  8324
  8302
  8264
  8204
  8194
  8270
 30414
  8643
  8595
 88696
 87830
 87018
 86394
 85719
 85106
 84616
 84090
 83692
 83342
 83066
 82799
 82701
 82734
 82759
 82844
 82893
 82900
 82896
 82873
 82891
 82882
 82917
 82923
 82898
 82862
 82893
 82904
 82890
 82876
 82912
 82904
 82895
 82890
 82883
 82870
 82877
 82907
 82875
 82924
 82890
 82913
 82872
 82882
 82892
 82885
 82874
 82897
 82891
 82903
