Sa, 15.02.25    16:31:43
334 Brinkmann-5
5		
47.680
0.000
0.000


 12043
 12082
 12184
 12193
 12180
 12242
 12312
 12388
 12451
 12509
 12563
 12609
 12671
 12735
 12807
 12878
 12973
 13029
 13089
 13147
 13191
 13278
 13370
 13448
 13528
 13622
 13682
 13779
 13878
 13970
 14049
 14136
 14229
 14326
 14421
 14505
 14585
 14702
 14813
 14925
 15025
 15128
 15266
 15370
 15456
 15541
 15641
 15746
 15858
 15971
 16099
 16202
 16306
 16416
 16508
 16604
 16713
 16866
 16983
 17111
 17257
 17400
 17515
 17649
 17758
 17863
 17987
 18098
 18235
 18364
 18503
 18634
 18764
 18913
 19070
 19218
 19348
 19470
 19592
 19721
 19874
 20016
 20151
 20270
 20367
 20470
 20637
 20796
 20952
 21112
 21269
 21397
 21526
 21676
 21821
 21946
 22080
 22237
 22387
 22524
 22672
 22826
 22995
 23163
 23315
 23465
 23622
 23763
 23915
 24070
 24214
 24371
 24532
 24680
 24816
 24962
 25123
 25329
 25472
 25626
 25775
 25943
 26078
 26242
 26388
 26537
 26695
 26861
 27018
 27184
 27385
 27575
 27731
 27882
 28040
 28193
 28349
 28516
 28688
 28851
 29024
 29186
 29331
 29444
 29675
 29871
 30045
 30211
 30369
 30517
 30664
 30809
 30978
 31134
 31294
 31439
 31628
 31827
 32022
 32212
 32371
 32538
 32709
 32855
 33027
 33192
 33356
 33529
 33688
 33842
 34007
 34202
 34382
 34563
 34733
 34896
 35059
 35211
 35391
 35569
 35747
 35917
 36085
 36264
 36427
 36612
 36798
 36951
 37120
 37281
 37452
 37613
 37765
 37920
 38072
 38225
 38438
 38629
 38798
 38964
 39119
 39264
 39449
 39623
 39803
 39976
 40150
 40334
 40524
 40716
 40882
 41038
 41192
 41342
 41491
 41645
 41834
 41981
 42246
 42390
 42540
 42667
 42787
 42990
 43298
 43470
 43638
 43830
 44032
 44250
 44447
 44607
 44727
 44850
 44996
 45147
 45287
 45407
 45571
 45768
 46048
 46143
 46319
 46481
 46601
 46668
 46831
 47141
 47377
 47523
 47679
 47833
 47996
 48200
 48397
 48534
 48676
 48793
 48933
 49098
 49259
 49431
 49623
 49803
 49980
 50160
 50334
 50516
 50672
 50853
 51072
 51180
 51314
 51436
 51614
 51799
 51937
 52082
 52230
 52385
 52556
 52729
 52883
 53039
 53204
 53380
 53554
 53706
 53853
 54018
 54160
 54296
 54487
 54658
 54815
 54976
 55148
 55262
 55389
 55532
 55658
 55792
 55903
 56067
 56211
 56356
 56535
 56732
 57132
 63517
 68747
 68964
 69463
 69753
 79717
 79741
 79734
 79734
 79734
 79731
 79720
 79734
 79726
 79731
 79724
 77873
 70456
 70998
 70741
 70449
 70207
 70045
 69898
 69810
 69802
 69809
 69955
 70079
 70156
 70186
 70154
 70106
 70143
 70289
 70528
 69877
 73853
 79729
 79737
 79744
 79740
 79731
 79742
 79735
 79732
 79749
 79745
 79737
 79734
