Sa, 15.02.25    16:12:30
293 Warnig 13-3
3		
45.680
0.000
0.000


 13954
 14010
 14058
 14105
 14162
 14205
 14262
 14305
 14377
 14446
 14511
 14581
 14661
 14729
 14798
 14864
 14916
 14992
 15054
 15110
 15195
 15260
 15332
 15411
 15502
 15602
 15690
 15784
 15890
 15979
 16077
 16166
 16250
 16341
 16446
 16555
 16651
 16756
 16820
 16920
 17031
 17114
 17220
 17327
 17416
 17513
 17615
 17715
 17821
 17929
 18064
 18184
 18281
 18390
 18502
 18626
 18750
 18866
 18992
 19113
 19215
 19309
 19407
 19514
 19624
 19748
 19869
 19986
 20124
 20245
 20366
 20487
 20614
 20746
 20858
 21006
 21136
 21245
 21359
 21472
 21599
 21738
 21851
 21972
 22099
 22222
 22362
 22501
 22643
 22785
 22908
 23034
 23174
 23309
 23458
 23602
 23728
 23867
 23997
 24130
 24244
 24378
 24503
 24633
 24772
 24917
 25070
 25212
 25376
 25517
 25678
 25834
 25976
 26107
 26234
 26342
 26486
 26618
 26757
 26916
 27049
 27212
 27379
 27521
 27662
 27810
 27971
 28127
 28273
 28406
 28548
 28682
 28819
 28972
 29124
 29280
 29431
 29592
 29736
 29900
 30068
 30242
 30404
 30549
 30700
 30834
 30971
 31120
 31268
 31407
 31560
 31722
 31897
 32056
 32220
 32366
 26485
 15145
 15114
 15155
 15092
 15078
 15067
 15040
 15054
 15071
 15093
 15169
 15207
 15256
 15269
 15287
 15297
 15318
 15312
 15362
 15402
 15437
 15457
 15449
 15428
 29875
 36703
 36863
 37029
 37217
 37393
 37552
 37710
 37863
 38017
 38189
 38355
 38522
 38690
 38854
 39046
 39226
 39408
 39593
 39765
 39920
 40094
 40265
 40424
 40580
 40764
 40938
 41117
 41272
 41438
 41604
 41779
 41969
 42129
 42300
 42462
 42637
 42818
 42985
 43155
 43321
 43497
 43706
 43905
 44090
 44269
 44452
 44635
 44810
 44968
 45135
 45318
 45481
 45652
 45818
 45985
 46170
 46330
 46489
 46644
 46781
 46923
 47062
 47207
 47363
 47510
 47662
 47805
 47962
 48135
 48280
 48464
 48644
 48821
 49009
 49170
 49349
 49525
 49709
 49896
 50054
 50244
 50396
 50560
 50730
 50885
 51033
 51189
 51327
 51471
 51622
 51783
 51936
 52113
 52276
 52428
 52572
 52721
 52862
 53018
 53148
 40997
 15269
 15067
 15101
 15117
 15110
 15089
 15063
 15042
 15013
 14984
 14932
 14851
 14837
 14787
 14767
 14731
 14699
 14665
 14637
 14607
 14584
 14575
 14544
 14529
 14521
 14515
 14500
 14493
 14469
 14444
 14407
 14390
 14355
 14305
 14241
 14208
 14235
 14268
 14291
 14315
 14311
 14263
 14266
 14182
 14065
 38395
 79687
 79673
 79667
 79680
 79677
 79673
 79673
 79662
 79659
 79653
 79665
 79654
 79659
 79659
 79646
 79657
 79647
 79658
 79658
 79665
 79671
 79670
 79677
 79679
 79677
 79679
 79692
 79694
 79688
 79689
 79687
 79676
 79688
 79684
 79697
 79688
 79691
 79695
 79691
 79695
 79693
 79688
 79705
 79697
 79702
 79695
 79711
 79690
 79694
 79679
