Sa, 15.02.25    16:32:50
786 Massing-5
5		
47.680
0.000
0.000


 13428
 13525
 13604
 13694
 13778
 13889
 13989
 14095
 14211
 14309
 14395
 14459
 14571
 14693
 14812
 14911
 15025
 15142
 15230
 15328
 15422
 15530
 15642
 15747
 15848
 15941
 16066
 16187
 16302
 16432
 16568
 16699
 16824
 16967
 17087
 17208
 17334
 17441
 17548
 17675
 17816
 17958
 18092
 18211
 18337
 18477
 18627
 18755
 18902
 19044
 19172
 19272
 19407
 19529
 19675
 19807
 19935
 20078
 20200
 20319
 20466
 20624
 20777
 20929
 21082
 21218
 21338
 21468
 21611
 21754
 21896
 22045
 22192
 22352
 22490
 22643
 22787
 22938
 23091
 23253
 23402
 23552
 23698
 23848
 23988
 24126
 24287
 24424
 24574
 24710
 24864
 25026
 25208
 25387
 25541
 25704
 25842
 25974
 26119
 26275
 26401
 26559
 26715
 26891
 27066
 27226
 27388
 27553
 27713
 27881
 28037
 28187
 28341
 28502
 28666
 28815
 28971
 29128
 29270
 29428
 29598
 29775
 29959
 30126
 30307
 30450
 30593
 30759
 30910
 31063
 31225
 31377
 31537
 31706
 31885
 32051
 32234
 32383
 32425
 32576
 32812
 33051
 33212
 33371
 33538
 33690
 33851
 34025
 34188
 34346
 34537
 34714
 34905
 35076
 35242
 35404
 35551
 35716
 35869
 36042
 36208
 36370
 36542
 36711
 36893
 37066
 37246
 37425
 37584
 37756
 37906
 38072
 38236
 38393
 38561
 38732
 38912
 39095
 39275
 39459
 39649
 39829
 39999
 40178
 40337
 40509
 40672
 40845
 41022
 41201
 41362
 41542
 41720
 41905
 42093
 42264
 42426
 42607
 42766
 42935
 43104
 43263
 43448
 43629
 43811
 44000
 44201
 44376
 44549
 44728
 44907
 45081
 45265
 45439
 45610
 45788
 45972
 46142
 46313
 46477
 46646
 46826
 47002
 47183
 47355
 47534
 47689
 47850
 48045
 48222
 48412
 48569
 48742
 48910
 49060
 49224
 49367
 49525
 49708
 49882
 50050
 50241
 50416
 50591
 50768
 50952
 51132
 51309
 51474
 51637
 51799
 51962
 52117
 52294
 52441
 52591
 52738
 52912
 53080
 53248
 53411
 53583
 53746
 53901
 54059
 54227
 54396
 54568
 54738
 54889
 55052
 55214
 55350
 55470
 55602
 55743
 55877
 56023
 56169
 56310
 56463
 56608
 56751
 56895
 57047
 57178
 57325
 57473
 57601
 57730
 57855
 57980
 58108
 58238
 58364
 58509
 58643
 58788
 58941
 59125
 59303
 59525
 59666
 74022
 79728
 79734
 79739
 79742
 79741
 79744
 79739
 79749
 79745
 79735
 79744
 79739
 79740
 79764
 79795
 79801
 79806
 79807
 79809
 79817
 79818
 79810
 79800
 79820
 79823
 79810
 79814
 79802
 79812
 79802
 79812
 79802
 79808
 79810
 79811
