Sa, 15.02.25    16:21:34
334 Brinkmann-4
4		
47.680
0.000
0.000


 12035
 12133
 12202
 12281
 12287
 12367
 12418
 12468
 12532
 12573
 12636
 12699
 12755
 12827
 12892
 12959
 13016
 13097
 13172
 13275
 13375
 13481
 13566
 13639
 13730
 13826
 13920
 14009
 14102
 14187
 14274
 14382
 14492
 14574
 14694
 14797
 14908
 15019
 15127
 15233
 15346
 15427
 15540
 15651
 15769
 15890
 15981
 16070
 16175
 16233
 16373
 16508
 16664
 16800
 16938
 17052
 17184
 17304
 17440
 17554
 17677
 17794
 17897
 18013
 18148
 18288
 18407
 18542
 18692
 18839
 18983
 19111
 19230
 19379
 19515
 19655
 19788
 19906
 20039
 20172
 20297
 20474
 20603
 20737
 20886
 21036
 21190
 21321
 21450
 21585
 21733
 21873
 22000
 22145
 22307
 22448
 22585
 22725
 22887
 23057
 23218
 23370
 23526
 23679
 23844
 23986
 24146
 24286
 24434
 24553
 24694
 24860
 25030
 25209
 25391
 25542
 25693
 25838
 25983
 26136
 26282
 26415
 26559
 26716
 26878
 27048
 27211
 27396
 27582
 27746
 27894
 28048
 28205
 28375
 28537
 28690
 28863
 29041
 29186
 29346
 29498
 29666
 29838
 30019
 23150
  8086
  7969
  7916
  7933
  7944
  7977
  7997
  8023
  8014
  8029
  8035
  8059
  8070
  8088
  8104
  8118
  8123
  8151
  8167
  8181
  8190
  8206
  8224
  8244
  8269
  8286
  8310
  8329
  8356
  8374
  8392
  8421
  8454
  8478
  8510
  8541
  8566
  8588
  8615
  8642
  8670
  8693
  8708
  8726
  8748
  8757
  8775
  8774
  8813
  8833
  8843
  8880
  8899
  8924
  8958
  8984
  9013
  9052
  9105
  9154
  9184
  9217
  9255
  9277
  9336
  9396
  9449
  9529
  9589
  9675
  9757
  9865
  9963
 10027
 10108
 10137
 10184
 10245
 10299
 10359
 10435
 10412
 10434
 10603
 10611
 10733
 10767
 10928
 10918
 10879
 11025
 11144
 11254
 11288
 11326
 11524
 11559
 11675
 11829
 11897
 12014
 12156
 12276
 12415
 12497
 12552
 12594
 12697
 12775
 12862
 12952
 12962
 12985
 13316
 13386
 13445
 13647
 13777
 13888
 13974
 14082
 14201
 14305
 14380
 14450
 14600
 14727
 14823
 14943
 15083
 15197
 15308
 15423
 15523
 15625
 15737
 15854
 15962
 16075
 16182
 16295
 16422
 16541
 16679
 16806
 16938
 17057
 17190
 17324
 17444
 17556
 17691
 17821
 17953
 18070
 18181
 18297
 18420
 18530
 18659
 18787
 18912
 19050
 19165
 19274
 19403
 19515
 19636
 19751
 19871
 19994
 20100
 20205
 20302
 20411
 20542
 20666
 20776
 20882
 20994
 21112
 21232
 21331
 21436
 21563
 21676
 21780
 21885
 21988
 22105
 22219
 22342
 22457
 22555
 22664
 22778
 22882
 22976
 23080
 23176
 23272
 23365
 23455
 23565
 23673
 23794
 23886
 23991
 24100
 24207
 24311
 24421
 24507
 24598
 24698
 24794
 24849
 24909
 24955
 25047
 25130
 25249
 25413
 25500
 25573
 25639
 25729
 25823
 26892
 84065
 86507
 85585
 87533
 89563
 89919
 88822
 87672
 86551
 85537
 84632
 83731
 82901
 82164
 81508
 80845
 78533
 76431
 73654
 71684
 69508
 67692
 66429
 65422
 65356
 64378
 64252
 64413
 64873
 65330
 65532
 65606
 65615
 65646
 65670
 65671
 65662
 65656
 65648
 65663
 65652
 65622
 65643
 65642
 65633
 65639
 65623
 65621
 65604
 65636
