Sa, 15.02.25    16:10:49
834 Hopfensitz-3
3		
47.680
0.000
0.000


 17673
 17681
 17691
 17690
 17694
 17710
 17708
 17716
 17729
 17740
 17742
 17760
 17773
 17774
 17791
 17808
 17817
 17841
 17857
 17875
 17891
 17905
 17919
 17927
 17923
 17941
 17942
 17941
 17936
 17939
 17949
 17946
 17950
 17957
 17964
 17957
 17968
 17970
 17982
 17984
 17988
 17981
 17993
 17993
 17988
 17977
 17988
 17974
 17974
 17960
 17956
 17949
 17950
 17946
 17936
 17925
 17918
 17918
 17914
 17903
 17921
 17919
 17909
 17905
 17897
 17900
 17883
 17884
 17871
 17853
 17841
 17812
 17797
 17787
 17779
 17774
 17763
 17764
 17752
 17750
 17744
 17727
 17723
 17713
 17705
 17699
 17684
 17687
 17691
 17676
 17678
 17668
 17670
 17654
 17657
 17659
 17653
 17659
 17658
 17663
 17656
 17655
 17666
 17660
 17674
 17682
 17689
 17697
 17699
 17704
 17713
 17725
 17723
 17739
 17749
 17751
 17772
 17790
 17800
 17804
 17824
 17843
 17865
 17885
 17896
 17906
 17926
 17925
 17929
 17936
 17934
 17930
 17929
 17928
 17943
 17939
 17946
 17959
 17954
 17959
 17971
 17984
 17984
 17984
 17993
 17990
 17988
 17996
 17981
 17976
 17983
 17979
 17954
 17956
 17963
 17949
 17939
 17931
 17932
 17925
 17919
 17925
 17915
 17928
 17920
 17926
 17938
 17925
 17910
 17916
 17916
 17917
 17902
 17901
 17890
 17864
 17860
 17855
 17828
 17816
 17787
 17781
 17759
 17739
 17734
 17715
 17705
 17691
 17682
 17676
 17658
 17655
 17660
 17657
 17660
 17661
 17659
 17654
 17652
 17646
 17654
 17657
 17655
 17664
 17672
 17676
 17678
 17677
 17692
 17701
 17701
 17705
 17709
 17704
 17723
 17743
 17748
 17778
 17818
 17838
 17886
 17945
 18001
 18076
 18140
 18180
 18233
 18264
 18328
 18353
 18394
 18438
 18480
 18533
 18578
 18663
 18754
 18829
 18902
 18981
 19058
 19132
 19198
 19265
 19317
 19400
 19470
 19549
 19629
 19736
 19834
 19941
 20025
 20111
 20221
 20301
 20395
 20505
 20619
 20706
 20785
 20873
 20952
 21062
 21140
 21250
 21354
 21470
 21587
 21705
 21811
 21954
 22075
 22204
 22323
 22442
 22551
 22640
 22756
 22883
 23004
 23134
 23254
 23372
 23490
 23643
 23782
 23917
 24037
 24166
 24289
 24400
 24523
 24638
 24772
 24910
 25066
 25200
 25330
 25464
 25617
 25790
 25929
 26071
 26204
 26321
 26443
 26580
 26714
 26853
 26991
 27156
 27305
 27463
 27613
 27761
 27905
 28052
 28182
 28315
 28454
 28614
 28759
 28897
 29043
 29189
 29348
 29514
 29674
 29852
 30023
 30176
 30330
 30464
 30608
 30753
 30904
 31062
 31215
 31372
 31517
 31672
 31841
 32008
 32168
 32326
 32486
 32638
 32781
 32929
 33074
 33210
 33370
 33557
 33746
 33918
 34105
 34273
 34429
 34586
 34741
 34898
 35056
 35213
 35379
 35529
 35709
 35869
 36039
 36208
 36377
 36542
 36691
 36859
 37028
 37189
 37348
 37505
 37660
 37841
 38002
 38188
 38373
 38563
 38750
 38925
 39087
 39252
 39412
 39559
 39733
 39905
 40068
 40249
 40414
 40578
 40769
 40950
 41127
 41286
 41440
 41605
 41767
 41938
 42113
 42287
 42443
 42621
 42782
 42952
 43133
 43317
 43513
 43691
 43880
 44054
 44199
 44368
 44534
 44707
 44879
 45035
 45215
 45396
 45554
 45739
 45918
 46103
 46259
 46430
 46597
 46762
 46936
 47106
 47272
 47425
 47587
 47741
 47907
 48088
 48245
 48401
 48532
 48669
 48818
 48968
 49135
 49289
 49437
 49604
 49789
 49949
 50113
 50277
 50466
 50630
 50804
 50997
 51186
 51320
 51482
 51643
 51800
 51963
 52112
 52247
 52370
 52490
 52619
 52749
 52891
 53028
 53170
 53318
 53457
 53586
 53737
 53857
 53996
 54120
 54248
 54392
 54530
 54673
 54814
 54988
 55155
 55289
 55427
 55544
 55675
 55806
 55739
 55889
 56116
 56220
 56318
 56435
 56575
 56734
 56905
 57015
 57832
 79798
 79818
 79830
 79867
 79880
 79877
 79887
 79890
 79889
 79898
 79901
 79889
 79876
 79880
 79883
 79885
 79882
 79880
 79893
 79885
 79882
 79878
 79885
 79883
 79887
 79882
 79876
 79882
 79889
 79881
 79871
 79884
 79881
 79883
 79876
 79882
 79882
 79879
 79879
 79884
 79891
 47698
 47698
 47710
 47730
 47755
 47786
 47811
 58483
 79879
 79883
 79875
 79887
 79881
 79875
 79882
 79879
 79886
 79884
 79883
 79877
 79890
 79890
 79891
 79882
 79882
 79887
 79882
 79878
 79882
 79881
 79881
 79880
 79871
 79880
 79886
 79882
 79892
 79893
 79879
 79891
 79899
 79873
 79892
 79882
 79879
 79890
 79882
 79898
 79883
 79888
 79887
 79870
 79878
 79882
 79888
 79881
 79885
