Sa, 15.02.25    16:23:11
257 Judt-4
4		
47.680
0.000
0.000


 11665
 11723
 11810
 11898
 11995
 12103
 12213
 12330
 12448
 12560
 12644
 12731
 12834
 12928
 13046
 13158
 13274
 13376
 13484
 13583
 13694
 13797
 13930
 14036
 14180
 14322
 14475
 14577
 14699
 14800
 14906
 15017
 15148
 15258
 15392
 15542
 15667
 15783
 15927
 16066
 16198
 16333
 16454
 16587
 16695
 16825
 16964
 17104
 17239
 17412
 17556
 17708
 17840
 17984
 18149
 18290
 18430
 18575
 18708
 18833
 18975
 19103
 19256
 19408
 19569
 19722
 19867
 20006
 20176
 20346
 20477
 20629
 20761
 20901
 21050
 21200
 21340
 21509
 21642
 21797
 21959
 22126
 22308
 22478
 22630
 22772
 22909
 23056
 23224
 23366
 23544
 23708
 23876
 24027
 24201
 24363
 24545
 24708
 24864
 25025
 25189
 25345
 25506
 25681
 25838
 25991
 26167
 26331
 26511
 26698
 26863
 27010
 27176
 27332
 27488
 27654
 27820
 27999
 28182
 28347
 28520
 28704
 28891
 29053
 29222
 29378
 29548
 29720
 29879
 30059
 30240
 30413
 30598
 30810
 30983
 31161
 31306
 31451
 31621
 31798
 31964
 32163
 32351
 32524
 32710
 32877
 33071
 33237
 33393
 33575
 33744
 33925
 34103
 34289
 34456
 34639
 34821
 35033
 35257
 35429
 35591
 35750
 35919
 36087
 36263
 36423
 36617
 36802
 36987
 37178
 37368
 37556
 37724
 37896
 38074
 38244
 38421
 38589
 38772
 38959
 39145
 39355
 39564
 39755
 39934
 40102
 40284
 40447
 40633
 40814
 41003
 41198
 41377
 41572
 41774
 41966
 42141
 42321
 42502
 42680
 42857
 43028
 43218
 43414
 43626
 43836
 44040
 44229
 44396
 44574
 44748
 44944
 45128
 45321
 45499
 45693
 45881
 46081
 46275
 46447
 46633
 46821
 47003
 47186
 47382
 47566
 47740
 47884
 48036
 48233
 48484
 48638
 48733
 48835
 48937
 49259
 49435
 51187
 79599
 79593
 79602
 79594
 79606
 78961
 51096
 51107
 51237
 51429
 51616
 51758
 51953
 52118
 52289
 52470
 52615
 52765
 52895
 53024
 53153
 53305
 53471
 53617
 53770
 53914
 54044
 54184
 54348
 54494
 54640
 54802
 54966
 55135
 55280
 55431
 55616
 55788
 55952
 56121
 56275
 56409
 56513
 56641
 56811
 56944
 57073
 57201
 57320
 57444
 57563
 57679
 57822
 57969
 58084
 58205
 58311
 58441
 58592
 58752
 58910
 59079
 59253
 59411
 59569
 59728
 59883
 60021
 60174
 60285
 73480
 76995
 60802
 60664
 60694
 60689
 60678
 60667
 61390
 79586
 79577
 79592
 79595
 79587
 79578
 79582
 79593
 79579
 79582
 79587
 79584
 79584
 79581
 79585
 79579
 79589
 79591
 79585
 79577
 79579
 79581
 79586
