Sa, 15.02.25    16:28:02
23 Osazee-4
4		
45.680
0.000
0.000


  4343
  4419
  4503
  4607
  4702
  4788
  4886
  5017
  5131
  5235
  5358
  5471
  5574
  5666
  5743
  5851
  5958
  6067
  6173
  6255
  6367
  6473
  6608
  6740
  6873
  7030
  7157
  7273
  7380
  7497
  7618
  7750
  7882
  8010
  8113
  8295
  8439
  8561
  8765
  8925
  9073
  9194
  9316
  9443
  9562
  9691
  9827
 10000
 10117
 10240
 10385
 10545
 10714
 10889
 11025
 11155
 11293
 11428
 11559
 11709
 11883
 12065
 12211
 12398
 12548
 12716
 12912
 13072
 13203
 13348
 13508
 13666
 13843
 13988
 14150
 14360
 14486
 14690
 14857
 15040
 15231
 15399
 15566
 15713
 15853
 16002
 16159
 16310
 16476
 16654
 16823
 16993
 17171
 17353
 17537
 17703
 17881
 18039
 18209
 18369
 18540
 18704
 18861
 19044
 19234
 19440
 19633
 19823
 20008
 20190
 20353
 20503
 20682
 20825
 20977
 21163
 21335
 21509
 21712
 21899
 22103
 22290
 22469
 22643
 22818
 23000
 23159
 23341
 23523
 23713
 23892
 24081
 24290
 24486
 24689
 24869
 25051
 25235
 25403
 25579
 25757
 25931
 26128
 26333
 26503
 26702
 26883
 27094
 27290
 27477
 27640
 27816
 28010
 28193
 28361
 28532
 28717
 28926
 29111
 29319
 29525
 29719
 29906
 30091
 30278
 30455
 30636
 30823
 30999
 31199
 31388
 31590
 31789
 31981
 32182
 32385
 32572
 32753
 32935
 33126
 33307
 33480
 33695
 33897
 34114
 34328
 34527
 34732
 34918
 35110
 35301
 35473
 35671
 35866
 36048
 36245
 36410
 36606
 36811
 37009
 37202
 37391
 37573
 37767
 37946
 38129
 38317
 38526
 38741
 38965
 39162
 39378
 39572
 39747
 39953
 40138
 40336
 40518
 40710
 40887
 41078
 41264
 41454
 41651
 41847
 42039
 42221
 42411
 42607
 42795
 43009
 43212
 43426
 43640
 43846
 44060
 44248
 44451
 44634
 44816
 45008
 45193
 45381
 45569
 45778
 45965
 46173
 46350
 46536
 46720
 46905
 47090
 47270
 47465
 47635
 47820
 48010
 48220
 48418
 48608
 48797
 48986
 49177
 49358
 49538
 49724
 49911
 50099
 50283
 50425
 50609
 50771
 50943
 51121
 44530
  9377
  9322
  9256
  9230
  9208
  9189
  9173
  9162
  9140
  9133
  9125
  9136
  9147
  9149
  9146
  9093
  9017
  9043
  9193
  9369
  9438
  9394
  9329
 10910
 55391
 55551
 55699
 55866
 56011
 56174
 56312
 56461
 56608
 56766
 56926
 57086
 57231
 57379
 57539
 57697
 57845
 57991
 58141
 58262
 58413
 58565
 58698
 58844
 58992
 59148
 59287
 59438
 59589
 59748
 59902
 60088
 60249
 60396
 60561
 60722
 60879
 61022
 61146
 61327
 61542
 61705
 61861
 61954
 62254
 62413
 62398
 62496
 62657
 62795
 62899
 62997
 63099
 63204
 63323
 63444
 63578
 63714
 63859
 64030
 64170
 64296
 64401
 64511
 64641
