Sa, 15.02.25    15:41:09
23 Osazee-1
1		
45.680
0.000
0.000


  4437
  4506
  4588
  4683
  4797
  4921
  5078
  5204
  5244
  5310
  5434
  5564
  5689
  5814
  5881
  5960
  6033
  6151
  6279
  6385
  6470
  6583
  6703
  6821
  6961
  7101
  7239
  7377
  7498
  7596
  7718
  7845
  7965
  8100
  8250
  8354
  8494
  8653
  8789
  8923
  9071
  9217
  9369
  9490
  9611
  9739
  9871
 10002
 10119
 10253
 10383
 10570
 10688
 10841
 11001
 11160
 11319
 11453
 11589
 11733
 11873
 12022
 12179
 12334
 12473
 12624
 12771
 12916
 13117
 13275
 13453
 13627
 13764
 13907
 14053
 14195
 14345
 14475
 14634
 14789
 14945
 15118
 15319
 15487
 15675
 15820
 15984
 16140
 16282
 16436
 16586
 16745
 16921
 17093
 17267
 17439
 17620
 17795
 17978
 18142
 18301
 18468
 18631
 18792
 18948
 19104
 19287
 19456
 19641
 19815
 20027
 20212
 20382
 20550
 20725
 20887
 21047
 21193
 21353
 21531
 21716
 21889
 22076
 22265
 22436
 22633
 22814
 22974
 23148
 23318
 23476
 23652
 23822
 23991
 24181
 24356
 24550
 24752
 24946
 25146
 25333
 25507
 25689
 25851
 26016
 26199
 26369
 26538
 26719
 26903
 27095
 27294
 27493
 27676
 27854
 28029
 28199
 28359
 28539
 28726
 28915
 29100
 29294
 29487
 29705
 29890
 30087
 30289
 30459
 30642
 30825
 30997
 31165
 31347
 31523
 31714
 31914
 32114
 32308
 32501
 32688
 32863
 33044
 33218
 33388
 33580
 33758
 33947
 34158
 34341
 34547
 34747
 34941
 35138
 35327
 35485
 35675
 35861
 36043
 36234
 36401
 36601
 36799
 37000
 37197
 37385
 37571
 37750
 37926
 38115
 38289
 38468
 38662
 38863
 39066
 39266
 39461
 39670
 39870
 40077
 40262
 40443
 40630
 40811
 41008
 41185
 41354
 41534
 41717
 41905
 42104
 42278
 42474
 42655
 42836
 43030
 43221
 43419
 43621
 43819
 44037
 44232
 44424
 44619
 44811
 44999
 45182
 45344
 45524
 45708
 45897
 46077
 46249
 46443
 46628
 41507
 29714
 29715
 29709
 29659
 29637
 29620
 29564
 29514
 29534
 29609
 29642
 29686
 29736
 29658
 46312
 49624
 49824
 49995
 50201
 50364
 50511
 50671
 50825
 50972
 51146
 51283
 51450
 51615
 51770
 51944
 52106
 52277
 52427
 52594
 52749
 52909
 53069
 53215
 53382
 53549
 40570
 26463
 26400
 26337
 26304
 26281
 26207
 26196
 26201
 26207
 26240
 26269
 26240
 41057
 55715
 55861
 55986
 56125
 56244
 56351
 56474
 56597
 56713
 56849
 56979
 57110
 57239
 57390
 57515
 57656
 57770
 57876
 58007
 58133
 58280
 58443
 58573
 69252
 79638
 79629
 79639
 79634
 79635
 79631
 79633
 79636
 79630
 79644
 79637
 79641
 79640
 79639
 79648
 79641
 79643
 79639
 79633
 79639
 79641
 79650
 79654
 79653
 79673
 79668
 79663
 79670
 79670
 79672
 79675
 79673
 79679
 79677
 79686
 79701
 79708
 79718
 79726
 79735
 79742
 79746
