Sa, 15.02.25    15:51:35
257 Judt-2
2		
47.680
0.000
0.000


 12767
 12842
 12952
 13049
 13126
 13222
 13340
 13449
 13605
 13701
 13805
 13907
 14044
 14178
 14300
 14425
 14531
 14657
 14756
 14867
 14971
 15094
 15206
 15331
 15440
 15589
 15732
 15856
 16003
 16141
 16297
 16395
 16531
 16648
 16757
 16897
 17025
 17161
 17298
 17457
 17592
 17720
 17881
 18041
 18175
 18325
 18483
 18623
 18747
 18888
 19013
 19165
 19348
 19519
 19643
 19807
 19975
 20135
 20276
 20427
 20570
 20707
 20845
 20988
 21139
 21277
 21433
 21587
 21731
 21907
 22090
 22247
 22402
 22548
 22716
 22866
 23017
 23165
 23337
 23527
 23696
 23870
 24043
 24219
 24387
 24545
 24702
 24859
 25033
 25200
 25354
 25508
 25675
 25836
 26003
 26190
 26352
 26506
 26669
 26835
 27007
 27179
 27343
 27513
 27697
 27901
 28087
 28260
 28442
 28626
 28808
 28967
 29143
 29293
 29448
 29626
 29825
 29999
 30163
 30365
 30551
 30749
 30918
 31073
 31238
 31379
 31543
 31720
 31912
 32103
 32292
 32474
 32655
 32832
 33014
 33195
 33335
 33521
 33703
 33890
 34065
 34251
 34426
 34602
 34816
 35034
 35222
 35389
 35549
 35712
 35877
 36043
 36223
 36398
 36583
 36757
 36950
 37148
 37332
 37506
 37686
 37855
 38022
 38201
 38364
 38548
 38740
 38932
 39145
 39350
 39543
 39717
 39892
 40073
 40248
 40424
 40610
 40801
 40986
 41168
 41348
 41541
 41740
 41933
 42102
 42287
 42467
 42653
 42830
 43005
 43190
 43386
 43600
 43808
 44015
 44198
 44362
 44542
 44722
 44893
 45091
 45280
 45456
 45653
 45844
 46038
 46245
 46394
 46589
 46781
 46960
 47152
 47332
 47508
 47688
 47860
 48044
 48203
 48363
 48518
 48678
 48831
 49010
 49179
 49360
 49557
 49747
 49962
 50159
 50333
 50523
 50680
 50851
 51015
 51193
 51350
 51531
 51714
 51870
 52042
 52198
 52364
 52523
 52655
 52782
 52911
 53057
 53220
 53388
 53568
 53720
 53866
 54023
 54172
 54303
 54444
 54602
 54759
 54921
 55083
 55257
 55409
 55578
 55738
 55891
 56031
 56212
 56358
 56514
 56633
 56750
 56860
 56981
 57106
 57230
 57402
 57543
 57697
 57841
 57980
 58112
 58228
 58357
 58485
 58620
 58740
 58867
 59010
 59117
 70217
 79830
 79855
 79865
 79869
 79889
 79889
 79884
 79872
 79865
 79868
 79843
 79844
 79838
 79834
 79831
 79818
 79825
 79817
 79807
 79802
 79803
 79800
 79794
 79784
 79782
 79777
 79802
 79798
 79794
 79790
 79810
 79800
 79802
 79800
 79800
 79791
 79794
