Sa, 15.02.25    15:28:38
300 Pulow-1
1		
47.680
0.000
0.000


 15600
 15636
 15650
 15677
 15694
 15720
 15738
 15754
 15780
 15800
 15817
 15833
 15859
 15880
 15908
 15913
 15940
 15963
 15978
 16014
 16038
 16063
 16080
 16123
 16141
 16174
 16193
 16228
 16247
 16278
 16308
 16332
 16352
 16381
 16413
 16433
 16462
 16497
 16527
 16549
 16577
 16611
 16645
 16673
 16714
 16733
 16754
 16779
 16815
 16847
 16874
 16905
 16959
 16994
 17020
 17055
 17099
 17128
 17166
 17201
 17232
 17262
 17329
 17373
 17445
 17488
 17523
 17568
 17601
 17644
 17689
 17744
 17824
 17875
 17953
 17999
 18054
 18101
 18156
 18207
 18255
 18326
 18375
 18444
 18535
 18624
 18672
 18753
 18842
 18915
 19008
 19105
 19183
 19264
 19334
 19398
 19491
 19567
 19654
 19734
 19823
 19925
 20008
 20110
 20207
 20283
 20371
 20446
 20538
 20644
 20739
 20838
 20929
 21051
 21150
 21262
 21382
 21499
 21624
 21748
 21852
 21953
 22046
 22164
 22275
 22378
 22497
 22609
 22745
 22852
 22962
 23094
 23201
 23323
 23445
 23564
 23684
 23802
 23922
 24049
 24157
 24290
 24391
 24518
 24649
 24787
 24951
 25113
 25263
 25394
 25523
 25646
 25777
 25903
 26016
 26155
 26267
 26388
 26511
 26661
 26833
 26989
 27143
 27299
 27436
 27579
 27706
 27838
 27975
 28135
 28269
 28398
 28526
 28650
 28823
 28996
 29159
 29324
 29482
 29618
 29757
 29905
 30052
 30197
 30339
 30482
 30627
 30789
 30980
 31134
 31286
 31425
 31579
 31733
 31878
 32020
 32190
 32331
 32475
 32631
 32786
 32943
 33119
 33314
 33483
 33645
 33806
 33955
 34111
 34262
 34420
 34565
 34725
 34905
 35087
 35258
 35437
 35593
 35747
 35908
 36059
 36222
 36374
 36515
 36695
 36862
 37035
 37209
 37391
 37579
 37769
 37922
 38094
 38250
 38404
 38572
 38734
 38912
 39078
 39239
 39411
 39606
 39779
 39946
 40119
 40291
 40464
 40637
 40813
 40966
 41124
 41306
 41469
 41675
 41864
 42050
 42223
 42381
 42549
 42716
 42878
 43054
 43233
 43402
 43569
 43749
 43943
 44119
 44292
 44458
 44629
 44793
 44965
 45137
 45327
 45505
 45700
 45896
 46072
 46260
 46425
 46601
 46776
 46945
 47120
 47283
 47444
 47602
 47759
 47919
 48094
 48274
 48440
 48600
 48750
 48904
 49035
 49194
 49339
 49505
 49653
 49814
 49986
 50168
 50345
 50529
 50722
 50907
 51091
 51244
 51392
 51542
 51695
 51891
 52073
 52233
 52397
 52519
 52650
 52773
 52912
 53077
 53234
 53383
 53558
 53719
 53869
 54005
 54165
 54316
 54473
 54628
 54780
 54945
 55092
 55251
 55401
 55553
 55720
 55869
 56032
 56162
 56269
 56369
 56487
 56608
 56726
 56853
 56988
 57111
 57252
 57385
 57521
 57651
 57763
 57870
 58001
 58110
 58224
 58329
 58446
 58554
 58678
 58820
 58949
 59091
 59228
 59371
 59515
 59659
 59822
 60008
 60131
 60194
 60269
 70492
 79720
 79716
 79697
 79700
 79699
 79680
 79697
 79682
 79674
 79682
 79673
 79664
 79670
 79660
 79652
 79649
 79658
 79643
 79635
 79650
 79658
 79658
 79660
 79665
 79647
 79652
 79654
 79647
